Prediction Made with CORNET:
a Neural Network based method trained using Correlated Mutations,
Sequence Conservation, Predicted Secondary structure of Proteins and
Evolutionary Information.
Authors Fariselli Piero, Olmea Osvaldo, Valencia Alfonso, Rita Casadio.
This method is an extension of the two following methods

Olmea O. and Valencia A. (1997) Fold. Des. 2: S25-32.

Fariselli P and Casadio R. (1999) Prot. Engng 12:15-21

#================================================================#

PREDICTION

Couple          Reliability
i       j
313     271     0.848
311     207     0.819
314     209     0.811
314     271     0.803
311     209     0.797
314     207     0.785
337     264     0.780
313     39      0.779
311     203     0.778
335     259     0.771
208     37      0.769
314     40      0.769
335     267     0.768
415     101     0.767
271     264     0.766
314     203     0.764
310     209     0.762
334     267     0.758
313     37      0.757
313     203     0.757
207     104     0.754
314     38      0.753
311     271     0.753
322     271     0.751
313     208     0.751
313     209     0.748
337     282     0.747
310     208     0.746
313     104     0.746
313     207     0.744
415     314     0.740
311     37      0.738
415     37      0.734
312     207     0.732
310     203     0.730
311     104     0.730
310     207     0.730
416     98      0.728
208     35      0.728
207     38      0.728
337     267     0.725
311     40      0.724
313     97      0.723
97      40      0.723
312     38      0.719
208     39      0.718
104     88      0.718
100     38      0.715
99      37      0.714
313     35      0.713
203     104     0.712
415     313     0.707
102     38      0.707
104     37      0.705
209     38      0.704
312     39      0.704
209     40      0.704
311     205     0.703
313     38      0.703
314     104     0.703
339     271     0.702
313     100     0.701
101     38      0.701
97      88      0.701
313     99      0.698
310     104     0.698
207     37      0.697
311     208     0.696
99      35      0.695
311     268     0.693
414     270     0.693
104     35      0.692
104     40      0.692
208     104     0.692
360     335     0.691
339     270     0.691
311     273     0.691
335     273     0.690
99      38      0.690
337     270     0.690
312     271     0.690
311     35      0.690
461     284     0.689
313     205     0.688
487     335     0.688
311     38      0.687
312     203     0.687
414     310     0.686
282     180     0.686
310     206     0.685
310     268     0.685
203     97      0.685
310     271     0.685
311     204     0.684
103     36      0.684
104     38      0.683
311     97      0.683
203     40      0.682
259     252     0.682
415     310     0.682
206     37      0.681
415     104     0.681
313     206     0.680
311     206     0.680
313     259     0.680
337     284     0.680
207     36      0.680
312     98      0.679
98      39      0.679
415     312     0.678
101     37      0.678
310     270     0.677
207     39      0.677
314     37      0.676
415     270     0.676
97      39      0.676
415     311     0.675
414     40      0.675
208     38      0.675
207     101     0.675
208     97      0.674
414     37      0.673
206     39      0.672
312     99      0.672
97      37      0.671
415     203     0.670
314     88      0.670
310     272     0.669
271     209     0.669
271     259     0.668
314     204     0.667
337     275     0.667
282     259     0.667
314     259     0.667
98      38      0.666
334     273     0.665
312     209     0.665
337     310     0.664
339     267     0.664
417     100     0.664
322     209     0.664
311     102     0.663
102     37      0.662
360     267     0.662
259     180     0.662
414     313     0.661
345     267     0.661
104     39      0.660
313     40      0.660
98      36      0.659
314     269     0.659
415     39      0.659
282     252     0.658
208     101     0.658
415     38      0.658
97      38      0.658
101     35      0.656
97      35      0.656
312     204     0.656
418     97      0.655
310     39      0.655
308     268     0.655
271     252     0.654
414     311     0.654
100     36      0.654
339     209     0.653
487     282     0.653
339     282     0.653
103     38      0.652
313     101     0.652
417     310     0.652
267     259     0.651
415     99      0.651
101     39      0.650
267     180     0.650
360     334     0.650
340     208     0.649
313     268     0.649
416     38      0.649
99      39      0.649
417     37      0.648
310     38      0.648
322     270     0.648
208     99      0.647
335     282     0.647
308     259     0.647
312     35      0.647
415     40      0.647
413     310     0.646
312     101     0.646
313     204     0.645
418     38      0.645
308     271     0.644
413     270     0.644
322     308     0.644
207     99      0.644
339     310     0.644
461     360     0.643
333     264     0.641
207     100     0.640
208     40      0.640
282     270     0.640
203     37      0.640
415     271     0.640
339     203     0.639
271     73      0.638
322     282     0.638
415     35      0.638
209     88      0.638
264     252     0.638
416     100     0.638
311     99      0.638
340     73      0.637
340     209     0.637
267     252     0.637
322     273     0.637
282     267     0.636
322     264     0.636
322     259     0.636
207     97      0.635
282     209     0.635
415     208     0.635
337     180     0.635
487     259     0.635
311     267     0.635
382     282     0.635
313     88      0.634
414     39      0.634
203     35      0.634
102     36      0.634
309     209     0.634
418     310     0.634
146     88      0.634
208     98      0.633
334     282     0.633
314     208     0.633
414     38      0.633
145     88      0.632
308     267     0.632
209     37      0.632
314     282     0.632
310     99      0.631
322     267     0.630
310     101     0.630
207     102     0.630
310     37      0.630
416     204     0.629
335     322     0.628
337     329     0.627
487     264     0.627
341     271     0.627
322     268     0.626
333     282     0.626
414     208     0.625
418     39      0.625
335     264     0.625
311     101     0.624
309     270     0.624
207     40      0.624
312     37      0.624
416     311     0.624
312     34      0.624
308     270     0.624
312     97      0.624
100     39      0.624
270     259     0.623
332     270     0.623
100     37      0.623
322     88      0.622
312     40      0.622
414     203     0.622
271     203     0.622
314     39      0.621
312     208     0.621
282     255     0.621
207     35      0.621
267     76      0.620
312     104     0.620
312     205     0.620
354     310     0.620
206     100     0.620
414     312     0.619
88      40      0.619
415     207     0.619
418     314     0.619
314     205     0.619
311     88      0.619
310     97      0.618
417     314     0.618
203     88      0.618
414     100     0.618
203     38      0.617
339     268     0.617
282     271     0.616
273     259     0.616
349     310     0.616
312     103     0.615
488     332     0.615
337     330     0.615
314     35      0.614
313     270     0.614
208     88      0.613
360     284     0.613
461     259     0.613
284     252     0.613
310     40      0.612
314     270     0.612
151     32      0.612
414     314     0.611
313     34      0.611
322     314     0.610
271     180     0.610
209     145     0.610
339     314     0.610
207     98      0.610
337     271     0.609
311     270     0.609
207     103     0.608
337     255     0.608
104     33      0.608
98      34      0.608
417     97      0.608
354     209     0.608
282     268     0.608
340     37      0.607
416     34      0.607
270     181     0.607
205     39      0.607
207     34      0.606
96      32      0.606
331     282     0.606
418     313     0.606
311     39      0.606
282     217     0.606
206     103     0.606
330     259     0.606
415     97      0.606
340     88      0.605
415     102     0.605
340     271     0.605
209     104     0.605
340     203     0.605
337     252     0.605
208     100     0.604
270     203     0.604
382     273     0.604
270     263     0.604
284     217     0.604
282     273     0.603
348     310     0.603
314     268     0.603
339     273     0.603
273     209     0.603
203     99      0.603
203     145     0.602
461     73      0.602
337     273     0.602
416     101     0.601
267     73      0.601
461     334     0.601
268     209     0.600
104     34      0.600
341     203     0.600
310     267     0.600
345     322     0.600
209     39      0.600
105     32      0.600
208     34      0.600
312     36      0.599
271     231     0.599
311     252     0.599
102     39      0.599
415     209     0.599
310     273     0.598
416     36      0.597
334     259     0.597
418     339     0.597
314     97      0.597
341     209     0.596
282     264     0.596
102     40      0.596
340     310     0.595
417     313     0.595
414     209     0.595
313     267     0.595
203     39      0.595
418     37      0.594
268     180     0.594
314     98      0.594
345     259     0.594
311     33      0.594
310     202     0.593
209     97      0.593
284     259     0.593
488     267     0.593
415     259     0.593
415     88      0.593
204     38      0.592
206     38      0.592
99      40      0.592
311     259     0.592
308     274     0.591
308     252     0.591
267     209     0.590
348     209     0.589
103     39      0.589
413     40      0.589
360     282     0.589
312     206     0.588
418     209     0.587
40      33      0.587
314     267     0.587
101     40      0.586
333     181     0.586
308     264     0.586
313     102     0.585
313     284     0.585
416     310     0.585
267     231     0.585
314     206     0.585
414     33      0.584
282     181     0.584
315     202     0.584
100     35      0.584
417     99      0.583
340     311     0.583
330     282     0.583
334     270     0.583
102     35      0.582
104     73      0.582
314     273     0.582
417     270     0.582
322     181     0.582
335     252     0.582
339     88      0.581
418     40      0.581
312     100     0.581
415     98      0.581
310     204     0.581
313     98      0.581
205     38      0.581
417     38      0.581
311     269     0.581
354     335     0.581
206     34      0.580
206     35      0.580
310     35      0.580
264     255     0.579
312     270     0.579
414     97      0.579
339     259     0.579
416     314     0.579
315     203     0.579
337     297     0.579
337     209     0.579
418     311     0.578
418     208     0.578
99      34      0.578
334     252     0.578
310     36      0.578
337     259     0.577
414     35      0.577
208     33      0.577
314     101     0.576
418     145     0.576
360     330     0.576
270     209     0.576
416     104     0.575
101     88      0.575
311     282     0.575
209     146     0.574
203     180     0.574
337     314     0.574
416     103     0.574
335     258     0.573
284     264     0.573
333     267     0.573
415     267     0.573
204     36      0.573
360     268     0.572
145     40      0.572
327     267     0.571
418     146     0.571
382     335     0.571
415     36      0.571
416     37      0.571
267     173     0.571
104     97      0.571
374     271     0.571
99      88      0.571
206     104     0.571
414     88      0.570
271     104     0.570
98      37      0.570
209     34      0.570
418     100     0.570
418     36      0.570
312     269     0.569
332     267     0.569
309     273     0.569
327     270     0.568
415     100     0.568
417     203     0.568
352     310     0.568
264     180     0.568
348     271     0.567
205     103     0.567
322     203     0.567
339     322     0.567
354     273     0.566
374     259     0.566
99      36      0.566
337     73      0.566
417     311     0.565
354     267     0.565
206     99      0.565
415     339     0.564
314     252     0.564
102     34      0.564
263     181     0.564
374     282     0.564
345     337     0.564
146     40      0.564
202     149     0.564
461     330     0.563
209     101     0.563
314     264     0.563
416     207     0.563
340     270     0.563
345     331     0.563
314     99      0.563
206     97      0.562
355     203     0.562
348     341     0.562
208     102     0.562
270     207     0.562
354     345     0.561
413     267     0.561
97      33      0.561
414     99      0.561
334     73      0.561
313     103     0.561
205     104     0.561
339     104     0.560
418     104     0.560
335     284     0.560
354     334     0.560
348     339     0.560
291     252     0.559
313     269     0.559
341     202     0.559
267     227     0.559
418     88      0.559
146     37      0.559
275     264     0.559
336     270     0.558
105     98      0.558
354     314     0.558
259     209     0.558
461     181     0.558
206     102     0.557
382     180     0.557
414     207     0.557
382     252     0.557
270     252     0.557
101     36      0.557
310     205     0.557
345     335     0.557
313     282     0.556
337     76      0.556
308     145     0.556
487     284     0.556
259     217     0.556
488     181     0.556
282     232     0.556
313     33      0.555
345     268     0.555
330     284     0.555
345     273     0.555
418     203     0.554
330     270     0.554
311     90      0.554
203     101     0.554
310     259     0.554
328     270     0.554
354     337     0.554
205     37      0.554
417     35      0.553
282     173     0.553
314     33      0.553
334     284     0.553
106     97      0.553
336     267     0.553
335     173     0.553
362     259     0.553
323     88      0.553
310     88      0.552
418     270     0.552
354     270     0.552
282     74      0.552
209     202     0.552
203     87      0.552
348     314     0.552
331     268     0.552
327     259     0.551
416     313     0.551
333     252     0.551
309     207     0.551
355     282     0.551
414     104     0.551
310     102     0.551
101     33      0.550
461     267     0.550
415     204     0.550
355     273     0.550
336     181     0.550
203     90      0.550
314     36      0.550
414     181     0.549
105     38      0.549
207     88      0.549
360     209     0.549
382     360     0.549
415     268     0.549
204     39      0.549
417     103     0.548
210     202     0.548
355     180     0.548
282     176     0.548
461     282     0.548
340     207     0.547
416     97      0.547
205     97      0.547
103     37      0.547
202     105     0.547
331     270     0.547
417     105     0.547
311     100     0.547
327     252     0.547
284     255     0.547
354     309     0.546
270     180     0.546
340     313     0.546
333     209     0.546
209     35      0.546
340     314     0.546
308     275     0.546
322     284     0.545
488     351     0.545
208     146     0.545
354     272     0.545
382     314     0.545
271     174     0.545
205     35      0.545
345     310     0.545
297     259     0.544
308     282     0.544
284     180     0.544
418     207     0.544
417     88      0.544
311     202     0.544
340     202     0.544
382     259     0.543
354     271     0.543
100     34      0.543
308     209     0.543
345     209     0.543
311     180     0.542
414     339     0.542
335     270     0.542
330     267     0.542
203     150     0.541
354     268     0.541
310     34      0.541
150     37      0.541
310     269     0.541
313     264     0.540
312     102     0.540
259     174     0.540
310     33      0.540
149     89      0.540
271     255     0.540
282     275     0.539
308     203     0.539
339     73      0.539
284     267     0.539
337     269     0.538
100     40      0.538
322     310     0.538
338     271     0.538
309     88      0.538
104     90      0.538
337     181     0.538
204     40      0.538
354     322     0.537
311     272     0.537
314     284     0.537
337     56      0.537
206     40      0.537
311     98      0.537
97      73      0.537
105     97      0.537
284     268     0.537
322     265     0.537
330     264     0.537
414     338     0.537
272     151     0.537
354     264     0.536
417     208     0.536
355     335     0.536
204     34      0.535
267     207     0.535
488     259     0.535
252     180     0.535
315     272     0.535
360     180     0.535
330     252     0.535
268     259     0.535
345     282     0.534
384     282     0.534
314     202     0.534
354     180     0.534
339     208     0.534
259     232     0.534
415     33      0.534
98      35      0.534
322     252     0.533
97      31      0.533
205     101     0.533
488     334     0.533
339     313     0.533
267     258     0.533
337     262     0.533
205     100     0.533
485     322     0.533
418     101     0.532
352     331     0.532
354     203     0.532
322     180     0.532
259     181     0.532
341     310     0.532
339     330     0.531
314     275     0.531
349     88      0.531
284     173     0.531
282     73      0.531
341     273     0.531
345     264     0.531
314     34      0.531
374     264     0.530
174     56      0.530
311     284     0.530
461     332     0.530
202     151     0.530
314     103     0.530
416     33      0.530
414     89      0.530
205     99      0.529
419     88      0.529
314     100     0.529
416     40      0.529
360     273     0.529
487     322     0.529
417     104     0.529
282     269     0.529
88      74      0.529
271     207     0.529
203     146     0.529
273     88      0.529
417     40      0.529
97      87      0.529
337     217     0.529
335     221     0.528
339     181     0.528
308     284     0.528
310     282     0.527
277     270     0.527
417     39      0.527
417     271     0.527
209     36      0.526
310     98      0.526
209     99      0.526
332     266     0.526
416     39      0.525
313     73      0.525
103     35      0.525
354     202     0.525
339     207     0.525
414     145     0.525
205     98      0.525
322     294     0.524
349     209     0.524
334     268     0.524
259     56      0.524
313     202     0.524
339     37      0.524
207     145     0.524
418     32      0.524
327     314     0.524
309     269     0.523
202     96      0.523
350     209     0.523
209     33      0.523
350     310     0.523
88      56      0.523
312     267     0.523
101     34      0.523
209     90      0.523
355     267     0.523
415     282     0.522
417     207     0.522
413     209     0.522
271     248     0.522
349     309     0.522
374     252     0.522
340     104     0.522
333     259     0.522
297     282     0.522
204     102     0.522
354     339     0.522
417     102     0.521
97      90      0.521
104     36      0.521
327     282     0.521
382     271     0.520
337     322     0.520
310     145     0.520
486     272     0.520
418     271     0.520
461     56      0.520
309     203     0.520
338     270     0.520
341     270     0.519
413     88      0.519
273     104     0.519
330     271     0.519
204     101     0.518
203     100     0.518
308     273     0.518
335     180     0.518
105     40      0.518
334     209     0.518
259     203     0.518
418     34      0.518
284     73      0.518
149     32      0.517
297     267     0.517
348     270     0.517
417     312     0.517
488     322     0.517
341     314     0.517
312     88      0.517
349     203     0.517
315     208     0.516
314     272     0.516
333     284     0.516
330     322     0.516
360     314     0.516
415     34      0.516
284     227     0.516
150     40      0.516
270     88      0.516
282     174     0.516
414     34      0.516
315     32      0.516
354     308     0.516
337     258     0.515
327     264     0.515
418     96      0.515
323     267     0.515
334     310     0.514
487     337     0.514
330     314     0.514
150     96      0.514
413     203     0.514
487     362     0.514
337     182     0.514
348     145     0.514
416     203     0.514
362     282     0.513
209     98      0.513
334     76      0.513
313     252     0.513
322     287     0.513
335     209     0.513
331     284     0.513
339     265     0.513
337     268     0.513
417     101     0.513
339     312     0.513
348     337     0.513
374     284     0.513
310     146     0.513
415     340     0.512
330     273     0.512
102     33      0.512
268     88      0.512
354     282     0.512
203     102     0.512
354     284     0.512
350     314     0.512
416     99      0.512
205     102     0.511
271     40      0.511
313     36      0.511
271     182     0.511
259     73      0.511
351     310     0.511
348     267     0.511
330     268     0.511
416     312     0.511
354     340     0.511
352     270     0.511
415     206     0.510
355     209     0.510
271     74      0.510
274     181     0.510
103     34      0.509
384     337     0.509
204     37      0.509
341     311     0.509
206     33      0.509
282     77      0.509
322     77      0.509
206     101     0.509
340     272     0.509
485     351     0.509
339     252     0.508
485     181     0.508
330     180     0.508
334     314     0.508
322     146     0.508
315     204     0.508
337     203     0.508
314     145     0.508
333     322     0.508
204     99      0.508
345     77      0.508
340     97      0.508
267     37      0.508
334     181     0.508
382     337     0.508
360     322     0.508
414     206     0.507
282     5       0.507
341     90      0.507
417     204     0.507
312     268     0.507
150     31      0.507
98      89      0.507
282     258     0.507
418     309     0.506
414     205     0.506
339     87      0.506
348     268     0.506
264     173     0.506
204     33      0.506
282     227     0.506
209     73      0.506
339     264     0.505
340     39      0.505
414     103     0.505
315     39      0.505
335     328     0.504
259     248     0.504
105     36      0.504
348     309     0.504
281     267     0.504
73      56      0.504
417     209     0.504
382     294     0.504
314     77      0.504
334     322     0.504
334     180     0.504
418     33      0.504
413     271     0.504
382     345     0.504
317     270     0.503