Prediction Made with CORNET:
a Neural Network based method trained using Correlated Mutations,
Sequence Conservation, Predicted Secondary structure of Proteins and
Evolutionary Information.
Authors Fariselli Piero, Olmea Osvaldo, Valencia Alfonso, Rita Casadio.
This method is an extension of the two following methods

Olmea O. and Valencia A. (1997) Fold. Des. 2: S25-32.

Fariselli P and Casadio R. (1999) Prot. Engng 12:15-21

#================================================================#

PREDICTION

Couple          Reliability
i       j
416     272     0.868
315     273     0.859
97      88      0.835
316     273     0.824
313     209     0.821
316     211     0.813
313     88      0.811
205     104     0.807
205     97      0.803
209     104     0.802
417     272     0.796
324     273     0.791
316     209     0.790
313     211     0.790
313     273     0.787
104     88      0.786
313     37      0.785
315     99      0.784
205     88      0.784
316     104     0.782
104     35      0.781
315     35      0.781
313     205     0.778
417     37      0.776
313     104     0.774
316     88      0.773
313     101     0.773
104     37      0.772
209     101     0.772
337     261     0.770
313     99      0.769
205     147     0.768
99      88      0.768
420     273     0.766
315     37      0.766
312     99      0.764
315     205     0.758
315     104     0.758
339     266     0.758
336     269     0.757
316     205     0.757
314     104     0.757
472     272     0.756
272     88      0.756
116     88      0.754
101     88      0.754
312     210     0.753
337     269     0.752
315     101     0.750
420     88      0.749
315     100     0.749
315     102     0.749
315     88      0.748
312     211     0.748
339     284     0.748
313     102     0.747
315     210     0.747
341     273     0.746
339     286     0.746
312     88      0.746
205     37      0.744
313     147     0.740
418     272     0.739
312     209     0.739
316     117     0.738
314     273     0.737
313     100     0.737
419     272     0.737
209     88      0.737
273     104     0.736
341     272     0.736
209     99      0.735
418     103     0.735
272     89      0.735
314     209     0.734
417     315     0.732
208     100     0.732
315     97      0.732
209     37      0.732
316     101     0.731
205     116     0.731
211     147     0.731
339     269     0.729
312     101     0.729
314     99      0.729
205     99      0.728
102     37      0.728
209     102     0.728
210     37      0.728
420     114     0.727
273     88      0.727
313     116     0.727
313     97      0.727
313     35      0.726
210     99      0.725
420     37      0.725
211     88      0.724
314     37      0.723
417     316     0.723
315     209     0.722
209     116     0.722
417     99      0.722
314     35      0.720
115     88      0.720
313     207     0.720
316     99      0.719
419     37      0.718
417     314     0.718
419     313     0.718
417     35      0.717
114     88      0.717
101     35      0.717
314     101     0.716
339     272     0.716
273     266     0.716
312     205     0.716
312     272     0.715
419     315     0.715
312     273     0.715
315     211     0.715
272     97      0.715
210     98      0.715
211     97      0.715
99      37      0.714
205     102     0.713
521     272     0.712
105     98      0.712
418     98      0.711
315     103     0.711
315     39      0.711
210     103     0.711
115     97      0.710
116     37      0.709
316     271     0.709
147     88      0.708
313     210     0.708
324     88      0.708
37      28      0.708
417     39      0.708
315     98      0.707
312     39      0.707
116     101     0.707
205     87      0.707
420     28      0.707
316     37      0.707
420     286     0.706
420     336     0.705
97      39      0.705
313     98      0.705
101     37      0.704
284     182     0.704
316     39      0.704
420     39      0.703
339     277     0.703
412     337     0.703
313     33      0.703
117     88      0.702
205     117     0.702
419     99      0.702
417     273     0.701
416     312     0.701
146     88      0.701
99      35      0.700
316     116     0.700
211     117     0.700
205     35      0.700
521     286     0.700
414     272     0.699
316     147     0.699
314     98      0.699
418     33      0.699
210     115     0.699
314     205     0.699
273     147     0.699
312     116     0.698
315     261     0.698
418     35      0.698
209     98      0.698
312     102     0.698
116     102     0.698
336     275     0.697
419     147     0.696
420     272     0.696
472     204     0.696
416     183     0.696
313     117     0.695
119     96      0.695
412     272     0.694
515     286     0.694
418     313     0.694
284     88      0.693
273     261     0.693
97      87      0.693
419     117     0.693
118     88      0.693
313     105     0.692
210     35      0.692
209     147     0.692
316     102     0.691
117     101     0.691
211     101     0.691
339     331     0.691
117     99      0.690
211     116     0.690
270     88      0.690
315     116     0.690
347     269     0.690
334     272     0.689
209     117     0.689
337     275     0.689
207     101     0.688
419     88      0.688
314     39      0.688
205     39      0.688
310     273     0.687
103     36      0.687
209     100     0.686
339     312     0.686
313     275     0.685
312     100     0.685
420     315     0.685
417     34      0.685
206     105     0.684
315     207     0.684
98      36      0.684
206     102     0.683
313     270     0.683
419     102     0.683
416     315     0.683
419     314     0.683
356     88      0.682
313     206     0.682
420     312     0.682
315     38      0.682
315     28      0.681
312     28      0.681
105     36      0.681
104     28      0.681
312     274     0.681
98      38      0.680
416     35      0.680
420     332     0.680
210     97      0.680
312     37      0.679
269     73      0.679
312     270     0.679
316     98      0.679
417     269     0.678
312     208     0.678
117     97      0.677
418     36      0.677
313     118     0.677
521     336     0.677
312     89      0.676
420     316     0.676
314     102     0.676
419     115     0.676
211     99      0.676
261     182     0.675
284     261     0.675
324     272     0.675
341     88      0.675
286     219     0.675
416     115     0.675
116     39      0.675
313     208     0.674
286     88      0.674
272     205     0.674
102     35      0.674
314     97      0.674
205     105     0.673
97      89      0.673
417     117     0.673
116     97      0.673
204     96      0.673
316     28      0.672
419     101     0.672
315     208     0.672
315     147     0.672
206     101     0.672
341     312     0.671
104     34      0.671
419     34      0.671
418     315     0.671
420     206     0.671
205     101     0.671
416     37      0.670
147     116     0.670
210     101     0.670
273     211     0.670
103     32      0.670
209     35      0.670
315     34      0.670
35      28      0.669
315     118     0.669
362     337     0.669
205     155     0.668
275     88      0.668
117     37      0.668
284     272     0.667
418     316     0.667
416     38      0.666
117     102     0.666
286     261     0.666
420     31      0.665
315     272     0.665
311     272     0.665
314     103     0.665
416     104     0.665
420     313     0.664
118     104     0.664
419     269     0.664
420     117     0.664
208     37      0.663
335     266     0.663
211     114     0.663
312     147     0.663
97      37      0.663
312     97      0.663
312     104     0.663
316     206     0.663
420     271     0.663
103     35      0.663
316     35      0.662
210     104     0.662
210     88      0.662
314     206     0.662
472     29      0.661
98      89      0.661
336     284     0.661
415     272     0.660
104     33      0.660
116     98      0.660
316     114     0.660
314     36      0.660
419     316     0.660
312     118     0.659
419     35      0.659
313     115     0.659
117     28      0.659
341     205     0.658
417     104     0.658
157     88      0.658
417     205     0.658
272     261     0.658
313     272     0.658
420     284     0.658
117     105     0.658
419     104     0.658
205     115     0.658
209     97      0.657
336     286     0.657
105     88      0.657
324     147     0.657
206     117     0.657
211     28      0.656
418     38      0.656
310     270     0.656
343     273     0.655
314     116     0.655
100     38      0.655
420     209     0.655
116     104     0.654
471     88      0.654
420     105     0.654
269     182     0.654
419     312     0.654
147     117     0.654
261     73      0.654
211     102     0.654
100     35      0.653
420     337     0.653
314     211     0.653
418     116     0.653
341     211     0.652
209     36      0.652
284     74      0.652
316     272     0.652
471     272     0.651
341     269     0.651
315     87      0.651
316     261     0.651
515     420     0.651
420     261     0.650
286     266     0.650
211     39      0.650
418     100     0.650
116     87      0.649
418     102     0.649
272     71      0.649
204     156     0.649
347     333     0.649
210     118     0.649
314     100     0.649
97      35      0.648
210     100     0.648
115     39      0.648
342     210     0.648
420     116     0.648
205     28      0.648
315     115     0.647
416     105     0.647
416     98      0.647
105     28      0.647
347     261     0.646
337     284     0.646
102     36      0.646
314     38      0.646
416     313     0.646
312     98      0.646
316     100     0.646
421     312     0.646
315     206     0.646
310     261     0.646
313     28      0.645
417     105     0.645
207     98      0.645
211     104     0.645
105     97      0.645
417     270     0.645
206     116     0.645
416     205     0.645
324     211     0.645
206     37      0.645
115     103     0.644
286     182     0.644
312     117     0.644
269     261     0.644
339     182     0.644
39      28      0.643
324     310     0.643
335     284     0.643
324     261     0.643
313     103     0.643
315     286     0.643
347     324     0.642
208     115     0.642
116     35      0.642
316     97      0.642
211     115     0.642
207     99      0.642
274     156     0.642
117     98      0.642
420     211     0.642
347     88      0.642
207     104     0.642
313     38      0.642
362     286     0.642
417     206     0.641
521     261     0.641
310     272     0.641
420     35      0.641
419     205     0.641
314     34      0.641
313     89      0.641
515     341     0.641
273     205     0.641
284     273     0.641
313     34      0.641
210     102     0.640
376     273     0.640
118     97      0.640
146     116     0.640
272     118     0.639
147     118     0.639
471     28      0.639
416     88      0.639
88      28      0.639
100     37      0.639
209     38      0.639
115     98      0.639
417     102     0.638
419     336     0.638
147     28      0.638
210     34      0.638
333     284     0.638
341     37      0.638
517     272     0.638
421     272     0.637
207     102     0.637
416     89      0.637
204     154     0.637
472     119     0.637
314     117     0.637
314     88      0.637
517     414     0.637
114     97      0.637
272     183     0.636
98      35      0.636
419     209     0.636
419     28      0.636
419     33      0.636
420     362     0.636
341     284     0.636
416     36      0.636
99      39      0.636
314     272     0.635
207     100     0.635
211     37      0.635
316     103     0.635
269     147     0.634
272     265     0.634
324     284     0.634
420     341     0.634
205     114     0.634
336     272     0.633
419     210     0.633
286     277     0.633
315     36      0.633
272     37      0.633
416     314     0.633
420     97      0.632
97      28      0.632
310     269     0.632
420     146     0.632
286     273     0.631
205     157     0.631
104     39      0.631
284     211     0.631
286     254     0.631
310     97      0.630
156     32      0.630
206     99      0.630
270     211     0.630
205     98      0.630
102     28      0.630
208     99      0.630
419     273     0.629
100     36      0.629
205     100     0.629
104     36      0.629
274     96      0.629
103     33      0.629
209     103     0.629
273     116     0.629
205     89      0.628
420     99      0.628
316     115     0.628
116     105     0.628
417     211     0.628
155     88      0.628
416     316     0.628
98      33      0.627
315     270     0.627
119     105     0.627
418     207     0.627
286     270     0.627
316     284     0.627
272     209     0.627
115     89      0.627
417     88      0.627
420     339     0.626
206     88      0.626
99      34      0.626
471     420     0.626
106     97      0.626
210     39      0.625
117     100     0.625
341     270     0.625
115     101     0.625
310     88      0.625
286     74      0.625
313     269     0.625
102     39      0.625
210     38      0.625
208     98      0.625
316     210     0.625
337     266     0.625
384     284     0.625
314     28      0.625
119     88      0.624
205     146     0.624
117     39      0.624
521     333     0.624
105     37      0.624
208     104     0.624
416     34      0.624
417     97      0.624
284     219     0.624
210     117     0.623
341     117     0.623
472     274     0.623
209     39      0.623
317     97      0.623
272     116     0.623
420     101     0.622
341     316     0.622
211     118     0.622
521     362     0.622
210     147     0.622
284     275     0.622
316     207     0.622
324     275     0.622
275     147     0.622
517     30      0.622
517     311     0.622
337     286     0.622
418     115     0.622
286     229     0.622
114     91      0.622
147     115     0.621
522     272     0.621
313     261     0.621
88      39      0.621
101     38      0.621
102     88      0.621
103     38      0.621
419     97      0.621
207     103     0.621
205     91      0.621
362     336     0.621
208     32      0.621
208     102     0.620
101     36      0.620
336     261     0.620
356     336     0.620
314     207     0.620
115     104     0.620
523     265     0.620
419     337     0.620
419     36      0.620
418     312     0.620
351     312     0.620
284     266     0.620
316     38      0.619
332     261     0.619
207     115     0.619
286     269     0.619
523     71      0.619
333     272     0.619
284     257     0.618
314     210     0.618
102     38      0.618
206     97      0.618
209     34      0.618
337     324     0.618
472     210     0.618
273     73      0.618
116     99      0.618
339     257     0.618
205     38      0.618
117     87      0.617
206     36      0.617
105     34      0.617
339     88      0.617
147     99      0.617
207     116     0.616
421     97      0.616
114     87      0.616
284     269     0.616
116     33      0.616
154     119     0.616
473     205     0.616
339     273     0.616
332     284     0.616
310     147     0.616
315     117     0.615
417     28      0.615
311     211     0.615
105     87      0.615
147     87      0.615
332     286     0.615
316     87      0.615
313     271     0.614
521     284     0.614
417     116     0.614
316     270     0.614
211     146     0.613
347     339     0.613
324     269     0.613
420     205     0.613
314     271     0.613
418     101     0.613
273     182     0.613
342     273     0.613
104     97      0.612
417     147     0.612
204     97      0.612
101     33      0.611
341     104     0.611
419     87      0.611
471     273     0.611
324     266     0.611
88      74      0.611
115     99      0.611
342     211     0.611
324     270     0.610
335     286     0.610
419     211     0.610
261     74      0.610
39      31      0.610
471     205     0.610
420     34      0.610
342     88      0.609
332     88      0.609
332     273     0.609
420     270     0.609
208     39      0.609
343     205     0.609
473     28      0.609
312     119     0.609
523     272     0.609
312     87      0.609
339     73      0.608
335     183     0.608
116     100     0.608
418     37      0.608
275     261     0.608
362     269     0.608
350     88      0.608
419     284     0.607
333     286     0.607
116     38      0.607
312     105     0.607
114     99      0.607
472     32      0.607
104     31      0.607
312     115     0.607
317     115     0.607
521     269     0.606
104     38      0.606
117     104     0.606
515     336     0.605
419     324     0.605
350     312     0.605
315     31      0.605
38      28      0.605
118     99      0.605
341     39      0.605
209     28      0.604
205     106     0.604
115     105     0.604
356     312     0.604
286     73      0.604
210     28      0.604
206     39      0.604
208     117     0.604
418     32      0.603
261     254     0.603
471     271     0.603
115     96      0.602
350     211     0.602
205     34      0.602
104     87      0.602
347     147     0.602
312     35      0.602
347     270     0.602
472     90      0.602
341     275     0.602
207     117     0.602
471     312     0.601
420     333     0.601
419     116     0.601
101     34      0.601
417     101     0.601
324     97      0.601
414     183     0.601
270     182     0.601
313     90      0.600
316     286     0.600
208     101     0.600
310     286     0.600
105     39      0.600
154     90      0.600
272     96      0.599
415     312     0.599
316     146     0.599
416     100     0.599
417     38      0.599
343     211     0.599
420     269     0.599
310     266     0.599
211     98      0.599
272     106     0.599
417     209     0.599
157     116     0.598
210     116     0.598
286     175     0.598
105     35      0.598
416     210     0.598
311     147     0.598
341     89      0.598
211     87      0.598
146     28      0.597
316     31      0.597
209     87      0.597
269     87      0.597
522     175     0.597
332     272     0.597
208     88      0.597
210     89      0.597
324     286     0.596
516     147     0.596
356     286     0.596
204     146     0.596
116     103     0.596
286     272     0.596
97      31      0.596
339     275     0.595
521     88      0.595
204     147     0.595
421     115     0.595
324     118     0.595
316     36      0.595
205     156     0.595
209     33      0.595
471     211     0.595
270     147     0.595
315     33      0.595
209     105     0.595
339     332     0.595
313     286     0.595
341     87      0.594
315     89      0.594
473     272     0.594
312     38      0.594
146     87      0.594
157     147     0.594
313     39      0.594
312     36      0.594
341     116     0.594
313     30      0.594
284     270     0.594
272     156     0.594
147     37      0.593
386     284     0.593
335     88      0.593
275     211     0.593
334     269     0.593
347     275     0.593
415     39      0.593
272     211     0.593
339     211     0.592
316     33      0.592
114     101     0.592
205     36      0.592
354     96      0.592
356     87      0.592
269     37      0.592
312     206     0.591
286     257     0.591
336     88      0.590
211     105     0.590
421     117     0.590
117     89      0.590
317     204     0.590
286     275     0.590
312     204     0.590
272     39      0.590
515     147     0.589
116     28      0.589
207     37      0.589
339     72      0.589
114     28      0.589
209     118     0.589
206     114     0.589
310     276     0.589
269     88      0.589
114     104     0.589
417     333     0.589
354     154     0.588
356     337     0.588
347     312     0.588
518     334     0.588
312     269     0.588
206     104     0.588
316     118     0.588
336     37      0.588
342     118     0.587
315     146     0.587
205     118     0.587
103     37      0.587
522     284     0.587
211     35      0.587
269     229     0.587
211     155     0.587
473     273     0.587
420     118     0.587
279     272     0.587
284     183     0.586
98      37      0.586
316     89      0.586
332     266     0.586
333     273     0.586
314     208     0.586
272     87      0.586
341     101     0.586
284     277     0.586
419     341     0.586
347     211     0.586
416     336     0.586
412     347     0.586
102     33      0.586
284     254     0.586
115     102     0.585
313     274     0.585
261     88      0.585
273     74      0.585
356     272     0.585
421     88      0.585
472     30      0.585
472     418     0.585
116     27      0.585
273     97      0.585
311     89      0.585
205     103     0.584
357     205     0.584
356     269     0.584
342     272     0.584
211     91      0.584
418     28      0.584
420     87      0.584
269     233     0.584
521     324     0.584
206     103     0.584
272     98      0.583
356     211     0.583
206     35      0.583
316     208     0.583
205     182     0.583
337     88      0.583
105     32      0.583
211     100     0.583
339     171     0.583
419     27      0.583
339     271     0.583
313     36      0.583
343     88      0.582
420     32      0.582
324     183     0.582
416     28      0.582
471     336     0.582
205     90      0.582
335     269     0.582
347     284     0.582
146     117     0.582
420     314     0.581
341     261     0.581
517     334     0.581
313     32      0.581
417     312     0.581
335     211     0.581
347     332     0.581
418     209     0.581
339     261     0.580
207     97      0.580
146     114     0.580
272     154     0.579
117     27      0.579
312     275     0.579
419     31      0.579
156     119     0.579
114     98      0.579
102     34      0.579
312     271     0.579
117     34      0.579
106     89      0.579
99      36      0.579
99      87      0.578
272     182     0.578
420     27      0.578
310     157     0.578
333     270     0.578
421     206     0.578
312     32      0.578
336     73      0.578
472     354     0.578
286     77      0.577
269     211     0.577
340     273     0.577
113     88      0.577
518     272     0.577
342     205     0.577
329     272     0.577
515     155     0.577
36      28      0.577
211     119     0.577
356     347     0.577
315     105     0.577
417     36      0.576
209     115     0.576
96      32      0.576
272     115     0.576
209     146     0.576
312     90      0.576
315     114     0.575
207     89      0.575
342     312     0.575
207     35      0.575
329     269     0.575
204     116     0.575
155     31      0.575
272     104     0.575
338     272     0.575
101     87      0.575
336     211     0.575
211     38      0.574
352     147     0.574
315     271     0.574
315     269     0.574
313     284     0.574
100     34      0.574
324     116     0.574
347     337     0.574
147     97      0.574
324     316     0.574
284     73      0.574
39      32      0.574
206     115     0.574
155     114     0.574
207     38      0.573
416     30      0.573
273     233     0.573
117     35      0.573
324     157     0.573
472     115     0.573
315     284     0.573
341     332     0.573
146     39      0.573
273     209     0.573
317     274     0.573
266     182     0.572
272     147     0.572
147     104     0.572
273     146     0.572
416     341     0.572
104     89      0.572
147     39      0.572
343     204     0.572
416     33      0.572
329     286     0.572
156     98      0.572
338     71      0.571
118     98      0.571
206     28      0.571
420     147     0.571
416     103     0.571
518     354     0.571
212     119     0.571
101     39      0.570
356     119     0.570
261     250     0.570
39      27      0.570
156     115     0.570
106     88      0.570
343     91      0.570