Prediction Made with CORNET:
a Neural Network based method trained using Correlated Mutations,
Sequence Conservation, Predicted Secondary structure of Proteins and
Evolutionary Information.
Authors Fariselli Piero, Olmea Osvaldo, Valencia Alfonso, Rita Casadio.
This method is an extension of the two following methods

Olmea O. and Valencia A. (1997) Fold. Des. 2: S25-32.

Fariselli P and Casadio R. (1999) Prot. Engng 12:15-21

#================================================================#

PREDICTION

Couple          Reliability
i       j
536     272     0.877
314     272     0.868
536     5       0.862
536     210     0.861
536     335     0.846
536     88      0.846
315     88      0.835
536     35      0.833
315     272     0.832
314     35      0.830
315     210     0.823
312     37      0.818
104     35      0.817
204     104     0.815
314     99      0.815
537     272     0.813
314     102     0.813
312     208     0.812
314     37      0.812
314     39      0.812
312     35      0.811
104     88      0.810
315     39      0.807
208     104     0.807
314     88      0.806
536     285     0.805
312     88      0.804
536     37      0.804
104     37      0.804
99      88      0.804
314     104     0.800
315     208     0.798
312     104     0.797
315     37      0.796
204     35      0.793
88      39      0.792
323     272     0.792
315     104     0.791
536     314     0.790
312     210     0.789
536     38      0.789
536     361     0.787
536     315     0.786
204     88      0.786
536     175     0.785
536     90      0.784
536     204     0.783
536     260     0.783
315     35      0.783
312     272     0.783
101     37      0.783
313     39      0.782
103     36      0.781
537     88      0.780
535     273     0.780
536     206     0.779
537     271     0.779
313     104     0.779
204     39      0.777
209     35      0.777
534     314     0.776
313     35      0.776
311     99      0.776
311     39      0.775
312     204     0.773
536     313     0.773
314     204     0.771
208     37      0.771
314     38      0.771
336     260     0.771
535     89      0.770
314     209     0.769
99      35      0.768
312     99      0.768
204     102     0.767
315     99      0.767
312     33      0.766
536     283     0.766
536     208     0.766
535     101     0.766
534     272     0.765
536     311     0.764
204     37      0.764
209     37      0.764
313     37      0.763
208     35      0.763
99      39      0.760
315     204     0.759
101     35      0.759
537     336     0.759
537     99      0.759
104     34      0.758
537     283     0.758
311     209     0.757
536     114     0.757
313     272     0.757
335     268     0.757
311     88      0.756
312     91      0.755
313     38      0.753
311     210     0.753
103     32      0.753
534     206     0.752
336     268     0.751
210     91      0.751
535     271     0.751
210     88      0.750
105     36      0.750
204     91      0.748
208     101     0.748
539     271     0.748
209     99      0.746
208     38      0.746
210     39      0.746
100     36      0.745
314     34      0.745
312     38      0.745
311     37      0.744
338     265     0.743
208     36      0.743
313     208     0.743
534     88      0.743
314     210     0.743
311     89      0.743
540     336     0.742
311     35      0.742
537     37      0.741
536     39      0.741
314     90      0.740
311     208     0.740
204     99      0.740
103     35      0.739
312     105     0.738
338     283     0.738
99      37      0.738
312     90      0.737
104     33      0.736
314     208     0.735
204     38      0.733
537     268     0.733
209     88      0.731
314     260     0.730
315     91      0.729
102     37      0.727
313     34      0.727
204     90      0.726
208     102     0.724
340     271     0.724
208     88      0.724
537     315     0.724
210     99      0.723
340     272     0.723
537     342     0.723
535     32      0.723
99      91      0.723
536     312     0.723
537     210     0.722
311     91      0.722
311     271     0.722
208     39      0.722
313     36      0.722
104     39      0.721
315     38      0.721
315     270     0.721
540     271     0.721
540     309     0.720
91      37      0.720
104     38      0.720
540     283     0.719
90      39      0.718
312     39      0.718
537     5       0.718
312     34      0.718
313     99      0.718
271     39      0.718
311     38      0.717
101     88      0.717
272     88      0.717
91      39      0.717
312     101     0.716
103     38      0.716
104     31      0.716
338     268     0.716
88      35      0.715
89      38      0.715
311     272     0.715
314     101     0.714
209     34      0.712
209     104     0.712
209     39      0.712
533     103     0.712
361     336     0.711
533     34      0.711
89      39      0.710
311     204     0.709
314     89      0.709
313     204     0.708
208     99      0.708
103     89      0.707
538     311     0.707
98      89      0.707
207     37      0.707
204     97      0.706
208     34      0.705
210     37      0.705
204     34      0.705
103     37      0.705
312     32      0.704
314     114     0.704
315     31      0.704
537     285     0.704
105     88      0.703
534     271     0.703
100     38      0.703
537     335     0.703
536     103     0.703
535     310     0.703
88      31      0.703
312     102     0.703
536     31      0.702
39      31      0.702
210     35      0.702
338     271     0.702
335     274     0.701
532     88      0.701
102     35      0.701
272     265     0.701
312     206     0.701
268     73      0.700
204     105     0.700
314     91      0.700
313     91      0.699
100     89      0.699
209     89      0.699
527     271     0.698
272     104     0.697
312     209     0.697
533     98      0.697
210     114     0.697
105     37      0.697
311     104     0.696
102     39      0.696
315     89      0.696
99      90      0.696
105     38      0.696
338     311     0.696
536     102     0.695
314     103     0.695
271     91      0.695
205     36      0.694
532     315     0.694
537     35      0.694
535     207     0.694
209     38      0.694
536     309     0.693
105     35      0.693
537     39      0.693
314     36      0.692
338     276     0.692
314     271     0.692
311     101     0.692
207     39      0.691
271     92      0.691
336     274     0.691
283     182     0.691
534     204     0.691
314     206     0.691
90      38      0.690
534     313     0.690
91      35      0.690
205     39      0.690
346     268     0.689
538     91      0.689
534     37      0.689
315     90      0.689
534     315     0.689
104     36      0.689
315     36      0.689
315     114     0.689
210     38      0.689
536     268     0.689
532     271     0.689
333     271     0.688
311     32      0.688
101     34      0.688
309     272     0.688
338     285     0.688
532     204     0.688
271     37      0.688
533     314     0.688
208     33      0.688
539     113     0.687
104     91      0.686
103     88      0.686
272     260     0.686
527     337     0.686
209     102     0.686
537     31      0.685
311     36      0.685
268     37      0.685
537     311     0.685
314     31      0.685
283     74      0.685
536     508     0.685
532     272     0.684
533     39      0.684
533     312     0.684
537     314     0.683
433     271     0.683
537     270     0.683
315     33      0.682
312     36      0.682
311     273     0.682
340     39      0.681
205     37      0.681
527     183     0.681
312     269     0.681
106     33      0.681
535     314     0.680
312     274     0.680
315     102     0.680
537     206     0.680
105     89      0.679
314     207     0.679
533     311     0.679
260     182     0.679
207     100     0.679
311     207     0.679
314     100     0.679
313     210     0.678
540     265     0.678
535     99      0.678
311     269     0.678
206     35      0.678
105     32      0.678
340     37      0.677
271     106     0.677
204     114     0.677
98      32      0.676
90      37      0.676
206     104     0.676
536     104     0.676
89      37      0.675
315     271     0.675
106     90      0.675
313     100     0.674
104     90      0.674
340     311     0.674
100     34      0.674
340     315     0.674
538     208     0.674
313     205     0.673
323     271     0.673
103     33      0.673
313     102     0.671
106     98      0.671
536     295     0.671
315     101     0.671
88      37      0.671
114     88      0.671
534     99      0.671
534     90      0.670
90      35      0.670
540     5       0.669
210     104     0.669
323     5       0.669
540     346     0.669
313     101     0.669
208     91      0.669
536     298     0.669
312     89      0.668
204     89      0.668
268     182     0.668
206     99      0.668
312     205     0.667
313     88      0.667
432     315     0.667
539     273     0.667
204     36      0.667
106     91      0.667
272     210     0.667
537     38      0.667
361     335     0.667
533     207     0.667
311     33      0.666
99      34      0.666
315     260     0.666
534     210     0.666
338     330     0.666
283     260     0.666
105     39      0.666
104     89      0.665
210     31      0.665
101     39      0.665
335     37      0.665
206     101     0.665
97      88      0.665
528     353     0.665
311     90      0.664
105     91      0.664
271     71      0.664
314     33      0.663
312     100     0.663
540     272     0.663
105     33      0.663
536     341     0.663
538     88      0.663
206     39      0.663
106     88      0.662
316     32      0.662
113     88      0.662
207     32      0.662
537     105     0.662
99      33      0.662
534     35      0.662
101     38      0.662
537     91      0.661
315     205     0.661
433     311     0.661
260     74      0.661
209     103     0.661
533     315     0.660
534     311     0.660
103     34      0.660
205     101     0.660
309     269     0.659
433     88      0.659
335     79      0.659
268     79      0.659
537     361     0.659
100     35      0.659
312     207     0.658
283     271     0.658
103     90      0.658
311     102     0.658
536     259     0.658
340     91      0.658
537     209     0.658
341     209     0.658
537     204     0.658
335     283     0.657
272     73      0.657
310     271     0.656
538     271     0.656
312     31      0.656
315     74      0.656
271     260     0.655
361     268     0.655
535     36      0.655
88      38      0.655
532     37      0.655
271     204     0.655
314     205     0.655
313     271     0.655
309     260     0.655
271     35      0.654
334     265     0.654
342     272     0.654
208     105     0.654
39      32      0.653
536     209     0.653
207     99      0.653
101     36      0.653
540     285     0.653
311     105     0.652
271     88      0.652
205     34      0.652
314     269     0.652
106     38      0.652
538     272     0.652
432     340     0.652
323     309     0.652
315     105     0.652
312     271     0.651
272     39      0.651
204     40      0.651
260     73      0.651
532     341     0.651
102     34      0.650
536     91      0.650
207     35      0.650
205     105     0.650
205     91      0.650
205     102     0.649
89      34      0.649
205     35      0.649
346     260     0.649
313     89      0.649
340     88      0.649
537     433     0.649
538     314     0.648
433     37      0.648
533     271     0.648
323     210     0.648
313     105     0.648
313     103     0.647
209     101     0.647
342     91      0.647
315     34      0.647
206     37      0.647
534     39      0.647
106     89      0.647
336     283     0.647
98      38      0.646
350     311     0.646
536     40      0.646
346     323     0.646
532     31      0.646
309     271     0.646
431     271     0.645
341     90      0.645
210     32      0.645
537     312     0.645
272     37      0.645
207     34      0.645
346     332     0.644
532     312     0.644
204     101     0.644
535     113     0.643
315     283     0.643
536     73      0.643
432     311     0.643
535     315     0.642
334     283     0.642
534     91      0.642
338     73      0.642
341     272     0.642
210     105     0.642
532     35      0.642
533     101     0.642
269     88      0.642
210     33      0.642
323     88      0.641
209     33      0.641
538     71      0.641
98      39      0.641
361     285     0.641
210     101     0.640
540     114     0.640
210     36      0.640
323     260     0.640
315     40      0.640
340     210     0.640
533     313     0.640
105     34      0.640
89      35      0.639
538     100     0.639
260     5       0.639
313     209     0.639
340     204     0.639
537     102     0.639
314     105     0.639
268     260     0.639
73      35      0.639
89      36      0.639
338     182     0.638
534     335     0.638
323     283     0.638
100     37      0.638
539     32      0.638
433     315     0.638
283     35      0.637
311     100     0.637
538     89      0.637
205     104     0.637
537     274     0.637
207     88      0.637
340     268     0.636
210     90      0.636
88      40      0.636
114     39      0.636
534     336     0.636
383     283     0.636
260     79      0.636
313     90      0.636
91      38      0.635
99      89      0.635
283     272     0.635
309     268     0.635
538     312     0.635
540     88      0.635
538     340     0.635
335     271     0.634
315     209     0.634
311     34      0.634
433     39      0.634
536     271     0.634
539     207     0.634
206     102     0.634
536     337     0.634
206     38      0.634
532     270     0.634
206     36      0.633
537     104     0.633
314     98      0.633
315     206     0.633
269     210     0.633
536     36      0.633
271     264     0.633
204     106     0.632
533     89      0.632
206     88      0.632
313     206     0.632
535     39      0.632
271     89      0.632
536     100     0.631
203     98      0.631
314     32      0.631
88      36      0.631
315     269     0.631
534     270     0.631
315     32      0.631
375     272     0.631
540     323     0.630
341     210     0.630
534     209     0.630
536     58      0.630
313     270     0.630
206     100     0.630
323     315     0.630
537     115     0.630
97      31      0.630
208     100     0.630
538     313     0.630
313     114     0.629
332     283     0.629
538     36      0.629
533     91      0.629
312     114     0.629
101     33      0.628
103     39      0.628
539     310     0.628
205     99      0.628
536     222     0.628
335     73      0.628
99      31      0.628
210     113     0.628
532     39      0.628
312     98      0.627
106     39      0.627
314     285     0.627
538     206     0.627
272     74      0.627
209     114     0.627
209     91      0.626
341     37      0.626
99      38      0.626
271     208     0.626
260     37      0.625
272     204     0.625
100     39      0.624
102     36      0.624
204     87      0.624
537     338     0.624
206     33      0.624
283     210     0.624
208     90      0.624
349     311     0.623
537     260     0.623
312     40      0.623
355     335     0.623
206     89      0.623
283     218     0.622
349     315     0.622
271     98      0.622
88      28      0.622
532     90      0.622
540     183     0.622
355     311     0.621
311     114     0.621
312     268     0.621
204     113     0.621
431     315     0.621
91      31      0.621
313     106     0.621
205     38      0.620
537     383     0.620
285     35      0.620
539     203     0.620
209     98      0.620
338     37      0.619
536     33      0.619
114     91      0.619
532     311     0.619
203     106     0.619
431     272     0.619
336     265     0.619
271     30      0.619
207     102     0.618
538     339     0.618
91      34      0.618
336     323     0.618
539     264     0.618
533     273     0.618
534     5       0.618
536     98      0.618
207     105     0.617
116     39      0.617
432     314     0.617
532     313     0.617
538     113     0.617
272     182     0.617
323     265     0.616
323     274     0.616
340     283     0.616
341     312     0.616
532     91      0.616
274     260     0.616
207     33      0.616
428     271     0.616
323     268     0.615
285     218     0.615
314     268     0.615
341     88      0.615
428     283     0.615
432     208     0.615
107     90      0.615
527     71      0.615
538     352     0.615
115     39      0.615
93      29      0.614
341     271     0.614
341     32      0.614
205     33      0.614
204     31      0.614
341     311     0.614
269     182     0.614
533     36      0.614
205     89      0.614
283     5       0.614
272     114     0.614
90      40      0.614
98      33      0.614
335     260     0.614
311     98      0.614
532     114     0.613
323     269     0.613
209     31      0.613
532     208     0.613
312     260     0.612
210     34      0.612
283     256     0.612
349     210     0.612
98      36      0.612
272     35      0.612
536     228     0.611
207     104     0.611
285     74      0.611
532     209     0.611
338     256     0.610
205     88      0.610
313     33      0.610
106     31      0.610
310     210     0.610
340     269     0.610
314     283     0.610
535     37      0.610
88      34      0.610
283     274     0.610
272     5       0.609
98      34      0.609
206     90      0.609
332     271     0.609
434     208     0.609
283     268     0.609
361     283     0.609
534     208     0.609
338     79      0.609
538     38      0.608
338     72      0.608
100     33      0.608
207     90      0.608
88      74      0.608
433     312     0.608
534     104     0.608
105     98      0.607
532     314     0.607
208     32      0.607
283     265     0.607
113     90      0.606
102     88      0.606
98      91      0.606
346     269     0.606
99      36      0.606
312     270     0.606
346     311     0.606
534     269     0.605
97      39      0.605
268     39      0.605
210     40      0.605
106     37      0.605
533     205     0.605
209     90      0.604
416     268     0.604
535     98      0.604
98      88      0.604
204     32      0.604
311     113     0.604
105     90      0.604
537     90      0.603
540     11      0.603
432     210     0.603
115     88      0.603
208     89      0.603
271     104     0.603
209     105     0.602
538     33      0.602
346     338     0.602
313     207     0.602
90      34      0.602
342     210     0.602
116     31      0.602
338     74      0.602
537     323     0.602
536     336     0.602
428     268     0.602
274     210     0.601
338     272     0.601
538     35      0.601
314     106     0.601
536     115     0.601
98      37      0.601
209     100     0.600
340     104     0.600
342     204     0.600
316     98      0.600
431     341     0.600
540     268     0.600
532     99      0.600
538     90      0.600
210     102     0.600
114     99      0.600
88      33      0.599
92      39      0.599
210     98      0.599
528     271     0.599
100     91      0.599
204     182     0.599
271     183     0.598
272     102     0.598
260     253     0.598
205     98      0.598
536     11      0.598
537     313     0.597
271     210     0.597
285     228     0.597
540     91      0.597
113     98      0.597
532     118     0.597
537     341     0.597
283     73      0.597
272     91      0.597
260     35      0.596
315     5       0.596
341     314     0.596
540     92      0.596
313     98      0.596
419     283     0.595
203     92      0.595
361     269     0.595
533     113     0.595
314     270     0.595
315     207     0.595
341     39      0.595
356     182     0.595
538     278     0.595
283     79      0.595
311     268     0.594
534     31      0.594
73      37      0.594
89      33      0.594
532     210     0.593
335     285     0.593
102     38      0.593
115     91      0.593
204     92      0.593
116     33      0.593
349     88      0.593
340     40      0.593
97      90      0.592
311     203     0.592
91      36      0.592
315     98      0.592
316     203     0.591
346     274     0.591
210     89      0.591
105     28      0.591
309     265     0.590
271     28      0.590
268     228     0.590
204     107     0.590
355     271     0.590
312     103     0.590
540     312     0.590
271     182     0.590
205     114     0.589
104     32      0.589
538     31      0.589
355     268     0.589
333     268     0.589
355     336     0.589
311     40      0.589
204     33      0.589
206     32      0.589
538     264     0.588
278     271     0.588
432     272     0.588
90      33      0.588
208     98      0.588
534     38      0.588
116     88      0.587
311     28      0.587
283     269     0.587
353     311     0.587
315     100     0.586
206     91      0.586
539     333     0.586
527     264     0.586
88      79      0.586
361     37      0.586
432     38      0.586
315     268     0.585
315     77      0.585
536     302     0.585
536     463     0.585
356     204     0.585
340     274     0.585
538     205     0.584
98      90      0.584
338     5       0.584
355     88      0.584
206     106     0.584
106     36      0.584
342     114     0.584
89      32      0.584
106     35      0.583
309     275     0.583
210     97      0.583
355     210     0.583
346     210     0.583
207     101     0.583
283     88      0.582
311     205     0.582
315     274     0.582
311     106     0.582
107     91      0.582
338     210     0.582
334     268     0.582
539     319     0.581
114     104     0.581
349     332     0.581
116     90      0.581
532     34      0.581
434     31      0.581
210     106     0.581
311     274     0.581
341     91      0.581
346     283     0.581
538     432     0.581
208     103     0.581
340     89      0.581
311     270     0.581
533     37      0.580
312     182     0.580
268     210     0.580
341     204     0.580
285     260     0.580
537     309     0.580
334     210     0.579
540     355     0.579
314     92      0.579
283     228     0.579
98      35      0.579
316     89      0.578
272     99      0.578
40      33      0.578
433     335     0.578
260     88      0.578
432     37      0.578
536     333     0.578
537     118     0.577
531     32      0.577
532     105     0.577
210     92      0.577
314     87      0.577
312     273     0.577
533     209     0.577
283     37      0.577
208     114     0.577
534     433     0.577
271     34      0.577
537     208     0.577
283     276     0.577
98      30      0.577
208     106     0.576
106     32      0.576
540     278     0.576
316     273     0.576
204     100     0.576
338     274     0.576
532     206     0.576
205     87      0.576
534     33      0.576
99      77      0.576
349     272     0.576
538     183     0.576
532     342     0.575
338     88      0.575
106     34      0.575
340     314     0.575
337     271     0.575
269     79      0.575
533     90      0.575
335     311     0.575
271     74      0.575
113     89      0.575
528     407     0.575
534     341     0.574
268     91      0.574
537     273     0.574
538     101     0.574
207     98      0.574
265     74      0.574
527     173     0.574
355     274     0.574
346     336     0.574
114     38      0.574
106     99      0.574
106     29      0.574
260     77      0.573
268     104     0.573
432     341     0.573
434     88      0.573
540     253     0.573
355     346     0.573
341     315     0.573
315     106     0.573
346     335     0.572
533     38      0.572
539     119     0.572
204     152     0.572
272     77      0.572
383     336     0.572
332     269     0.571
311     206     0.571
312     283     0.571
206     98      0.571
113     106     0.571
209     36      0.571
537     40      0.570
534     312     0.570
540     90      0.570
206     34      0.570
537     434     0.570
537     33      0.570
533     208     0.570
540     338     0.570
314     97      0.570
113     87      0.570
87      39      0.570
271     38      0.570
536     432     0.570
107     32      0.570
383     274     0.569
538     341     0.569
540     341     0.569
433     208     0.569
331     260     0.569
535     34      0.569
538     37      0.569
92      30      0.569
207     89      0.569
335     88      0.569
335     210     0.568
342     203     0.568
337     71      0.568
361     210     0.568
312     30      0.568
315     28      0.568
313     32      0.568
361     74      0.568
332     272     0.568
265     253     0.568
336     259     0.568