Prediction Made with CORNET:
a Neural Network based method trained using Correlated Mutations,
Sequence Conservation, Predicted Secondary structure of Proteins and
Evolutionary Information.
Authors Fariselli Piero, Olmea Osvaldo, Valencia Alfonso, Rita Casadio.
This method is an extension of the two following methods

Olmea O. and Valencia A. (1997) Fold. Des. 2: S25-32.

Fariselli P and Casadio R. (1999) Prot. Engng 12:15-21

#================================================================#

PREDICTION

Couple          Reliability
i       j
334     326     0.951
259     162     0.934
324     259     0.926
334     160     0.925
334     162     0.922
325     259     0.921
334     227     0.920
334     258     0.920
324     230     0.919
313     259     0.918
334     325     0.916
334     52      0.916
329     162     0.916
334     259     0.916
334     304     0.909
369     259     0.909
364     162     0.907
230     52      0.906
325     224     0.905
329     313     0.905
325     90      0.905
326     259     0.904
259     52      0.903
313     162     0.903
324     90      0.902
334     65      0.902
230     162     0.902
332     162     0.901
325     313     0.899
325     52      0.898
304     52      0.898
301     227     0.897
230     53      0.897
160     52      0.896
324     160     0.896
312     259     0.896
230     114     0.895
324     162     0.894
304     225     0.893
315     259     0.893
326     114     0.891
315     162     0.889
334     312     0.889
324     52      0.888
258     160     0.888
332     313     0.887
325     223     0.887
162     18      0.887
324     313     0.887
304     259     0.886
334     273     0.886
332     180     0.886
310     162     0.883
259     160     0.883
259     65      0.883
313     52      0.883
325     230     0.882
114     52      0.880
334     223     0.878
224     114     0.877
324     114     0.877
304     127     0.877
334     324     0.877
324     278     0.876
325     160     0.876
304     221     0.876
258     52      0.876
326     230     0.875
334     51      0.875
369     160     0.874
114     53      0.874
52      18      0.873
334     161     0.873
116     52      0.873
315     278     0.872
301     162     0.872
312     52      0.872
369     326     0.871
312     230     0.871
325     113     0.871
315     18      0.871
90      52      0.871
230     223     0.870
304     116     0.870
315     230     0.870
334     230     0.870
304     114     0.870
312     160     0.869
369     313     0.869
325     258     0.869
335     326     0.869
334     313     0.869
259     18      0.868
301     223     0.868
258     224     0.868
315     8       0.867
332     273     0.867
324     304     0.867
325     114     0.867
273     162     0.866
224     52      0.866
114     25      0.866
312     257     0.866
332     312     0.865
332     259     0.865
369     332     0.865
325     18      0.864
299     259     0.863
312     162     0.862
364     325     0.862
301     52      0.861
332     52      0.861
90      18      0.861
224     116     0.860
223     90      0.860
324     312     0.860
332     227     0.860
324     8       0.860
332     65      0.859
364     258     0.859
334     116     0.859
162     52      0.858
338     23      0.858
369     334     0.858
369     114     0.857
364     160     0.857
325     162     0.857
230     18      0.857
288     259     0.857
332     315     0.857
257     160     0.857
332     261     0.856
127     6       0.856
369     304     0.856
313     18      0.856
324     18      0.855
334     119     0.855
364     230     0.855
369     52      0.855
304     90      0.855
303     23      0.855
364     326     0.854
223     52      0.854
301     258     0.854
261     162     0.853
369     162     0.853
230     116     0.853
325     53      0.853
325     304     0.853
332     160     0.853
325     257     0.853
304     53      0.852
324     258     0.852
97      52      0.852
223     114     0.852
224     25      0.851
315     273     0.851
230     160     0.851
334     243     0.851
301     225     0.851
332     164     0.850
369     325     0.850
332     230     0.850
258     230     0.849
315     160     0.849
240     162     0.848
259     114     0.848
221     53      0.847
326     52      0.847
161     52      0.847
315     161     0.847
160     114     0.847
329     259     0.847
127     53      0.846
321     313     0.846
338     52      0.846
227     114     0.845
364     127     0.845
113     52      0.845
329     257     0.844
312     18      0.844
334     221     0.844
304     223     0.843
364     324     0.843
326     160     0.843
315     257     0.843
224     90      0.842
220     114     0.842
332     263     0.842
315     52      0.841
113     90      0.841
315     114     0.840
230     163     0.840
329     18      0.840
258     228     0.840
230     119     0.840
116     25      0.839
160     18      0.839
313     160     0.839
224     160     0.839
315     3       0.839
325     228     0.839
326     162     0.838
221     114     0.838
334     53      0.838
334     301     0.838
367     230     0.837
369     119     0.837
369     53      0.837
230     221     0.837
324     223     0.836
326     313     0.836
321     162     0.836
52      6       0.836
258     162     0.836
303     128     0.835
276     259     0.835
326     224     0.835
312     258     0.835
368     313     0.834
334     114     0.834
364     313     0.834
325     225     0.834
367     303     0.834
160     129     0.834
334     159     0.833
329     52      0.833
304     230     0.833
334     272     0.833
128     110     0.833
119     52      0.832
162     8       0.832
51      18      0.832
324     161     0.832
315     23      0.832
304     119     0.831
97      90      0.831
334     127     0.831
288     265     0.831
369     312     0.831
220     52      0.830
229     52      0.830
95      53      0.830
127     52      0.830
221     23      0.830
332     8       0.830
315     65      0.830
114     92      0.829
303     224     0.829
312     65      0.828
332     271     0.828
324     273     0.828
303     258     0.828
301     53      0.827
303     227     0.827
301     230     0.827
312     285     0.827
304     95      0.826
259     224     0.826
303     228     0.826
315     276     0.826
304     229     0.826
315     119     0.826
332     254     0.826
324     224     0.826
335     227     0.826
326     180     0.825
324     127     0.825
65      18      0.825
325     312     0.825
312     273     0.825
224     162     0.824
258     163     0.824
230     113     0.824
313     230     0.824
303     54      0.824
304     97      0.824
222     110     0.824
303     114     0.824
334     95      0.823
334     225     0.823
161     18      0.823
321     18      0.823
338     313     0.823
334     224     0.823
364     52      0.823
326     53      0.822
334     257     0.822
127     18      0.822
304     258     0.822
325     24      0.822
334     271     0.822
363     162     0.822
338     230     0.821
228     126     0.821
258     223     0.821
334     25      0.821
271     162     0.821
114     6       0.821
325     97      0.819
334     315     0.819
301     259     0.819
312     261     0.819
225     25      0.819
52      25      0.818
258     90      0.818
313     114     0.818
315     180     0.818
228     24      0.818
97      53      0.818
300     258     0.818
324     220     0.817
366     162     0.817
301     114     0.817
365     336     0.817
321     259     0.817
228     52      0.817
324     315     0.817
220     116     0.817
312     3       0.816
98      25      0.816
312     17      0.816
312     278     0.816
334     263     0.815
259     230     0.815
312     8       0.814
369     315     0.814
338     6       0.814
332     18      0.814
304     160     0.814
310     52      0.814
113     23      0.814
259     163     0.814
325     163     0.814
160     65      0.813
224     111     0.813
338     326     0.813
228     116     0.813
338     303     0.813
299     8       0.813
332     258     0.813
129     6       0.812
313     258     0.812
332     325     0.812
92      25      0.812
312     161     0.812
114     18      0.812
325     303     0.811
160     116     0.811
329     240     0.811
90      53      0.811
338     259     0.811
369     230     0.811
310     18      0.811
258     18      0.811
336     228     0.811
112     101     0.811
303     222     0.810
323     230     0.810
303     52      0.810
312     263     0.810
330     259     0.810
323     259     0.809
161     65      0.809
367     336     0.809
301     224     0.809
114     90      0.809
325     25      0.809
325     115     0.809
228     54      0.809
288     139     0.809
368     90      0.809
300     274     0.809
302     223     0.809
325     220     0.809
315     17      0.809
336     326     0.809
304     25      0.809
324     271     0.809
223     53      0.809
325     161     0.809
324     227     0.809
127     114     0.808
220     162     0.808
222     91      0.808
326     304     0.808
278     162     0.808
315     261     0.808
364     114     0.807
304     51      0.807
230     54      0.807
53      18      0.807
162     83      0.807
288     83      0.806
303     111     0.806
332     161     0.806
315     302     0.806
313     273     0.806
369     18      0.806
52      23      0.806
231     54      0.806
230     23      0.805
230     97      0.805
329     278     0.805
325     285     0.805
365     54      0.805
338     160     0.805
315     53      0.805
325     280     0.805
244     162     0.804
364     18      0.804
333     258     0.804
367     54      0.804
334     163     0.804
117     53      0.804
300     163     0.804
365     302     0.804
369     258     0.804
302     114     0.803
258     53      0.803
112     91      0.803
128     91      0.803
288     172     0.803
367     226     0.803
223     25      0.803
334     18      0.803
369     180     0.803
335     301     0.803
285     160     0.803
257     162     0.802
224     24      0.802
329     163     0.802
368     52      0.802
300     228     0.802
336     224     0.802
325     116     0.802
224     113     0.802
332     119     0.802
313     8       0.802
225     97      0.802
228     53      0.802
335     230     0.802
222     101     0.802
331     274     0.801
223     162     0.801
114     97      0.801
258     114     0.801
160     53      0.801
324     25      0.801
272     163     0.801
367     111     0.801
272     248     0.801
324     51      0.801
303     223     0.801
324     248     0.801
326     8       0.800
160     3       0.800
99      24      0.800
225     114     0.800
228     97      0.800
53      23      0.800
336     327     0.800
224     127     0.800
310     286     0.799
115     26      0.799
258     244     0.799
365     228     0.799
230     129     0.799
230     90      0.799
310     240     0.799
304     228     0.799
275     258     0.799
97      23      0.798
367     99      0.798
303     99      0.798
369     257     0.797
116     97      0.797
326     90      0.797
301     23      0.797
304     113     0.797
313     278     0.797
162     3       0.797
251     162     0.797
367     101     0.797
367     228     0.797
334     97      0.796
324     265     0.796
335     303     0.796
324     3       0.796
114     8       0.796
338     325     0.796
95      52      0.796
275     227     0.796
223     23      0.796
335     224     0.795
335     52      0.795
230     25      0.795
325     167     0.795
338     258     0.795
335     114     0.795
162     65      0.795
324     191     0.795
227     90      0.795
116     18      0.795
303     230     0.795
334     261     0.794
98      53      0.794
332     114     0.794
324     167     0.794
364     90      0.794
365     333     0.794
303     115     0.794
364     53      0.794
369     161     0.794
225     90      0.793
364     259     0.793
366     90      0.793
321     52      0.793
329     304     0.793
303     109     0.793
323     160     0.793
220     53      0.793
228     90      0.793
119     18      0.793
334     17      0.793
325     54      0.792
332     304     0.792
261     180     0.792
334     220     0.792
312     271     0.792
315     301     0.792
329     230     0.792
315     227     0.791
329     223     0.791
364     334     0.791
338     114     0.791
338     162     0.791
333     325     0.791
91      24      0.791
366     52      0.791
331     258     0.791
326     18      0.791
301     221     0.791
338     127     0.791
304     162     0.790
336     324     0.790
325     127     0.790
90      54      0.790
368     334     0.790
335     53      0.790
259     161     0.790
334     164     0.790
117     97      0.790
369     3       0.790
334     113     0.790
119     53      0.790
324     111     0.790
329     160     0.790
325     23      0.790
225     52      0.790
108     22      0.790
371     162     0.790
325     221     0.789
369     6       0.789
230     51      0.789
301     113     0.789
325     244     0.789
304     257     0.789
272     65      0.789
325     265     0.788
117     52      0.788
364     332     0.788
220     27      0.788
313     161     0.788
329     8       0.788
127     90      0.788
332     243     0.788
366     303     0.787
369     324     0.787
303     24      0.787
324     257     0.787
114     98      0.787
300     262     0.787
324     225     0.787
228     115     0.787
224     92      0.786
369     329     0.786
312     304     0.786
332     301     0.786
90      25      0.786
335     325     0.786
160     54      0.786
302     100     0.786
257     223     0.786
313     3       0.785
52      17      0.785
251     163     0.785
273     261     0.785
364     240     0.784
257     52      0.784
302     227     0.784
313     53      0.784
366     259     0.784
367     304     0.784
257     17      0.784
110     24      0.784
367     23      0.784
301     257     0.784
65      8       0.784
334     252     0.784
369     51      0.784
363     325     0.783
338     24      0.783
325     95      0.783
228     114     0.783
227     25      0.783
162     90      0.783
301     228     0.783
369     240     0.783
263     65      0.783
53      25      0.783
90      17      0.783
368     230     0.783
366     23      0.783
230     161     0.783
114     100     0.782
313     65      0.782
324     301     0.782
113     6       0.782
368     259     0.782
315     240     0.782
324     23      0.782
302     230     0.782
334     100     0.782
159     52      0.782
230     127     0.782
325     128     0.781
310     180     0.781
272     261     0.781
224     54      0.781
303     226     0.781
326     223     0.780
315     304     0.780
338     163     0.780
302     259     0.780
326     258     0.780
301     90      0.780
338     51      0.780
366     304     0.780
367     110     0.780
312     280     0.779
228     23      0.779
160     83      0.779
275     163     0.779
116     90      0.779
336     54      0.779
315     251     0.779
312     114     0.778
300     54      0.778
366     324     0.778
228     220     0.778
325     17      0.778
163     18      0.777
303     220     0.777
227     52      0.777
90      27      0.777
367     259     0.777
303     259     0.777
304     24      0.777
324     228     0.777
366     230     0.777
336     52      0.777
160     90      0.777
303     53      0.777
301     100     0.777
278     65      0.777
369     23      0.776
301     119     0.776
116     53      0.776
223     116     0.776
365     227     0.776
100     23      0.775
334     90      0.775
302     25      0.775
221     6       0.775
127     8       0.775
102     24      0.775
325     51      0.775
225     53      0.775
332     220     0.775
220     97      0.775
334     117     0.775
221     90      0.775
258     220     0.775
332     310     0.775
312     164     0.775
109     23      0.775
369     263     0.775
300     259     0.774
326     92      0.774
259     220     0.774
229     162     0.774
331     314     0.774
338     302     0.774
332     248     0.774
312     51      0.774
258     161     0.774
315     221     0.774
331     313     0.774
364     180     0.774
368     312     0.773
310     259     0.773
98      23      0.773
312     180     0.773
259     225     0.773
336     303     0.773
228     101     0.772
364     8       0.772
329     17      0.772
368     324     0.772
304     100     0.772
113     25      0.772
224     97      0.772
303     113     0.771
329     244     0.771
229     221     0.771
338     310     0.771
334     302     0.771
304     227     0.771
108     7       0.771
226     112     0.771
222     54      0.771
228     110     0.771
228     99      0.771
367     128     0.771
325     302     0.771
288     162     0.771
323     27      0.771
224     161     0.771
331     163     0.770
365     128     0.770
304     109     0.770
326     315     0.770
334     115     0.770
304     224     0.770
366     302     0.770
52      8       0.770
230     65      0.770
366     313     0.770
336     227     0.770
365     99      0.770
258     27      0.769
326     23      0.769
258     97      0.769
95      51      0.769
334     167     0.769
367     24      0.769
97      6       0.769
334     303     0.769
325     300     0.769
258     221     0.769
302     220     0.769
335     127     0.769
221     52      0.769
225     162     0.769
338     116     0.769
111     24      0.768
329     312     0.768
324     207     0.768
365     24      0.768
304     220     0.768
304     18      0.768
334     229     0.768
223     113     0.768
368     53      0.768
334     247     0.768
313     265     0.768
288     160     0.768
364     315     0.768
339     23      0.767
310     119     0.767
324     113     0.767
302     90      0.767
258     23      0.767
285     276     0.767
162     114     0.767
324     272     0.767
273     180     0.767