Prediction Made with CORNET:
a Neural Network based method trained using Correlated Mutations,
Sequence Conservation, Predicted Secondary structure of Proteins and
Evolutionary Information.
Authors Fariselli Piero, Olmea Osvaldo, Valencia Alfonso, Rita Casadio.
This method is an extension of the two following methods

Olmea O. and Valencia A. (1997) Fold. Des. 2: S25-32.

Fariselli P and Casadio R. (1999) Prot. Engng 12:15-21

#================================================================#

PREDICTION

Couple          Reliability
i       j
378     228     0.881
107     95      0.872
375     228     0.867
218     107     0.862
107     5       0.859
379     228     0.854
107     8       0.849
274     91      0.848
218     8       0.844
95      42      0.843
218     13      0.842
108     14      0.841
110     102     0.834
107     14      0.834
95      14      0.833
375     8       0.832
379     55      0.828
219     108     0.827
95      40      0.826
379     185     0.826
93      40      0.824
378     236     0.824
378     217     0.822
214     185     0.822
375     141     0.821
218     5       0.817
218     108     0.816
278     219     0.815
378     141     0.815
378     107     0.815
107     13      0.814
228     195     0.814
219     13      0.814
102     42      0.813
378     278     0.812
107     42      0.810
219     95      0.808
376     107     0.808
102     40      0.808
378     214     0.808
110     95      0.808
218     14      0.806
95      8       0.804
108     95      0.803
107     93      0.802
219     42      0.801
110     93      0.801
278     40      0.801
218     93      0.801
278     8       0.800
218     95      0.799
299     55      0.799
381     185     0.799
219     14      0.798
228     55      0.797
299     141     0.796
378     274     0.795
375     217     0.793
375     219     0.792
217     106     0.792
218     42      0.792
381     214     0.791
322     228     0.791
376     14      0.791
107     96      0.791
218     9       0.790
217     40      0.790
40      14      0.790
219     40      0.790
217     8       0.790
108     5       0.788
228     185     0.788
378     216     0.788
185     42      0.787
214     106     0.787
219     107     0.787
278     185     0.787
94      14      0.787
378     7       0.787
218     102     0.786
93      14      0.786
102     93      0.785
381     228     0.784
375     185     0.784
217     92      0.784
375     222     0.783
42      14      0.783
219     8       0.783
228     91      0.783
218     40      0.782
41      14      0.782
278     14      0.782
375     107     0.781
217     94      0.781
107     40      0.780
224     214     0.780
376     214     0.780
110     40      0.779
379     278     0.778
274     107     0.777
108     42      0.777
375     5       0.776
93      42      0.776
222     107     0.776
278     42      0.775
217     95      0.775
217     15      0.774
381     141     0.774
41      6       0.772
185     102     0.772
379     95      0.772
14      5       0.771
298     274     0.770
215     107     0.770
376     236     0.770
218     185     0.769
107     9       0.769
213     107     0.769
376     217     0.769
299     228     0.769
378     90      0.769
13      5       0.768
213     95      0.767
217     107     0.767
274     215     0.767
108     40      0.767
378     185     0.765
297     141     0.764
376     228     0.764
108     13      0.764
219     110     0.764
108     93      0.763
110     42      0.763
379     214     0.763
42      8       0.763
185     107     0.763
299     202     0.762
217     90      0.761
107     92      0.761
217     41      0.761
337     228     0.761
278     218     0.760
93      8       0.760
322     222     0.759
108     8       0.759
102     14      0.758
216     185     0.757
275     182     0.757
278     95      0.755
94      4       0.755
381     8       0.754
378     73      0.754
219     96      0.754
218     92      0.754
375     234     0.754
217     14      0.754
216     92      0.754
14      4       0.754
94      13      0.754
297     55      0.753
375     55      0.753
375     48      0.751
322     185     0.751
109     41      0.751
217     91      0.751
26      17      0.751
377     217     0.750
219     41      0.749
348     48      0.749
185     95      0.748
182     91      0.748
375     278     0.748
218     41      0.746
228     141     0.746
379     90      0.746
278     228     0.746
375     274     0.746
278     182     0.745
214     92      0.745
214     109     0.745
217     42      0.744
214     91      0.744
299     73      0.744
217     183     0.743
215     108     0.743
376     274     0.743
376     4       0.742
185     40      0.742
214     95      0.742
278     107     0.742
41      15      0.742
378     143     0.741
15      8       0.741
213     108     0.741
322     55      0.741
95      13      0.740
278     222     0.740
110     5       0.740
219     182     0.740
218     110     0.740
41      8       0.739
216     7       0.739
228     107     0.739
274     236     0.738
376     143     0.738
324     214     0.738
376     218     0.737
217     12      0.737
376     216     0.737
379     40      0.737
213     185     0.736
41      13      0.735
382     214     0.735
215     93      0.735
42      9       0.735
107     91      0.735
378     234     0.735
375     108     0.735
278     108     0.734
299     273     0.734
375     214     0.734
375     73      0.734
216     90      0.734
220     41      0.734
218     181     0.733
381     278     0.733
214     96      0.732
378     225     0.732
283     231     0.732
219     94      0.732
379     73      0.731
278     15      0.731
378     283     0.731
378     40      0.731
228     182     0.730
219     185     0.730
214     183     0.730
220     92      0.729
217     9       0.729
379     42      0.729
219     102     0.729
102     91      0.729
222     182     0.728
108     91      0.728
219     93      0.728
215     95      0.728
217     109     0.727
41      4       0.727
378     17      0.727
215     14      0.727
96      40      0.726
378     8       0.726
93      13      0.726
219     91      0.726
379     8       0.726
182     40      0.725
277     107     0.725
95      9       0.724
322     141     0.724
274     214     0.724
110     14      0.724
376     5       0.724
376     185     0.723
213     14      0.723
107     6       0.723
378     92      0.723
217     108     0.722
214     40      0.722
215     42      0.722
283     91      0.722
375     283     0.722
95      41      0.722
217     103     0.721
281     215     0.721
102     95      0.721
217     96      0.721
215     40      0.720
376     92      0.720
214     41      0.720
214     15      0.720
40      16      0.720
225     142     0.719
283     228     0.719
280     214     0.719
102     9       0.718
217     13      0.718
220     14      0.718
41      5       0.718
375     110     0.718
375     14      0.718
283     185     0.718
213     93      0.717
96      42      0.716
220     109     0.716
219     5       0.716
96      14      0.716
107     94      0.716
40      8       0.716
218     94      0.716
108     96      0.716
40      9       0.715
42      13      0.715
278     215     0.715
297     73      0.715
228     108     0.715
217     43      0.715
216     182     0.715
214     90      0.715
109     94      0.714
214     107     0.714
321     214     0.714
382     228     0.714
109     6       0.714
219     9       0.713
42      5       0.713
274     213     0.713
228     42      0.713
278     216     0.713
379     107     0.713
379     225     0.712
108     3       0.712
214     42      0.712
381     274     0.712
93      15      0.712
110     8       0.711
236     26      0.711
217     93      0.711
108     41      0.711
109     4       0.710
182     102     0.710
92      40      0.710
378     273     0.710
217     39      0.710
40      5       0.709
283     48      0.709
277     214     0.709
13      4       0.709
218     4       0.709
278     9       0.709
216     102     0.708
234     182     0.708
379     91      0.708
275     185     0.708
378     13      0.707
107     55      0.707
297     228     0.707
381     90      0.706
381     107     0.705
274     182     0.705
216     11      0.705
217     185     0.704
228     194     0.704
324     228     0.704
375     313     0.704
213     40      0.703
216     107     0.703
278     234     0.702
381     217     0.702
108     9       0.702
378     55      0.702
215     102     0.701
221     106     0.701
185     93      0.701
97      26      0.701
221     42      0.701
278     96      0.700
337     55      0.700
182     14      0.700
379     213     0.700
374     214     0.700
96      13      0.700
283     88      0.700
377     92      0.699
281     102     0.699
222     214     0.699
283     234     0.699
225     195     0.699
228     95      0.698
234     195     0.698
274     228     0.698
376     348     0.698
93      41      0.698
379     108     0.697
222     91      0.697
110     13      0.697
102     13      0.696
111     41      0.696
379     274     0.695
228     139     0.695
141     55      0.695
213     182     0.695
214     94      0.695
220     43      0.695
381     216     0.695
281     222     0.694
185     139     0.693
217     182     0.693
375     93      0.693
220     12      0.693
283     55      0.693
375     77      0.693
278     220     0.692
184     108     0.692
316     141     0.692
375     213     0.692
234     185     0.692
281     91      0.691
275     215     0.691
274     141     0.690
216     96      0.690
322     283     0.690
278     91      0.690
234     141     0.690
283     274     0.690
379     141     0.689
107     16      0.689
214     10      0.689
95      5       0.689
300     141     0.688
324     185     0.688
200     95      0.688
111     14      0.687
222     185     0.687
381     91      0.687
214     39      0.687
221     40      0.687
214     14      0.687
378     348     0.687
279     91      0.687
216     10      0.687
377     6       0.686
274     40      0.686
376     213     0.686
378     277     0.686
111     4       0.685
376     13      0.685
222     42      0.685
218     7       0.685
234     226     0.685
274     221     0.684
240     231     0.684
381     7       0.684
376     278     0.684
278     214     0.684
216     13      0.683
274     234     0.683
381     202     0.683
41      7       0.683
281     228     0.683
42      15      0.682
213     102     0.682
185     91      0.682
103     92      0.682
102     8       0.681
292     228     0.681
109     14      0.681
375     95      0.681
107     41      0.681
381     73      0.681
375     216     0.680
225     182     0.680
275     214     0.680
377     107     0.680
220     94      0.680
234     91      0.680
228     196     0.680
214     93      0.680
217     111     0.679
109     13      0.679
228     215     0.679
219     15      0.679
225     88      0.678
214     110     0.678
213     91      0.678
217     10      0.678
221     91      0.677
381     298     0.677
214     8       0.677
277     222     0.677
106     92      0.676
219     111     0.676
381     95      0.676
220     13      0.676
322     73      0.675
107     76      0.675
400     228     0.675
217     7       0.675
217     101     0.675
240     91      0.674
373     274     0.674
278     93      0.674
400     225     0.674
225     152     0.674
327     141     0.673
185     8       0.673
194     55      0.673
228     88      0.673
95      15      0.673
275     222     0.673
234     55      0.673
108     16      0.673
42      16      0.673
94      39      0.673
14      3       0.673
381     297     0.672
375     307     0.672
216     43      0.672
217     4       0.672
94      41      0.672
213     141     0.672
94      40      0.672
216     40      0.671
91      42      0.671
231     141     0.671
278     7       0.670
375     297     0.670
185     14      0.670
182     107     0.670
274     222     0.670
222     95      0.670
116     102     0.670
225     196     0.669
219     16      0.669
375     13      0.669
15      5       0.669
216     8       0.669
184     95      0.669
378     282     0.669
220     107     0.669
337     141     0.668
214     26      0.667
379     102     0.667
110     7       0.667
322     139     0.667
218     182     0.667
228     40      0.667
373     185     0.667
95      16      0.667
297     273     0.667
113     102     0.666
278     110     0.666
228     219     0.666
225     144     0.666
375     337     0.666
376     194     0.666
297     202     0.665
214     184     0.665
228     138     0.665
275     91      0.665
184     102     0.665
112     92      0.665
217     102     0.665
214     12      0.665
231     182     0.665
299     283     0.665
215     9       0.665
274     230     0.665
278     221     0.665
228     14      0.665
278     94      0.665
278     217     0.664
217     3       0.664
277     91      0.664
91      40      0.664
222     215     0.664
214     108     0.664
378     48      0.664
381     213     0.664
214     102     0.663
379     216     0.663
216     91      0.663
277     42      0.663
278     184     0.663
185     9       0.663
275     102     0.663
316     274     0.663
277     182     0.663
93      9       0.663
375     102     0.662
214     182     0.662
274     144     0.662
220     4       0.662
348     228     0.662
283     225     0.662
323     214     0.662
228     134     0.661
88      48      0.661
218     96      0.661
215     184     0.661
378     88      0.661
108     6       0.661
322     102     0.661
40      13      0.661
214     19      0.661
376     195     0.661
185     96      0.661
216     15      0.660
375     344     0.660
220     95      0.660
110     96      0.660
109     8       0.660
220     108     0.660
322     235     0.660
377     274     0.660
102     15      0.659
275     216     0.659
200     5       0.659
134     55      0.659
376     219     0.658
375     9       0.658
110     9       0.658
103     39      0.658
375     218     0.658
274     185     0.658
412     141     0.658
383     214     0.657
416     202     0.657
375     15      0.657
278     92      0.657
214     16      0.656
228     48      0.656
42      7       0.656
277     217     0.656
218     90      0.656
107     7       0.656
279     8       0.656
220     183     0.656
322     144     0.656
102     88      0.655
216     95      0.655
298     185     0.655
375     332     0.655
378     5       0.655
106     7       0.655
375     215     0.655
215     185     0.655
219     92      0.654
234     213     0.654
221     185     0.654
275     219     0.654
182     108     0.654
275     42      0.654
234     88      0.654
379     297     0.654
221     102     0.654
228     144     0.653
214     43      0.653
316     55      0.653
275     234     0.653
327     228     0.653
40      15      0.653
375     42      0.652
96      41      0.652
93      3       0.652
420     228     0.652
39      13      0.652
231     139     0.652
108     7       0.652
108     94      0.651
281     213     0.651
381     236     0.651
377     7       0.650
217     184     0.650
375     305     0.650
273     216     0.650
277     215     0.650
377     214     0.650
277     40      0.650
379     195     0.649
381     182     0.649
231     219     0.649
220     96      0.649
185     104     0.649
102     16      0.649
327     55      0.648
381     234     0.648
337     48      0.648
222     102     0.648
381     327     0.648
379     222     0.648
221     14      0.648
221     183     0.648
220     106     0.647
376     225     0.647
379     322     0.647
281     185     0.647
214     13      0.647
221     182     0.647
298     90      0.647
182     95      0.647
376     337     0.647
216     9       0.647
92      41      0.646
13      3       0.646
375     144     0.646
324     274     0.646
378     224     0.646
277     221     0.646
215     91      0.646
185     92      0.646
92      11      0.646
103     41      0.645
278     90      0.645
222     14      0.645
215     182     0.645
216     94      0.645
278     102     0.645
240     88      0.645
109     96      0.645
322     59      0.645
377     41      0.644
218     116     0.644
297     200     0.644
217     11      0.644
376     90      0.644
279     185     0.644
92      15      0.644
274     225     0.644
107     15      0.644
222     110     0.644
277     41      0.643
116     8       0.643
220     39      0.643
322     313     0.643
183     14      0.642
276     213     0.642
277     220     0.642
379     88      0.642
213     110     0.642
94      15      0.642
221     213     0.641
225     96      0.641
107     97      0.641
278     213     0.641
299     48      0.641
102     92      0.641
217     110     0.641
278     195     0.641
213     92      0.641
377     4       0.640
297     185     0.640
240     185     0.640
215     110     0.640
376     7       0.640
185     108     0.639
93      16      0.639
400     376     0.639
228     32      0.639
400     55      0.639
42      3       0.639
276     221     0.639
219     109     0.639
278     13      0.639
228     181     0.638
283     215     0.638
382     185     0.638
214     23      0.638
278     194     0.638
107     11      0.638
215     96      0.638
102     20      0.637
295     274     0.637
376     184     0.637
278     144     0.637
378     41      0.637
217     105     0.637
185     141     0.637
91      9       0.637
110     41      0.637
378     106     0.637
382     222     0.637
275     40      0.637
39      12      0.636
375     40      0.636
292     141     0.636
214     11      0.636
225     185     0.636
376     141     0.636
348     234     0.636
228     56      0.636
105     91      0.636
231     185     0.636
215     13      0.636
288     274     0.636
279     218     0.635
202     55      0.635
278     202     0.635
379     231     0.635
39      15      0.634
219     195     0.634
283     69      0.634
107     59      0.633
219     7       0.633
213     42      0.633
381     299     0.633
277     39      0.633
375     139     0.633
377     185     0.633
113     8       0.632
191     141     0.632
283     107     0.632
322     48      0.632
280     7       0.632
93      5       0.632
228     202     0.632
218     109     0.632
316     202     0.632
109     92      0.631
381     283     0.631
213     116     0.631
152     141     0.631
378     299     0.631
106     90      0.631
327     48      0.631
221     95      0.631
376     12      0.631
107     43      0.631
240     139     0.631
225     59      0.631
281     107     0.630
231     144     0.630
102     39      0.630
381     40      0.630
96      39      0.630
295     273     0.630
379     217     0.630
337     297     0.630
144     48      0.630
378     231     0.630
220     8       0.630
92      13      0.630
375     231     0.629
281     59      0.629
273     222     0.629
319     274     0.629
14      7       0.629
217     196     0.629
376     93      0.629
94      42      0.629
375     202     0.629
102     27      0.629
231     88      0.629
277     8       0.629
375     91      0.629