Prediction Made with CORNET:
a Neural Network based method trained using Correlated Mutations,
Sequence Conservation, Predicted Secondary structure of Proteins and
Evolutionary Information.
Authors Fariselli Piero, Olmea Osvaldo, Valencia Alfonso, Rita Casadio.
This method is an extension of the two following methods

Olmea O. and Valencia A. (1997) Fold. Des. 2: S25-32.

Fariselli P and Casadio R. (1999) Prot. Engng 12:15-21

#================================================================#

PREDICTION

Couple          Reliability
i       j
333     325     0.947
323     229     0.944
311     256     0.942
362     161     0.939
129     6       0.939
303     220     0.937
298     258     0.936
303     228     0.927
258     161     0.927
256     159     0.925
324     222     0.924
303     258     0.922
303     224     0.922
256     17      0.922
323     258     0.921
324     256     0.919
333     226     0.918
312     258     0.917
303     52      0.917
114     53      0.917
256     222     0.917
303     53      0.916
333     257     0.915
333     303     0.915
331     226     0.913
333     159     0.913
239     161     0.913
333     161     0.913
324     258     0.913
311     18      0.913
258     52      0.912
324     52      0.912
311     229     0.911
324     90      0.910
311     258     0.910
258     159     0.910
229     52      0.910
314     229     0.909
328     161     0.908
368     258     0.908
328     312     0.908
323     303     0.907
300     226     0.907
333     324     0.906
324     113     0.906
333     258     0.905
113     52      0.905
113     90      0.905
325     258     0.904
323     161     0.901
323     159     0.901
257     222     0.900
220     114     0.900
298     8       0.900
362     182     0.899
333     220     0.898
300     161     0.898
303     116     0.898
303     222     0.898
362     324     0.897
257     159     0.897
222     90      0.896
324     312     0.896
220     53      0.896
333     51      0.895
226     114     0.894
325     114     0.894
333     65      0.894
333     52      0.894
300     52      0.893
222     52      0.893
303     114     0.893
258     18      0.892
256     161     0.892
323     222     0.892
300     257     0.891
275     258     0.891
228     220     0.890
323     312     0.890
333     242     0.890
324     303     0.889
331     179     0.889
333     222     0.889
323     90      0.889
331     161     0.889
303     256     0.888
312     52      0.888
303     18      0.888
328     18      0.888
303     257     0.888
312     161     0.888
303     127     0.888
311     17      0.887
114     52      0.887
362     159     0.887
303     51      0.886
303     229     0.886
257     52      0.885
325     229     0.885
331     312     0.885
323     114     0.885
303     119     0.885
114     25      0.884
333     311     0.884
256     51      0.884
256     90      0.883
362     312     0.883
323     256     0.883
368     159     0.883
389     6       0.882
324     229     0.882
303     25      0.881
223     114     0.881
97      52      0.881
301     222     0.880
229     53      0.880
303     90      0.880
314     18      0.879
314     161     0.879
258     182     0.879
311     159     0.879
116     52      0.879
222     114     0.879
323     257     0.878
324     159     0.878
239     220     0.878
314     277     0.877
301     226     0.877
222     53      0.876
258     65      0.876
333     256     0.876
257     223     0.876
228     52      0.876
52      25      0.876
298     159     0.876
389     325     0.876
128     110     0.875
300     224     0.875
257     90      0.875
311     182     0.875
337     23      0.875
298     6       0.874
324     223     0.874
333     119     0.874
366     229     0.874
229     220     0.874
128     91      0.874
257     229     0.874
113     6       0.873
311     277     0.873
329     258     0.873
334     226     0.873
323     52      0.873
331     314     0.873
389     312     0.873
181     159     0.872
182     161     0.872
229     18      0.872
325     222     0.872
220     23      0.871
362     257     0.871
257     220     0.871
312     18      0.871
129     92      0.870
303     159     0.870
323     277     0.870
389     83      0.870
312     229     0.870
328     256     0.869
362     160     0.869
331     242     0.868
311     220     0.868
362     258     0.868
90      52      0.868
303     242     0.868
258     114     0.867
367     312     0.867
324     97      0.867
333     323     0.867
324     53      0.867
222     113     0.867
221     110     0.867
362     256     0.867
309     161     0.866
97      90      0.866
362     303     0.866
334     325     0.866
52      18      0.866
256     160     0.866
220     52      0.866
324     220     0.866
363     325     0.865
389     324     0.865
362     323     0.865
303     113     0.865
257     113     0.865
328     229     0.865
324     181     0.865
223     116     0.865
160     18      0.865
303     227     0.865
108     22      0.865
368     114     0.865
333     160     0.865
256     18      0.864
324     257     0.864
323     226     0.863
389     264     0.863
129     53      0.863
256     223     0.863
311     52      0.863
258     222     0.863
223     52      0.863
258     129     0.863
333     228     0.863
182     159     0.862
301     259     0.862
368     53      0.862
159     52      0.862
303     97      0.862
311     303     0.862
228     161     0.861
334     300     0.861
366     225     0.861
363     161     0.861
325     159     0.860
258     220     0.860
229     161     0.860
368     333     0.860
333     53      0.860
303     129     0.859
314     258     0.859
367     256     0.859
331     246     0.859
325     303     0.859
323     311     0.859
323     182     0.859
325     53      0.858
114     90      0.858
389     309     0.858
221     91      0.857
113     23      0.857
363     159     0.857
325     256     0.857
257     53      0.857
230     54      0.857
363     323     0.857
389     378     0.856
368     324     0.856
223     25      0.856
129     90      0.856
337     6       0.856
301     257     0.856
333     272     0.855
119     53      0.855
331     65      0.855
362     18      0.855
333     312     0.855
97      53      0.855
324     18      0.855
300     222     0.854
323     129     0.854
256     220     0.854
368     119     0.854
325     52      0.854
323     239     0.854
368     312     0.854
220     51      0.854
337     229     0.854
337     52      0.853
311     3       0.853
258     229     0.853
368     325     0.853
90      18      0.853
331     18      0.852
231     27      0.852
298     182     0.852
362     325     0.852
312     159     0.852
389     18      0.852
114     6       0.851
331     258     0.851
389     350     0.851
323     223     0.851
323     18      0.851
300     220     0.850
362     333     0.850
368     51      0.850
366     54      0.850
324     17      0.850
229     114     0.849
323     220     0.849
302     23      0.849
300     227     0.849
331     159     0.849
256     113     0.849
389     161     0.849
368     303     0.849
181     161     0.849
298     83      0.848
300     258     0.848
368     228     0.848
362     222     0.848
257     181     0.848
333     229     0.848
220     90      0.847
333     182     0.847
119     18      0.847
284     159     0.847
314     182     0.847
159     83      0.847
323     160     0.846
323     275     0.846
366     302     0.846
51      18      0.846
95      53      0.846
309     285     0.846
363     324     0.846
301     114     0.846
363     229     0.846
337     301     0.845
287     258     0.845
224     25      0.845
222     23      0.845
129     23      0.845
367     229     0.845
363     257     0.845
320     312     0.845
227     24      0.844
229     162     0.844
272     182     0.844
258     223     0.844
389     258     0.844
226     90      0.844
309     220     0.844
302     257     0.843
256     52      0.843
389     139     0.843
303     161     0.843
300     114     0.843
331     182     0.843
331     303     0.842
314     159     0.842
362     275     0.842
113     18      0.842
97      23      0.842
222     6       0.842
323     51      0.841
322     229     0.841
223     109     0.841
159     114     0.841
17      3       0.841
277     256     0.840
363     53      0.840
223     159     0.840
331     260     0.840
229     159     0.840
325     312     0.840
52      6       0.840
227     53      0.839
324     114     0.839
303     95      0.839
333     116     0.839
362     311     0.839
367     18      0.839
331     156     0.839
363     303     0.839
300     256     0.838
257     162     0.838
334     302     0.838
314     256     0.838
220     161     0.838
122     110     0.838
257     227     0.838
303     27      0.838
258     239     0.838
129     8       0.838
368     52      0.838
331     253     0.837
250     161     0.837
365     303     0.837
303     248     0.837
367     52      0.837
366     110     0.837
329     312     0.837
389     190     0.837
325     90      0.837
336     110     0.836
367     220     0.836
220     159     0.836
257     97      0.836
389     257     0.836
366     101     0.836
363     129     0.836
311     161     0.836
114     92      0.836
301     258     0.836
300     229     0.835
337     230     0.835
127     90      0.835
227     126     0.835
109     23      0.835
272     161     0.834
325     181     0.834
328     239     0.834
333     314     0.834
365     301     0.834
159     18      0.834
362     329     0.834
367     90      0.834
314     160     0.833
114     51      0.833
331     229     0.833
314     3       0.833
298     161     0.833
223     90      0.833
222     25      0.833
117     53      0.833
312     220     0.833
256     182     0.833
314     8       0.833
108     7       0.833
119     51      0.833
303     17      0.833
301     229     0.832
159     129     0.832
300     53      0.832
298     229     0.832
298     264     0.832
300     50      0.832
389     65      0.832
98      53      0.832
325     223     0.832
224     53      0.832
363     312     0.832
329     159     0.831
337     302     0.831
314     65      0.831
160     52      0.831
311     257     0.831
257     243     0.831
301     100     0.831
324     284     0.831
114     97      0.831
222     97      0.831
365     52      0.831
228     53      0.831
303     100     0.831
284     275     0.831
119     52      0.830
311     160     0.830
337     258     0.830
239     6       0.830
222     161     0.830
108     5       0.829
300     90      0.829
223     24      0.829
325     226     0.829
160     65      0.829
324     166     0.829
287     264     0.829
228     18      0.829
301     110     0.828
274     156     0.828
323     113     0.828
257     18      0.828
320     18      0.828
301     223     0.828
299     257     0.828
226     53      0.828
331     160     0.828
333     298     0.828
90      17      0.827
303     24      0.827
221     101     0.827
331     119     0.827
314     23      0.827
220     18      0.827
362     181     0.827
312     17      0.827
127     6       0.827
368     257     0.827
314     114     0.826
300     23      0.826
302     114     0.826
362     331     0.826
314     17      0.826
362     229     0.826
325     239     0.826
275     248     0.825
222     65      0.825
220     119     0.825
367     258     0.825
329     161     0.825
323     291     0.825
333     300     0.825
337     51      0.825
287     83      0.825
366     301     0.824
23      6       0.824
256     190     0.824
323     300     0.824
314     179     0.824
334     222     0.824
239     159     0.824
275     18      0.824
260     161     0.824
224     114     0.824
368     256     0.824
271     247     0.823
368     161     0.823
243     161     0.823
287     159     0.823
366     335     0.823
328     159     0.823
312     303     0.823
332     257     0.823
333     244     0.823
324     239     0.823
331     311     0.823
362     65      0.823
311     284     0.823
310     259     0.822
303     287     0.822
325     161     0.822
324     224     0.822
256     114     0.822
323     314     0.822
299     227     0.822
365     27      0.822
312     160     0.822
256     239     0.822
221     54      0.822
363     114     0.822
303     250     0.822
113     51      0.821
320     161     0.821
334     229     0.821
331     272     0.821
337     312     0.821
223     113     0.821
331     300     0.821
239     90      0.821
97      18      0.821
331     256     0.821
364     54      0.821
324     51      0.820
389     239     0.820
337     53      0.820
314     220     0.820
298     243     0.820
365     229     0.820
366     108     0.820
224     90      0.820
311     231     0.820
302     227     0.820
368     242     0.820
323     17      0.820
129     109     0.820
337     257     0.820
229     65      0.820
227     115     0.820
362     314     0.820
337     220     0.820
331     275     0.819
367     303     0.819
337     300     0.819
324     161     0.819
227     116     0.819
368     314     0.819
334     220     0.818
331     257     0.818
219     114     0.818
389     74      0.818
53      18      0.818
161     83      0.818
335     227     0.817
368     229     0.817
220     6       0.817
229     222     0.817
298     239     0.817
230     52      0.817
363     239     0.817
223     181     0.817
389     23      0.817
362     246     0.816
363     258     0.816
258     162     0.816
239     8       0.816
50      18      0.816
364     301     0.816
258     160     0.816
227     52      0.816
108     91      0.815
312     257     0.815
112     101     0.815
331     52      0.815
328     258     0.815
324     54      0.815
257     17      0.815
298     171     0.815
367     222     0.814
229     116     0.814
314     119     0.814
302     54      0.814
368     18      0.814
302     223     0.814
116     90      0.814
222     160     0.814
303     50      0.814
302     52      0.814
302     229     0.814
333     158     0.814
300     223     0.814
239     160     0.814
303     3       0.813
287     139     0.813
368     323     0.813
325     246     0.813
129     83      0.813
311     275     0.813
119     23      0.813
223     127     0.813
366     99      0.813
325     220     0.813
223     51      0.812
303     158     0.812
323     224     0.812
324     182     0.812
303     115     0.812
367     333     0.812
311     51      0.812
337     114     0.812
367     323     0.812
362     83      0.812
53      23      0.812
303     223     0.812
362     52      0.812
323     301     0.811
366     227     0.811
97      6       0.811
223     161     0.811
324     115     0.811
368     239     0.811
332     229     0.811
323     23      0.811
256     229     0.811
220     50      0.811
161     18      0.810
333     25      0.810
223     112     0.810
365     161     0.810
250     239     0.810
257     239     0.810
328     52      0.810
337     228     0.810
325     179     0.810
368     331     0.810
337     159     0.810
98      25      0.810
324     6       0.810
90      27      0.809
324     311     0.809
284     182     0.809
324     128     0.809
329     182     0.809
95      51      0.809
100     53      0.809
312     222     0.809
129     52      0.809
333     246     0.809
230     220     0.809
324     227     0.809
256     226     0.809
311     279     0.809
389     368     0.808
241     6       0.808
302     221     0.808
323     272     0.808
364     227     0.808
367     311     0.808
228     65      0.808
368     311     0.808
328     162     0.808
301     22      0.808
239     114     0.808
311     90      0.807
323     285     0.807
222     116     0.807
227     97      0.807
246     65      0.807
220     25      0.807
301     90      0.807
108     24      0.807
333     97      0.807
333     50      0.807
181     160     0.807
314     275     0.807
114     18      0.807
333     18      0.807
226     52      0.807
116     25      0.807
303     65      0.807
311     65      0.807
367     113     0.807
226     23      0.807
223     97      0.806
159     3       0.806
224     97      0.806
311     242     0.806
223     53      0.806
363     90      0.806
257     114     0.806
222     83      0.806
229     90      0.806
99      24      0.806
220     160     0.806
312     51      0.806
368     220     0.806
303     239     0.806
52      17      0.805
311     243     0.805
325     242     0.805
363     181     0.805
115     26      0.805
301     225     0.805
333     224     0.805
275     163     0.805
323     54      0.805
100     23      0.804
302     226     0.804
362     300     0.804
333     223     0.804
116     97      0.804
389     329     0.804
363     52      0.804
302     225     0.804
159     65      0.804
256     162     0.804
325     257     0.804
334     53      0.804
228     159     0.804
314     52      0.804
270     161     0.804
309     52      0.804
270     256     0.804
363     256     0.804
159     17      0.803
287     171     0.803
258     53      0.803
311     301     0.803
331     324     0.803
119     3       0.803
116     53      0.803
309     182     0.802
334     223     0.802
330     257     0.802
314     260     0.802
314     301     0.802
123     53      0.802
116     51      0.802
335     54      0.802
363     223     0.802
299     162     0.802
309     258     0.802
365     258     0.802
225     115     0.802
389     328     0.802
320     258     0.802
324     160     0.801
226     97      0.801
312     53      0.801
323     246     0.801
298     162     0.801
365     222     0.801
311     247     0.801
362     272     0.800
324     299     0.800
298     256     0.800
338     23      0.800
112     91      0.800
271     256     0.800