Prediction Made with CORNET:
a Neural Network based method trained using Correlated Mutations,
Sequence Conservation, Predicted Secondary structure of Proteins and
Evolutionary Information.
Authors Fariselli Piero, Olmea Osvaldo, Valencia Alfonso, Rita Casadio.
This method is an extension of the two following methods

Olmea O. and Valencia A. (1997) Fold. Des. 2: S25-32.

Fariselli P and Casadio R. (1999) Prot. Engng 12:15-21

#================================================================#

PREDICTION

Couple          Reliability
i       j
427     140     0.930
70      63      0.922
427     295     0.915
427     292     0.912
425     297     0.909
427     63      0.907
458     427     0.904
460     201     0.903
457     297     0.901
458     292     0.900
425     396     0.895
456     427     0.893
140     48      0.892
425     181     0.892
292     140     0.891
458     295     0.888
458     396     0.886
458     110     0.886
295     46      0.886
427     48      0.886
458     63      0.885
292     63      0.882
457     265     0.882
457     202     0.881
297     265     0.881
457     427     0.874
297     6       0.874
292     48      0.873
140     65      0.873
457     295     0.872
140     63      0.871
297     63      0.870
297     181     0.870
201     63      0.870
396     63      0.870
458     425     0.869
292     45      0.866
427     181     0.865
458     202     0.865
63      6       0.863
297     113     0.863
427     396     0.863
292     71      0.861
70      48      0.860
70      46      0.860
425     92      0.859
295     63      0.859
201     181     0.857
140     46      0.857
457     63      0.856
427     46      0.855
458     140     0.855
427     45      0.855
425     343     0.854
458     297     0.854
425     295     0.854
63      53      0.853
140     72      0.850
297     46      0.850
427     257     0.850
425     379     0.849
140     45      0.849
295     140     0.848
432     181     0.848
181     92      0.847
140     66      0.847
292     46      0.846
425     63      0.845
427     110     0.845
427     65      0.843
295     265     0.843
140     70      0.843
427     297     0.842
458     45      0.841
53      45      0.841
140     71      0.841
105     63      0.838
425     236     0.838
70      45      0.837
267     181     0.834
427     397     0.834
295     201     0.833
425     201     0.833
427     202     0.832
458     46      0.832
297     140     0.832
236     63      0.831
181     63      0.831
457     181     0.831
460     181     0.830
294     46      0.830
71      45      0.830
427     379     0.829
458     265     0.829
140     92      0.829
460     292     0.829
458     370     0.829
425     140     0.828
459     295     0.828
458     236     0.827
396     92      0.827
460     425     0.827
71      46      0.826
294     70      0.825
378     295     0.824
396     181     0.823
460     202     0.822
427     66      0.822
294     48      0.821
295     48      0.820
460     65      0.818
460     295     0.818
455     181     0.818
457     48      0.817
455     425     0.817
427     201     0.816
297     94      0.816
295     71      0.816
460     396     0.816
295     45      0.816
292     181     0.815
457     201     0.815
427     105     0.814
379     292     0.814
66      48      0.814
425     265     0.813
458     181     0.813
460     45      0.813
461     44      0.813
71      63      0.812
297     202     0.812
294     63      0.812
134     65      0.812
425     397     0.811
458     267     0.811
458     201     0.810
295     267     0.809
295     202     0.809
72      65      0.809
376     295     0.808
297     72      0.808
427     71      0.808
396     311     0.807
55      48      0.807
403     297     0.807
297     110     0.806
140     105     0.806
425     94      0.806
239     45      0.805
110     48      0.805
425     310     0.804
297     257     0.804
295     257     0.804
181     110     0.804
460     105     0.803
460     67      0.803
294     140     0.803
458     377     0.802
376     63      0.802
425     240     0.802
294     45      0.802
201     53      0.801
292     240     0.801
425     267     0.801
457     45      0.800
202     63      0.800
292     66      0.800
368     140     0.799
427     259     0.799
292     236     0.799
294     72      0.798
201     67      0.798
378     292     0.798
110     63      0.798
425     257     0.798
457     311     0.797
458     48      0.797
136     45      0.797
396     297     0.797
427     70      0.797
297     240     0.796
425     110     0.796
457     110     0.796
457     91      0.795
458     257     0.794
201     8       0.794
367     65      0.794
425     311     0.794
379     295     0.794
459     396     0.794
291     63      0.793
457     105     0.793
378     63      0.792
457     425     0.792
461     7       0.792
63      45      0.792
71      48      0.792
292     257     0.792
65      44      0.792
201     140     0.791
455     63      0.791
427     294     0.791
68      9       0.791
427     273     0.791
297     236     0.791
292     202     0.790
292     201     0.789
432     94      0.789
458     368     0.788
377     292     0.788
292     237     0.787
396     379     0.787
457     421     0.787
140     91      0.786
459     63      0.786
460     368     0.786
425     328     0.785
69      44      0.785
460     427     0.785
425     292     0.785
140     110     0.785
292     265     0.785
267     257     0.785
65      41      0.785
458     66      0.784
181     20      0.784
295     110     0.784
427     237     0.783
427     236     0.783
427     13      0.782
427     403     0.782
455     113     0.781
63      46      0.781
102     6       0.780
48      13      0.780
427     240     0.780
292     70      0.780
297     67      0.780
376     201     0.780
425     65      0.780
460     46      0.780
202     110     0.780
427     92      0.780
378     46      0.779
65      46      0.779
457     236     0.779
295     105     0.779
110     91      0.779
291     72      0.778
396     91      0.778
201     65      0.778
144     72      0.778
295     70      0.778
239     65      0.778
202     68      0.777
201     94      0.777
425     163     0.777
201     110     0.777
458     240     0.776
66      46      0.775
459     65      0.775
396     280     0.775
458     67      0.775
55      46      0.774
295     67      0.774
295     72      0.774
427     53      0.774
461     200     0.773
369     67      0.773
295     66      0.773
367     140     0.772
292     53      0.772
457     65      0.772
66      53      0.772
110     66      0.772
370     202     0.772
457     397     0.771
379     63      0.771
240     63      0.770
70      56      0.770
267     92      0.770
295     65      0.770
295     181     0.770
297     47      0.770
427     395     0.770
364     202     0.769
297     70      0.769
378     45      0.769
396     21      0.769
70      55      0.769
377     48      0.769
396     273     0.769
457     396     0.768
425     355     0.768
72      47      0.767
295     240     0.767
378     72      0.767
66      45      0.767
141     72      0.766
457     92      0.766
461     252     0.766
368     65      0.766
141     63      0.766
427     368     0.765
239     63      0.765
425     91      0.765
458     239     0.765
367     47      0.764
425     358     0.764
55      45      0.764
181     140     0.764
295     236     0.764
294     202     0.764
364     297     0.763
144     65      0.763
459     368     0.763
396     267     0.763
366     47      0.763
140     68      0.763
459     72      0.763
368     72      0.763
297     65      0.763
459     49      0.763
290     6       0.763
72      63      0.762
292     110     0.762
426     63      0.762
295     68      0.762
456     48      0.762
135     68      0.761
457     198     0.761
456     311     0.761
458     376     0.761
367     70      0.761
364     66      0.760
427     67      0.760
459     271     0.760
458     47      0.759
458     50      0.759
72      44      0.759
458     92      0.759
378     236     0.758
396     140     0.758
368     202     0.758
65      51      0.758
458     311     0.757
379     110     0.757
63      56      0.757
377     45      0.757
457     292     0.756
457     168     0.756
140     64      0.756
294     201     0.756
425     370     0.756
396     257     0.756
458     70      0.755
291     46      0.755
456     140     0.755
379     236     0.754
297     66      0.754
461     57      0.754
425     340     0.754
67      49      0.753
457     240     0.753
366     69      0.753
294     55      0.753
66      58      0.752
428     295     0.752
202     66      0.752
140     13      0.752
65      49      0.752
293     46      0.752
201     46      0.752
310     297     0.751
458     156     0.751
457     66      0.751
265     201     0.751
297     91      0.751
375     65      0.751
295     238     0.751
202     181     0.751
396     110     0.750
460     69      0.750
460     267     0.750
378     238     0.750
260     181     0.749
292     65      0.749
105     94      0.749
378     70      0.749
295     237     0.749
63      48      0.749
265     13      0.748
294     67      0.748
65      53      0.748
456     313     0.747
73      43      0.747
378     53      0.747
105     53      0.747
297     201     0.747
456     181     0.747
292     92      0.747
200     50      0.746
427     311     0.746
70      11      0.746
461     68      0.746
370     297     0.746
292     67      0.745
208     63      0.745
425     48      0.744
297     105     0.744
292     72      0.744
295     92      0.744
368     63      0.744
427     267     0.744
461     42      0.744
267     201     0.744
66      11      0.743
53      8       0.743
410     297     0.743
362     297     0.743
292     105     0.742
291     202     0.742
457     379     0.742
364     240     0.742
297     45      0.742
457     140     0.742
425     273     0.742
292     145     0.741
460     92      0.741
267     94      0.741
294     237     0.741
403     140     0.741
295     260     0.741
72      46      0.741
459     267     0.741
135     44      0.741
136     6       0.740
457     225     0.740
458     168     0.740
460     48      0.740
368     46      0.740
427     68      0.740
459     47      0.739
460     72      0.739
458     72      0.739
144     53      0.739
236     202     0.739
456     110     0.739
377     140     0.739
397     63      0.738
461     375     0.738
368     292     0.738
291     140     0.738
455     6       0.738
460     291     0.737
427     11      0.737
427     141     0.737
145     65      0.737
297     209     0.737
293     72      0.737
460     63      0.737
377     46      0.737
141     46      0.737
295     53      0.736
63      51      0.736
432     297     0.736
425     259     0.736
133     63      0.736
140     11      0.736
365     46      0.736
378     297     0.735
432     67      0.735
365     70      0.735
375     72      0.735
378     201     0.735
63      47      0.735
202     105     0.734
181     168     0.734
457     370     0.734
457     11      0.734
297     92      0.734
208     105     0.733
462     43      0.733
69      51      0.733
208     181     0.733
432     425     0.733
292     58      0.733
377     70      0.732
460     6       0.732
135     7       0.732
236     201     0.732
432     396     0.732
141     65      0.732
368     68      0.731
397     105     0.731
293     47      0.731
291     181     0.731
48      11      0.731
460     140     0.731
379     140     0.731
432     22      0.731
267     21      0.731
403     295     0.731
397     379     0.731
432     63      0.731
459     67      0.730
432     202     0.730
110     45      0.730
395     181     0.730
458     379     0.730
110     11      0.730
364     45      0.730
293     65      0.730
293     69      0.729
38      20      0.729
70      53      0.729
236     72      0.729
240     202     0.729
379     202     0.729
370     63      0.729
425     168     0.729
140     56      0.729
294     92      0.729
102     67      0.728
292     141     0.728
144     67      0.728
455     263     0.728
367     69      0.728
295     56      0.728
292     68      0.728
113     92      0.727
240     201     0.727
458     375     0.727
236     140     0.727
455     67      0.727
425     53      0.727
425     202     0.727
240     46      0.727
201     6       0.726
73      9       0.726
425     332     0.726
202     53      0.726
427     238     0.726
136     63      0.726
297     22      0.726
65      54      0.726
456     425     0.725
142     71      0.725
366     70      0.725
141     69      0.725
237     202     0.725
38      6       0.725
69      47      0.725
428     47      0.725
370     295     0.725
429     48      0.725
240     110     0.725
459     234     0.725
140     55      0.724
364     236     0.724
239     201     0.724
19      6       0.724
461     104     0.724
69      49      0.724
379     237     0.723
456     375     0.723
376     292     0.722
292     64      0.722
375     67      0.722
142     65      0.722
461     436     0.722
110     65      0.721
63      22      0.721
38      22      0.721
141     71      0.721
66      6       0.721
238     110     0.721
458     105     0.721
297     237     0.721
458     269     0.721
56      44      0.720
397     110     0.720
425     232     0.720
365     48      0.720
427     343     0.720
370     292     0.720
45      20      0.720
379     53      0.720
369     53      0.720
105     48      0.719
68      45      0.719
364     237     0.719
294     71      0.719
432     257     0.719
432     6       0.719
202     58      0.719
257     202     0.718
367     44      0.718
65      56      0.718
265     92      0.718
110     92      0.718
458     53      0.718
425     11      0.718
294     69      0.717
364     265     0.717
377     71      0.717
458     273     0.717
292     91      0.717
240     140     0.716
379     46      0.716
181     169     0.716
142     72      0.716
456     168     0.716
292     94      0.716
457     237     0.716
367     71      0.716
364     181     0.716
457     355     0.716
457     46      0.716
134     72      0.715
72      48      0.715
425     80      0.715
366     45      0.715
236     66      0.715
403     63      0.715
237     63      0.715
105     13      0.715
427     145     0.715
291     237     0.715
72      49      0.715
427     72      0.714
427     225     0.714
427     64      0.714
202     46      0.714
427     310     0.714
367     236     0.714
410     202     0.713
236     181     0.713
461     143     0.713
427     134     0.713
290     65      0.713
396     265     0.713
376     140     0.713
202     65      0.713
53      6       0.713
367     294     0.713
57      37      0.713
45      6       0.713
427     113     0.713
45      8       0.713
239     105     0.712
181     91      0.712
201     159     0.712
459     201     0.712
427     209     0.712
364     48      0.712
201     20      0.711
257     63      0.711
458     13      0.711
105     92      0.711
427     8       0.711
458     65      0.711
427     340     0.711
459     51      0.710
459     377     0.710
201     105     0.710
457     377     0.710
294     110     0.710
376     46      0.710
458     426     0.710
460     144     0.710
458     294     0.710
379     201     0.710
375     292     0.710
45      38      0.710
461     64      0.709
378     365     0.709
458     94      0.709
375     49      0.709
202     140     0.709
458     8       0.709
370     236     0.709
291     65      0.708
135     57      0.708
376     181     0.708
378     65      0.708
70      6       0.708
110     46      0.708
292     55      0.708
459     202     0.708
238     45      0.708
141     47      0.707
427     55      0.707
236     65      0.707
267     91      0.707
396     292     0.707
370     201     0.707
105     91      0.707
377     53      0.707
396     11      0.706
396     202     0.706
102     46      0.706
340     265     0.706
375     367     0.706
377     63      0.706
461     132     0.706
202     51      0.705
364     63      0.705
239     140     0.705
396     22      0.705
427     94      0.705
101     5       0.705
237     181     0.705
457     50      0.704
369     69      0.704
140     69      0.704
260     105     0.704
140     6       0.704
105     50      0.704
460     378     0.704
140     53      0.704
427     378     0.703
455     297     0.703
427     291     0.703
105     51      0.703
376     238     0.703
396     240     0.703
376     202     0.703
369     46      0.703
425     237     0.703
144     63      0.703
295     256     0.703
364     208     0.703
376     237     0.703
458     20      0.702
373     297     0.702
291     67      0.702
105     38      0.702
294     11      0.702
102     70      0.702
141     70      0.702
265     202     0.702
294     181     0.702
144     134     0.701
140     58      0.701
71      55      0.701
460     340     0.701
425     378     0.701
458     397     0.701
427     399     0.701
376     53      0.700
65      8       0.700
421     396     0.700
370     105     0.700
102     53      0.700
376     105     0.700
290     63      0.700
458     55      0.700
239     72      0.700
458     421     0.700
294     56      0.700
425     179     0.700
134     45      0.699
458     271     0.699
201     91      0.699
425     66      0.699
458     237     0.699
425     169     0.699
364     105     0.699
379     240     0.699
105     52      0.699
459     375     0.699
369     65      0.699
292     239     0.699
136     72      0.699
427     208     0.698
460     8       0.698
367     292     0.698
297     48      0.698
427     6       0.698
375     368     0.698
141     56      0.698
460     58      0.698
31      6       0.698
73      37      0.697
457     328     0.697
459     125     0.697
458     340     0.697
397     140     0.697
378     202     0.697
51      6       0.697
449     9       0.697
425     395     0.697
236     53      0.697
395     297     0.697
366     72      0.697
428     294     0.696
202     113     0.696
140     67      0.696
458     429     0.696
425     105     0.696
370     110     0.696
396     343     0.696
201     22      0.696
37      7       0.696
456     269     0.695
146     63      0.695
366     293     0.695
365     63      0.695
458     209     0.695
427     377     0.695
31      13      0.695
456     297     0.695
397     181     0.695
71      53      0.695
376     48      0.694
457     362     0.694
366     46      0.694
292     56      0.694
457     313     0.694
376     368     0.694
427     239     0.694
455     156     0.694
140     47      0.694
142     48      0.694
58      46      0.693
366     65      0.693
378     56      0.693
297     43      0.693
428     110     0.693
136     110     0.693
206     156     0.693
460     311     0.693
294     238     0.693
140     133     0.693
259     110     0.693
53      46      0.693
395     232     0.693
401     43      0.693
144     44      0.692
427     91      0.692
292     113     0.692
425     241     0.692
377     295     0.692
378     67      0.692
58      8       0.692
201     72      0.692
58      48      0.692
425     17      0.692
297     12      0.691
461     368     0.691
459     297     0.691
457     432     0.691
375     234     0.691
376     72      0.691
364     11      0.691
134     69      0.691
378     48      0.691
142     53      0.690
240     72      0.690
367     141     0.690
291     70      0.690
379     239     0.690
458     40      0.690
461     50      0.690
379     238     0.690
456     156     0.690
72      51      0.690
377     367     0.689
267     110     0.689
295     94      0.689
458     358     0.689
397     201     0.689
379     181     0.689
294     53      0.689
428     292     0.689
141     64      0.689
370     66      0.689
70      54      0.689
65      9       0.689
291     45      0.689
73      65      0.688
378     291     0.688
457     209     0.688
73      56      0.688
425     393     0.688
291     201     0.688
459     367     0.688
143     72      0.688
142     44      0.688
376     110     0.688
432     397     0.688
369     139     0.687
396     65      0.687
295     91      0.687
293     143     0.687
48      8       0.687
58      38      0.687
461     427     0.687
310     11      0.686
48      6       0.686
366     140     0.686
69      54      0.686
368     47      0.686
461     73      0.686
265     19      0.686
428     140     0.686
427     142     0.686
241     65      0.686
432     92      0.686
201     45      0.686
367     63      0.686
290     72      0.686
105     70      0.686
68      48      0.685
237     140     0.685
377     55      0.685
256     201     0.685
142     63      0.685
71      64      0.685
65      50      0.685
425     238     0.685
265     20      0.685
297     56      0.685