Prediction Made with CORNET:
a Neural Network based method trained using Correlated Mutations,
Sequence Conservation, Predicted Secondary structure of Proteins and
Evolutionary Information.
Authors Fariselli Piero, Olmea Osvaldo, Valencia Alfonso, Rita Casadio.
This method is an extension of the two following methods

Olmea O. and Valencia A. (1997) Fold. Des. 2: S25-32.

Fariselli P and Casadio R. (1999) Prot. Engng 12:15-21

#================================================================#

PREDICTION

Couple          Reliability
i       j
415     279     0.964
413     279     0.939
415     282     0.934
413     282     0.931
416     281     0.923
413     281     0.917
333     282     0.909
415     333     0.904
415     281     0.903
416     282     0.899
293     281     0.888
333     281     0.887
333     110     0.883
413     333     0.880
416     321     0.880
104     52      0.880
102     54      0.878
415     35      0.876
415     72      0.875
75      35      0.874
293     104     0.873
293     35      0.869
75      41      0.869
413     321     0.869
52      35      0.868
321     282     0.865
415     110     0.865
333     279     0.864
415     293     0.863
415     34      0.862
281     109     0.862
49      29      0.862
53      28      0.861
416     336     0.861
413     41      0.861
415     112     0.860
282     111     0.860
413     72      0.860
279     111     0.859
282     35      0.859
415     52      0.859
282     110     0.858
102     35      0.858
293     282     0.854
401     104     0.854
415     107     0.852
414     281     0.852
279     108     0.852
336     282     0.851
415     292     0.849
292     110     0.849
75      52      0.849
415     108     0.848
315     282     0.848
282     51      0.847
413     111     0.846
314     281     0.846
416     279     0.845
415     402     0.845
292     282     0.844
425     273     0.844
54      35      0.843
413     293     0.841
336     281     0.841
415     291     0.840
75      50      0.840
333     111     0.840
281     49      0.840
282     34      0.839
282     103     0.838
293     279     0.838
333     35      0.838
137     49      0.838
293     102     0.837
415     54      0.837
293     50      0.837
281     112     0.836
402     282     0.836
401     281     0.836
279     50      0.835
53      34      0.835
293     54      0.835
71      53      0.834
416     333     0.834
413     108     0.834
332     281     0.834
103     53      0.833
113     51      0.833
104     54      0.832
102     52      0.832
401     293     0.831
413     292     0.831
413     54      0.830
75      67      0.830
113     103     0.830
104     35      0.830
282     108     0.828
415     321     0.828
103     28      0.828
279     52      0.827
281     232     0.827
321     314     0.826
279     75      0.826
292     281     0.825
138     40      0.825
402     111     0.824
73      50      0.824
321     279     0.824
49      22      0.824
113     100     0.823
281     110     0.823
416     319     0.823
336     41      0.823
415     314     0.823
318     282     0.823
293     52      0.822
99      29      0.821
36      28      0.821
279     110     0.821
413     34      0.821
338     107     0.821
336     279     0.821
415     277     0.820
279     72      0.820
332     109     0.819
53      35      0.819
281     29      0.819
73      52      0.819
413     336     0.819
51      36      0.818
332     282     0.818
415     273     0.817
333     292     0.817
415     102     0.817
99      52      0.817
414     282     0.817
333     22      0.816
314     282     0.815
75      45      0.815
101     36      0.815
293     112     0.815
414     279     0.815
111     35      0.815
425     321     0.814
413     110     0.814
70      29      0.813
415     315     0.812
113     53      0.812
279     102     0.812
402     333     0.811
294     282     0.811
103     36      0.811
282     53      0.811
293     73      0.811
413     107     0.810
277     54      0.810
314     279     0.810
50      35      0.810
139     35      0.810
113     28      0.810
78      29      0.810
114     29      0.810
281     72      0.809
73      35      0.809
291     109     0.809
413     382     0.809
34      22      0.809
113     71      0.809
281     50      0.809
111     103     0.809
74      42      0.808
403     108     0.808
401     109     0.808
146     50      0.808
279     54      0.808
371     75      0.808
413     112     0.808
99      50      0.807
292     111     0.807
321     75      0.807
416     232     0.807
413     401     0.806
106     41      0.806
282     36      0.806
279     109     0.806
279     35      0.805
314     75      0.805
72      52      0.804
336     293     0.804
106     55      0.804
139     50      0.804
415     106     0.804
401     336     0.803
451     321     0.803
111     104     0.803
139     41      0.803
333     321     0.802
112     104     0.802
104     50      0.802
280     110     0.801
402     292     0.801
416     318     0.800
292     35      0.800
41      34      0.800
74      53      0.799
401     282     0.799
413     318     0.799
282     113     0.798
413     70      0.798
401     106     0.798
279     106     0.798
415     319     0.797
456     273     0.797
281     41      0.796
282     41      0.796
100     71      0.796
321     22      0.795
413     314     0.795
336     52      0.795
332     50      0.795
52      45      0.794
333     103     0.794
58      49      0.794
414     333     0.794
416     314     0.794
53      36      0.793
109     102     0.793
291     50      0.793
415     382     0.793
125     75      0.792
401     102     0.792
402     103     0.792
415     109     0.792
382     321     0.791
413     263     0.791
137     50      0.791
413     114     0.790
273     41      0.790
332     41      0.790
70      50      0.790
114     72      0.790
103     51      0.790
279     112     0.789
335     103     0.789
415     51      0.789
108     35      0.789
333     108     0.789
401     333     0.789
102     50      0.789
125     49      0.788
425     243     0.788
41      29      0.787
281     104     0.787
416     273     0.787
314     152     0.787
282     22      0.787
281     111     0.787
114     50      0.787
71      36      0.787
114     99      0.786
413     183     0.786
111     102     0.785
294     51      0.785
108     54      0.785
336     109     0.785
336     111     0.785
35      28      0.785
413     35      0.785
315     279     0.785
107     73      0.784
108     41      0.784
333     104     0.784
333     293     0.784
101     53      0.784
102     73      0.784
293     91      0.783
108     52      0.783
106     52      0.783
291     281     0.783
425     413     0.782
71      35      0.782
321     281     0.782
332     67      0.782
333     319     0.782
421     315     0.782
279     232     0.781
292     279     0.781
413     315     0.781
73      54      0.781
291     112     0.781
333     277     0.781
416     155     0.780
333     280     0.780
413     102     0.780
401     35      0.779
416     49      0.779
403     112     0.779
137     73      0.779
125     45      0.778
114     49      0.777
54      45      0.777
278     109     0.777
99      35      0.777
314     72      0.776
72      50      0.776
278     107     0.776
71      34      0.775
401     279     0.775
114     52      0.775
314     232     0.775
113     40      0.775
112     35      0.774
336     291     0.774
45      35      0.774
333     112     0.774
456     243     0.773
401     319     0.773
100     53      0.773
413     273     0.773
139     75      0.773
282     28      0.773
413     395     0.773
112     102     0.773
321     21      0.773
333     54      0.772
315     281     0.772
112     53      0.772
282     109     0.772
292     103     0.771
70      52      0.771
273     9       0.771
110     103     0.771
100     28      0.771
282     52      0.771
413     371     0.770
73      41      0.770
137     75      0.770
334     112     0.769
333     73      0.769
293     106     0.768
125     29      0.768
291     282     0.768
273     21      0.768
110     35      0.768
282     107     0.768
382     281     0.767
336     110     0.767
106     73      0.767
415     332     0.767
447     313     0.767
333     318     0.766
137     41      0.766
332     107     0.766
65      41      0.766
379     75      0.766
106     54      0.766
107     53      0.766
415     276     0.765
314     293     0.765
282     101     0.765
291     278     0.764
416     371     0.764
414     50      0.764
415     50      0.763
102     45      0.763
282     55      0.763
404     53      0.762
103     71      0.762
70      49      0.762
413     319     0.762
139     119     0.762
277     102     0.762
276     75      0.762
139     45      0.762
291     279     0.762
453     415     0.761
109     73      0.761
332     75      0.761
72      35      0.761
415     45      0.761
333     106     0.761
291     54      0.761
291     111     0.761
450     415     0.761
107     55      0.760
292     108     0.760
137     125     0.760
281     107     0.760
423     321     0.760
113     36      0.760
403     111     0.760
413     49      0.759
70      54      0.759
282     20      0.759
415     125     0.759
106     75      0.759
456     319     0.759
113     74      0.759
107     75      0.758
332     278     0.758
146     65      0.758
106     72      0.758
102     91      0.758
273     67      0.757
456     65      0.757
55      36      0.757
53      40      0.757
415     53      0.757
413     109     0.757
413     260     0.757
243     49      0.756
108     72      0.756
273     8       0.756
110     102     0.756
415     111     0.756
334     109     0.756
74      36      0.755
113     55      0.755
293     72      0.755
332     110     0.755
336     107     0.754
112     49      0.754
454     321     0.754
106     71      0.754
333     53      0.754
111     73      0.754
107     71      0.754
413     8       0.754
139     58      0.754
336     102     0.754
109     50      0.753
416     395     0.753
438     243     0.752
293     110     0.752
279     91      0.752
413     278     0.752
332     293     0.752
333     34      0.752
45      34      0.752
333     291     0.752
111     53      0.752
401     34      0.752
125     65      0.751
71      28      0.751
294     28      0.751
152     54      0.751
109     35      0.751
291     73      0.751
452     382     0.750
411     72      0.750
113     101     0.750
415     390     0.750
415     336     0.749
416     45      0.749
42      28      0.749
273     14      0.749
113     34      0.749
282     73      0.749
52      29      0.749
102     53      0.749
334     282     0.749
109     52      0.749
279     104     0.748
125     58      0.748
415     113     0.748
334     34      0.748
314     243     0.748
281     8       0.748
282     102     0.748
111     22      0.748
321     67      0.748
333     315     0.748
333     49      0.748
413     280     0.747
293     215     0.747
321     72      0.747
425     319     0.747
427     281     0.747
99      49      0.747
293     53      0.747
402     53      0.747
413     291     0.746
336     277     0.746
72      54      0.746
415     103     0.746
413     99      0.746
427     282     0.746
402     113     0.746
181     21      0.746
136     47      0.746
415     401     0.746
332     111     0.745
99      58      0.745
415     154     0.745
102     72      0.745
336     112     0.745
105     51      0.745
334     35      0.745
419     281     0.744
75      22      0.744
333     278     0.744
416     313     0.744
104     91      0.744
371     321     0.744
98      36      0.744
200     35      0.743
139     52      0.743
402     71      0.743
292     104     0.743
333     50      0.743
413     402     0.743
72      41      0.743
105     40      0.743
413     302     0.743
193     152     0.743
413     50      0.743
75      34      0.742
100     51      0.742
139     67      0.742
72      34      0.742
402     279     0.742
167     94      0.742
415     379     0.742
137     58      0.742
99      34      0.742
401     278     0.741
403     109     0.741
403     333     0.741
73      53      0.741
333     52      0.741
422     321     0.741
139     9       0.741
413     55      0.740
333     109     0.740
281     243     0.740
414     110     0.739
293     45      0.739
401     36      0.739
75      49      0.739
371     279     0.739
411     282     0.739
69      36      0.739
276     112     0.738
108     58      0.738
260     21      0.738
106     50      0.738
111     54      0.738
293     34      0.738
416     390     0.738
401     332     0.737
293     75      0.737
333     51      0.737
453     413     0.737
124     71      0.737
154     21      0.737
107     46      0.737
291     52      0.736
401     52      0.736
293     29      0.736
139     91      0.736
109     29      0.736
321     302     0.736
139     126     0.735
71      51      0.735
415     105     0.735
144     29      0.735
50      41      0.735
415     41      0.735
336     39      0.735
293     49      0.735
108     99      0.734
90      67      0.734
146     54      0.734
55      45      0.734
41      22      0.734
57      47      0.734
100     36      0.734
336     108     0.733
53      33      0.733
83      29      0.733
293     109     0.733
293     162     0.733
416     291     0.733
103     35      0.733
69      33      0.733
401     321     0.733
110     34      0.733
113     35      0.733
425     65      0.733
292     22      0.732
58      29      0.732
279     45      0.732
402     101     0.731
336     35      0.731
260     84      0.731
152     21      0.731
146     125     0.731
334     111     0.731
75      65      0.731
125     94      0.731
104     73      0.731
177     75      0.731
294     34      0.731
334     293     0.731
293     99      0.730
99      22      0.730
336     55      0.730
413     299     0.730
333     294     0.730
136     74      0.730
414     72      0.729
71      40      0.729
75      54      0.729
273     260     0.729
333     113     0.729
33      23      0.729
452     22      0.729
413     403     0.729
101     28      0.729
193     50      0.729
333     102     0.729
321     299     0.728
415     139     0.728
105     55      0.728
382     49      0.728
277     35      0.728
336     292     0.728
276     50      0.728
108     49      0.728
273     154     0.728
423     413     0.728
291     75      0.727
29      14      0.727
401     72      0.727
415     49      0.727
401     108     0.727
292     53      0.727
282     74      0.727
136     46      0.726
314     215     0.726
292     73      0.726
107     69      0.726
291     29      0.726
105     36      0.726
277     104     0.725
146     75      0.725
318     279     0.725
415     152     0.725
105     53      0.725
423     273     0.724
321     263     0.724
413     103     0.724
321     232     0.724
401     277     0.724
291     107     0.724
70      22      0.724
423     390     0.724
291     277     0.724
292     54      0.724
292     34      0.723
413     52      0.723
113     33      0.723
99      75      0.723
413     177     0.723
333     72      0.723
70      41      0.723
281     75      0.722
414     53      0.722
137     110     0.722
99      72      0.722
413     104     0.722
74      57      0.722
425     416     0.722
447     415     0.722
65      49      0.722
125     41      0.722
415     21      0.722
333     36      0.722
336     278     0.721
114     70      0.721
114     54      0.721
52      34      0.721
114     41      0.721
416     207     0.721
319     281     0.721
292     106     0.721
77      36      0.721
103     74      0.721
125     114     0.721
99      54      0.721
99      41      0.720
280     111     0.720
114     73      0.720
100     35      0.720
413     45      0.720
36      23      0.720
402     100     0.720
382     318     0.720
321     182     0.720
414     73      0.720
110     50      0.719
281     44      0.719
416     302     0.719
146     49      0.719
67      41      0.719
273     75      0.719
414     402     0.719
58      34      0.719
321     41      0.719
333     41      0.719
282     71      0.719
414     35      0.719
54      41      0.719
332     291     0.718
412     113     0.718
111     36      0.718
314     91      0.718
404     36      0.718
101     51      0.718
273     177     0.718
403     292     0.718
281     34      0.718
273     183     0.718
293     139     0.717
137     65      0.717
146     91      0.717
167     75      0.717
112     75      0.717
146     29      0.717
282     155     0.717
401     73      0.717
416     36      0.717
282     54      0.717
154     102     0.717
402     107     0.717
415     29      0.717
42      35      0.717
276     92      0.717
146     90      0.717
293     276     0.717
273     182     0.717
52      41      0.717
100     55      0.716
423     416     0.716
293     41      0.716
281     263     0.716
415     55      0.716
321     266     0.716
406     54      0.716
42      34      0.716
333     81      0.716
292     112     0.716
54      34      0.716
124     39      0.716
414     314     0.715
118     75      0.715
416     299     0.715
106     67      0.715
427     49      0.715
111     51      0.715
69      40      0.715
415     100     0.714
281     14      0.714
334     72      0.714
414     293     0.714
278     112     0.714
454     281     0.714
293     126     0.714
453     321     0.714
144     58      0.714
280     103     0.714
403     293     0.713
124     53      0.713
144     99      0.713
390     21      0.713
413     51      0.713
107     51      0.713
416     401     0.713
416     278     0.713
292     51      0.713
114     75      0.713
137     108     0.713
406     50      0.713
281     217     0.713
430     22      0.712
291     106     0.712
282     112     0.712
314     80      0.712
419     314     0.712
291     104     0.712
279     107     0.712
110     29      0.712
416     50      0.712
114     94      0.712
200     52      0.712
415     278     0.712
99      81      0.712
103     55      0.712
104     41      0.711
146     52      0.711
281     106     0.711
403     107     0.711
337     40      0.711
291     280     0.711
314     52      0.711
111     34      0.710
281     153     0.710
112     34      0.710
451     276     0.710
413     217     0.710
415     70      0.710
281     84      0.710
112     72      0.710
314     302     0.710
139     55      0.710
103     34      0.710
416     154     0.709
453     266     0.709
401     291     0.709
76      51      0.709
281     80      0.709
336     54      0.709
294     111     0.709
413     21      0.709
319     282     0.709
112     52      0.709
456     122     0.708
106     35      0.708
416     332     0.708
57      46      0.708
415     209     0.708
335     292     0.708
416     260     0.708
456     155     0.708
334     103     0.708
430     314     0.708
426     251     0.708
109     51      0.708
416     276     0.708
332     279     0.707
281     73      0.707
314     41      0.707
414     113     0.707
110     71      0.707
334     110     0.707
415     75      0.707
414     313     0.707
413     53      0.707
413     154     0.707
50      34      0.707
73      49      0.707
291     139     0.706
273     91      0.706
109     75      0.706
337     42      0.706
112     36      0.706
111     52      0.706
402     55      0.706
69      51      0.706
425     282     0.706
416     72      0.706
191     21      0.705
413     378     0.705
279     152     0.705
453     314     0.705
292     49      0.705
452     313     0.705
291     72      0.704
426     281     0.704
105     42      0.704
277     72      0.704
332     292     0.704
75      29      0.704
102     75      0.704
401     65      0.704
452     76      0.704
453     378     0.703
402     280     0.703
316     281     0.703
415     267     0.702
333     100     0.702
318     281     0.702
110     52      0.702
114     22      0.702
333     155     0.702
415     395     0.702
106     23      0.702
412     53      0.702
282     100     0.702
152     104     0.702
67      9       0.702
382     279     0.702
416     21      0.701
101     71      0.701
292     280     0.701
109     54      0.701
137     35      0.701
282     49      0.701
416     75      0.701
126     50      0.701
109     46      0.701
78      49      0.701
280     108     0.701
321     183     0.701
403     279     0.701
75      58      0.701
332     52      0.701
293     70      0.701
413     9       0.701
71      52      0.700
282     42      0.700
98      51      0.700
402     110     0.700
58      50      0.700
405     29      0.700
107     100     0.700
146     114     0.700
292     52      0.700