Prediction Made with CORNET:
a Neural Network based method trained using Correlated Mutations,
Sequence Conservation, Predicted Secondary structure of Proteins and
Evolutionary Information.
Authors Fariselli Piero, Olmea Osvaldo, Valencia Alfonso, Rita Casadio.
This method is an extension of the two following methods

Olmea O. and Valencia A. (1997) Fold. Des. 2: S25-32.

Fariselli P and Casadio R. (1999) Prot. Engng 12:15-21

#================================================================#

PREDICTION

Couple          Reliability
i       j
315     273     0.864
313     37      0.836
315     37      0.836
316     88      0.833
315     35      0.832
104     35      0.832
315     99      0.832
102     37      0.832
316     273     0.829
205     104     0.829
316     211     0.825
104     37      0.824
209     104     0.823
99      88      0.820
316     39      0.818
313     209     0.813
88      39      0.813
315     39      0.812
103     36      0.812
315     104     0.811
99      35      0.811
205     102     0.805
313     104     0.804
103     32      0.804
313     35      0.804
316     37      0.802
316     104     0.801
99      39      0.800
312     99      0.800
316     209     0.800
315     102     0.799
209     37      0.798
205     37      0.798
104     88      0.797
312     39      0.797
314     37      0.796
314     104     0.794
324     273     0.792
313     211     0.791
313     99      0.787
103     35      0.786
205     39      0.785
316     35      0.785
205     35      0.784
99      37      0.784
101     35      0.783
316     99      0.782
314     39      0.781
205     88      0.779
313     273     0.778
101     37      0.777
210     37      0.776
314     35      0.776
205     97      0.775
315     38      0.774
114     88      0.774
315     88      0.773
103     38      0.773
313     205     0.773
104     34      0.771
100     36      0.771
209     102     0.771
210     35      0.770
315     205     0.770
313     33      0.770
337     261     0.770
205     99      0.766
273     88      0.766
315     210     0.765
312     37      0.765
97      88      0.762
313     88      0.762
105     36      0.760
210     99      0.759
272     37      0.759
316     205     0.759
336     269     0.757
211     39      0.753
312     211     0.753
313     105     0.753
312     210     0.752
337     269     0.751
209     101     0.750
97      39      0.749
314     273     0.749
209     35      0.749
209     36      0.749
101     88      0.749
211     88      0.745
312     209     0.744
315     34      0.743
312     89      0.743
314     209     0.743
98      89      0.743
209     99      0.742
315     211     0.742
211     99      0.741
114     39      0.740
315     209     0.740
209     38      0.739
339     266     0.739
269     37      0.739
104     38      0.738
273     73      0.737
103     89      0.737
314     38      0.737
104     33      0.737
339     284     0.736
315     103     0.736
314     99      0.735
104     39      0.735
209     88      0.733
211     37      0.732
312     35      0.732
209     39      0.731
205     38      0.731
273     104     0.731
312     88      0.729
272     39      0.726
315     89      0.726
336     275     0.726
98      32      0.725
339     277     0.725
485     337     0.725
313     38      0.725
313     39      0.724
39      31      0.724
315     261     0.724
341     37      0.723
104     36      0.723
208     37      0.723
210     104     0.722
336     37      0.722
341     272     0.721
102     39      0.721
316     38      0.721
312     272     0.721
90      37      0.720
100     38      0.720
341     273     0.720
313     101     0.719
313     275     0.719
315     101     0.718
104     31      0.718
103     88      0.718
337     275     0.717
88      37      0.717
103     37      0.716
210     88      0.716
273     266     0.716
114     104     0.716
314     34      0.716
315     114     0.715
312     102     0.714
114     97      0.714
210     34      0.713
339     269     0.713
313     102     0.713
105     37      0.713
114     99      0.713
210     39      0.712
316     102     0.712
362     337     0.711
532     183     0.711
314     36      0.711
312     273     0.711
312     104     0.710
102     35      0.710
450     183     0.710
269     73      0.709
98      38      0.709
312     205     0.709
316     114     0.708
316     31      0.708
206     37      0.708
205     105     0.708
97      35      0.707
314     205     0.706
539     265     0.705
286     229     0.705
97      37      0.704
88      35      0.704
105     35      0.704
209     34      0.704
103     33      0.703
105     89      0.703
97      31      0.702
341     39      0.701
100     89      0.701
205     34      0.700
312     101     0.700
313     34      0.700
339     272     0.699
211     147     0.699
312     38      0.699
316     271     0.699
208     39      0.699
89      37      0.698
272     106     0.698
445     261     0.698
205     36      0.698
210     89      0.698
211     35      0.698
313     210     0.697
210     103     0.697
209     33      0.697
313     207     0.697
98      36      0.697
314     88      0.697
105     88      0.696
101     34      0.696
273     261     0.696
312     32      0.696
312     36      0.695
106     98      0.695
339     312     0.694
211     114     0.694
310     273     0.693
105     38      0.693
532     272     0.692
334     272     0.691
206     39      0.690
210     38      0.690
206     36      0.689
205     89      0.689
207     101     0.689
315     36      0.689
532     338     0.689
315     100     0.689
347     269     0.689
541     337     0.689
284     182     0.688
98      39      0.687
314     102     0.686
315     272     0.686
211     38      0.686
99      34      0.686
88      31      0.686
261     37      0.686
205     147     0.686
339     286     0.685
207     104     0.685
313     32      0.685
91      37      0.685
273     35      0.684
509     37      0.684
315     207     0.683
273     211     0.683
312     274     0.683
315     98      0.682
211     104     0.682
106     88      0.682
100     34      0.681
316     33      0.681
39      32      0.681
105     32      0.681
312     208     0.681
485     269     0.681
485     284     0.681
496     324     0.680
315     208     0.680
313     270     0.680
106     33      0.679
314     101     0.679
207     99      0.679
210     98      0.678
208     99      0.678
314     211     0.678
315     97      0.678
104     89      0.678
316     101     0.678
208     32      0.678
314     103     0.677
284     229     0.677
339     331     0.677
211     97      0.677
491     272     0.677
101     38      0.677
114     31      0.676
103     34      0.676
101     36      0.676
312     270     0.675
99      89      0.675
272     88      0.675
101     39      0.675
315     90      0.675
99      33      0.675
316     36      0.675
98      33      0.674
541     284     0.674
206     101     0.674
97      89      0.674
208     100     0.674
98      35      0.673
205     114     0.673
315     33      0.673
273     39      0.673
341     312     0.672
316     272     0.672
316     89      0.672
341     316     0.672
261     182     0.671
314     100     0.671
314     206     0.671
207     39      0.671
103     39      0.670
315     31      0.670
324     272     0.669
207     35      0.669
284     261     0.669
100     35      0.668
312     33      0.668
313     36      0.668
105     39      0.667
362     336     0.667
210     102     0.666
313     100     0.666
313     206     0.666
73      35      0.666
317     32      0.666
206     105     0.665
324     275     0.665
273     74      0.665
313     89      0.665
284     74      0.664
316     261     0.663
313     98      0.663
312     105     0.662
272     71      0.662
211     31      0.662
105     34      0.661
339     73      0.661
316     206     0.661
206     102     0.661
100     37      0.661
209     105     0.660
539     272     0.660
98      34      0.660
205     101     0.659
541     310     0.659
106     89      0.659
284     272     0.658
310     270     0.658
533     354     0.658
113     98      0.658
316     74      0.658
336     284     0.657
211     101     0.657
272     205     0.657
362     37      0.656
342     37      0.656
341     88      0.656
273     147     0.655
114     37      0.655
313     208     0.655
342     210     0.655
362     269     0.655
496     269     0.655
316     147     0.655
88      28      0.654
539     183     0.654
206     35      0.654
204     98      0.654
208     35      0.654
105     33      0.654
335     266     0.653
313     272     0.653
269     182     0.653
261     73      0.653
315     206     0.653
324     310     0.653
272     98      0.652
339     257     0.652
275     102     0.652
284     257     0.652
206     99      0.652
532     71      0.651
314     272     0.651
313     31      0.651
114     98      0.650
314     98      0.650
211     105     0.650
272     261     0.650
314     105     0.650
275     211     0.649
324     211     0.649
286     254     0.648
313     90      0.648
90      39      0.648
485     324     0.648
272     35      0.648
495     265     0.648
206     104     0.648
312     100     0.648
272     104     0.648
313     97      0.647
337     284     0.647
315     270     0.647
311     272     0.647
266     254     0.647
209     98      0.646
99      38      0.646
310     261     0.646
310     272     0.645
342     273     0.645
316     284     0.645
347     324     0.645
351     312     0.645
206     89      0.645
284     273     0.644
316     34      0.644
272     30      0.644
335     284     0.644
261     74      0.643
106     38      0.643
210     101     0.643
343     273     0.643
207     38      0.642
207     37      0.642
102     34      0.642
101     33      0.642
73      37      0.642
485     336     0.642
347     261     0.642
339     37      0.642
376     273     0.641
269     227     0.641
205     115     0.641
324     284     0.641
261     229     0.641
206     98      0.641
206     34      0.641
270     88      0.641
284     275     0.641
313     114     0.641
362     286     0.641
269     39      0.640
312     98      0.640
273     114     0.640
102     36      0.640
341     211     0.639
211     36      0.639
207     36      0.639
417     269     0.639
273     205     0.639
99      31      0.639
273     254     0.638
253     73      0.638
88      38      0.638
275     261     0.638
208     34      0.638
272     183     0.638
316     105     0.638
210     33      0.638
207     102     0.637
211     32      0.637
519     286     0.637
347     333     0.637
336     272     0.637
114     35      0.637
89      38      0.637
341     205     0.637
314     210     0.637
208     102     0.637
99      90      0.637
336     229     0.636
207     100     0.636
261     254     0.636
211     33      0.636
384     284     0.636
316     98      0.636
315     32      0.635
314     106     0.635
316     32      0.635
316     210     0.635
324     229     0.635
324     97      0.635
310     269     0.635
113     88      0.635
105     98      0.634
209     103     0.634
272     265     0.634
313     40      0.634
269     261     0.634
100     39      0.633
211     98      0.633
209     100     0.633
269     229     0.633
284     37      0.633
341     269     0.632
316     275     0.632
539     338     0.632
347     275     0.632
205     87      0.632
208     88      0.631
324     316     0.631
316     40      0.631
89      39      0.631
324     261     0.630
315     105     0.630
324     88      0.630
342     32      0.630
341     104     0.630
205     106     0.630
207     33      0.630
316     270     0.629
312     275     0.629
342     211     0.629
312     97      0.629
88      40      0.628
87      39      0.627
284     211     0.627
106     39      0.627
204     106     0.627
312     34      0.627
341     275     0.627
205     40      0.626
336     73      0.626
210     114     0.626
315     286     0.625
333     284     0.625
272     209     0.625
316     207     0.625
312     114     0.625
98      37      0.625
99      36      0.625
98      88      0.624
211     113     0.624
270     211     0.624
272     89      0.624
275     147     0.623
491     249     0.623
211     91      0.623
539     337     0.623
350     312     0.623
209     97      0.623
88      74      0.623
314     89      0.623
339     182     0.622
314     207     0.622
350     316     0.622
284     219     0.622
114     106     0.621
114     102     0.621
88      36      0.621
313     269     0.621
114     87      0.620
356     336     0.620
312     28      0.620
501     286     0.619
253     37      0.619
316     90      0.619
337     324     0.619
211     102     0.619
273     182     0.618
541     347     0.618
205     113     0.618
208     98      0.617
342     39      0.617
541     183     0.617
208     104     0.617
356     312     0.617
114     27      0.617
206     38      0.617
314     271     0.617
343     114     0.617
100     33      0.617
337     266     0.617
206     33      0.616
324     270     0.615
435     269     0.615
208     105     0.615
313     147     0.615
356     275     0.615
253     175     0.615
540     272     0.615
533     272     0.615
316     97      0.615
210     100     0.615
313     103     0.614
114     89      0.614
312     147     0.614
339     275     0.614
98      30      0.614
272     28      0.614
324     269     0.613
350     211     0.613
315     269     0.613
310     147     0.613
286     219     0.613
39      27      0.613
205     98      0.613
99      91      0.613
342     313     0.613
205     90      0.612
106     29      0.612
342     272     0.612
211     34      0.612
435     337     0.612
341     284     0.612
541     286     0.612
485     266     0.612
207     88      0.612
114     34      0.611
207     98      0.611
88      34      0.611
205     28      0.611
336     261     0.611
97      40      0.611
342     312     0.611
102     88      0.610
208     33      0.610
102     38      0.610
339     273     0.610
335     183     0.610
207     89      0.610
105     28      0.610
106     37      0.609
284     35      0.609
273     99      0.609
104     73      0.609
339     72      0.609
284     269     0.609
541     266     0.609
362     284     0.609
209     32      0.609
205     31      0.608
210     31      0.608
315     284     0.608
97      28      0.607
205     100     0.607
341     229     0.607
313     261     0.607
210     115     0.607
106     90      0.607
269     253     0.607
106     31      0.607
91      39      0.606
205     32      0.606
347     312     0.606
311     211     0.606
496     338     0.606
286     37      0.606
114     38      0.606
209     89      0.606
485     272     0.605
313     91      0.605
284     266     0.605
316     100     0.605
88      33      0.605
114     40      0.605
90      38      0.605
347     270     0.605
316     91      0.605
97      34      0.604
316     277     0.604
324     266     0.604
210     105     0.603
337     229     0.603
341     270     0.603
211     40      0.603
284     73      0.603
211     89      0.603
333     272     0.603
284     277     0.603
299     37      0.602
541     324     0.602
93      29      0.602
205     91      0.602
314     114     0.601
311     275     0.601
332     261     0.601
332     284     0.601
176     37      0.601
273     102     0.600
384     275     0.600
314     208     0.600
257     229     0.600
275     104     0.600
342     98      0.600
206     103     0.600
206     114     0.600
541     272     0.599
347     339     0.599
489     336     0.599
501     337     0.599
310     276     0.599
417     336     0.598
324     147     0.598
97      90      0.597
207     32      0.597
357     275     0.597
312     91      0.597
99      73      0.597
315     147     0.597
270     182     0.597
343     205     0.596
266     257     0.596
269     104     0.596
314     97      0.596
206     88      0.596
114     107     0.596
342     315     0.596
314     33      0.596
317     98      0.595
286     35      0.595
312     269     0.595
315     115     0.595
210     97      0.595
362     270     0.594
314     91      0.594
209     114     0.594
104     90      0.593
316     73      0.593
336     286     0.593
204     30      0.593
312     204     0.593
114     101     0.593
343     211     0.593
316     208     0.593
332     273     0.592
522     338     0.592
272     211     0.592
317     204     0.592
316     28      0.592
342     88      0.591
435     324     0.591
313     271     0.590
339     74      0.590
99      74      0.590
286     74      0.590
272     99      0.590
269     147     0.589
350     88      0.589
334     269     0.589
114     91      0.589
314     90      0.589
91      35      0.589
106     35      0.588
315     91      0.588
312     40      0.588
310     266     0.588
522     183     0.588
279     272     0.588
496     337     0.588
354     312     0.588
272     105     0.588
356     337     0.588
286     261     0.587
314     32      0.587
317     274     0.587
97      27      0.587
312     106     0.587
208     89      0.587
316     269     0.587
509     337     0.587
274     103     0.587
339     39      0.586
356     272     0.586
347     211     0.586
477     272     0.586
275     28      0.586
356     269     0.586
324     183     0.586
341     40      0.586
97      33      0.585
356     88      0.585
211     28      0.585
284     183     0.585
211     106     0.585
205     33      0.585
114     105     0.584
335     269     0.584
207     103     0.583
362     332     0.583
273     209     0.583
269     211     0.583
335     211     0.583
312     90      0.583
315     106     0.583
445     336     0.583
342     205     0.583
284     270     0.583
362     275     0.583
312     206     0.583
207     106     0.583
339     211     0.582
114     36      0.582
104     32      0.582
115     39      0.582
342     104     0.582
324     5       0.581
347     147     0.581
211     115     0.581
445     272     0.581
261     35      0.581
312     113     0.581
114     30      0.581
347     284     0.581
356     211     0.581
312     103     0.580
89      35      0.580
254     182     0.580
106     99      0.580
312     115     0.580
357     205     0.580
532     173     0.580
106     36      0.579
317     89      0.579
315     271     0.579
313     30      0.579
208     101     0.579
116     37      0.579
350     273     0.579
284     39      0.579
205     182     0.578
310     30      0.578
532     269     0.578
339     254     0.578
312     31      0.578
39      28      0.578
313     115     0.578
315     28      0.578
310     277     0.577
275     97      0.577
329     272     0.577
106     34      0.577
284     88      0.576
313     274     0.576
207     114     0.576
115     88      0.576
338     272     0.576
261     5       0.576
270     37      0.576
37      28      0.576
336     312     0.576
40      33      0.576
357     182     0.575
341     97      0.575
435     272     0.575
273     37      0.575
356     347     0.575
73      39      0.575
333     273     0.575
106     32      0.574
96      32      0.574
273     257     0.574
103     90      0.574
273     77      0.573
114     28      0.573
540     249     0.573
90      35      0.573
347     337     0.573
284     5       0.573
350     333     0.573
209     147     0.573
336     211     0.573
329     316     0.573
316     106     0.572
362     211     0.572
113     87      0.572
272     182     0.572
97      74      0.572
347     336     0.572
340     273     0.572
541     254     0.572
384     337     0.572
342     316     0.572
341     89      0.572
362     254     0.572
341     315     0.571
270     39      0.571
114     33      0.571
116     39      0.571
313     284     0.571
329     269     0.571
313     27      0.571
311     147     0.570
347     332     0.570
332     272     0.570
485     286     0.570
343     39      0.570
261     104     0.569
273     170     0.569
210     36      0.568
490     337     0.568
312     207     0.568
204     147     0.568
485     435     0.568
284     254     0.568
316     229     0.568
227     37      0.567
88      27      0.567
114     32      0.567
97      32      0.567
311     88      0.566
541     273     0.566
269     254     0.566
339     229     0.566
273     97      0.565
261     219     0.565
314     28      0.565
343     275     0.565
206     32      0.565
333     270     0.565
343     204     0.565
339     171     0.565
343     88      0.565
273     31      0.565
539     71      0.565
313     28      0.565
113     106     0.565
350     114     0.564
357     284     0.564
342     99      0.564
310     284     0.564
204     103     0.564
342     209     0.564
485     182     0.563
312     271     0.563
450     338     0.563
316     274     0.563
275     88      0.563
532     284     0.563
445     316     0.563
445     284     0.563
350     97      0.563
336     316     0.563
541     114     0.563
207     34      0.563
539     266     0.562
337     260     0.562
209     106     0.562
286     39      0.562
362     74      0.562
269     175     0.562
337     286     0.562
310     97      0.562
277     266     0.561
313     182     0.561
204     96      0.561
362     182     0.561
496     339     0.561
340     272     0.561
265     183     0.561
342     90      0.561
356     311     0.560
205     27      0.560
286     257     0.560
286     266     0.560
352     316     0.560
339     332     0.560
310     28      0.560
316     115     0.560
313     204     0.560
343     31      0.560
540     265     0.560
339     261     0.560
98      90      0.559
343     33      0.559
286     277     0.559
272     103     0.559
102     33      0.559
35      28      0.559
105     87      0.559
316     103     0.558
106     97      0.558
266     182     0.558
101     89      0.558
336     265     0.558
313     254     0.558
315     87      0.558
330     272     0.558
104     87      0.558
335     254     0.558
317     205     0.557
299     35      0.557
106     87      0.557
466     180     0.557
341     106     0.557
253     229     0.557
450     272     0.557
273     72      0.557
335     275     0.557
272     254     0.556
364     261     0.556
335     73      0.556
362     73      0.556
205     152     0.555
317     39      0.555
211     27      0.555
286     73      0.555
332     266     0.555
311     98      0.555
299     99      0.555
99      40      0.555
337     277     0.555
105     97      0.555
356     316     0.554
205     73      0.554
114     29      0.554
350     272     0.554
275     37      0.554
356     274     0.554
337     175     0.554
266     37      0.554
338     71      0.554
324     179     0.554
206     87      0.554
376     284     0.554
105     31      0.553
310     275     0.553
343     272     0.553
347     316     0.553
519     37      0.553
284     175     0.553
445     343     0.553
336     79      0.553
104     28      0.553
332     324     0.553
211     204     0.553
299     261     0.552
354     333     0.552
106     30      0.552
272     34      0.552
39      29      0.552
113     90      0.552
266     227     0.552
102     89      0.551
357     337     0.551
261     79      0.551
324     114     0.551
101     31      0.551
211     87      0.551
204     88      0.551
522     71      0.551
347     97      0.551
341     210     0.551
312     261     0.551
335     272     0.551
273     233     0.550
337     272     0.550
338     183     0.550
272     74      0.550
316     286     0.550
313     73      0.550
316     204     0.550
541     229     0.549
253     181     0.549
97      38      0.549
329     73      0.549
272     41      0.549
335     261     0.549
342     204     0.549
509     254     0.549
272     38      0.548
266     74      0.548
274     96      0.548
324     296     0.548
435     336     0.548
316     27      0.548
533     274     0.548
335     324     0.547
204     97      0.547
276     183     0.547
541     88      0.547
356     273     0.547
343     312     0.547
491     183     0.547
270     147     0.547
341     314     0.547
341     324     0.547
206     91      0.546
38      31      0.546
339     88      0.546
496     284     0.546
314     269     0.546
324     312     0.546
313     277     0.546
147     37      0.546
341     261     0.546
51      37      0.546
314     31      0.546
273     28      0.546
88      32      0.546
204     105     0.545