Prediction Made with CORNET:
a Neural Network based method trained using Correlated Mutations,
Sequence Conservation, Predicted Secondary structure of Proteins and
Evolutionary Information.
Authors Fariselli Piero, Olmea Osvaldo, Valencia Alfonso, Rita Casadio.
This method is an extension of the two following methods

Olmea O. and Valencia A. (1997) Fold. Des. 2: S25-32.

Fariselli P and Casadio R. (1999) Prot. Engng 12:15-21

#================================================================#

PREDICTION

Couple          Reliability
i       j
143     52      0.916
164     47      0.916
389     56      0.912
143     98      0.911
368     289     0.907
367     122     0.899
96      52      0.893
390     289     0.893
164     52      0.892
165     143     0.892
141     47      0.891
143     47      0.889
164     29      0.889
143     29      0.885
102     56      0.884
371     117     0.884
391     233     0.881
122     99      0.880
390     143     0.879
123     28      0.879
200     56      0.878
389     206     0.877
141     29      0.876
117     29      0.875
144     29      0.875
47      29      0.875
96      58      0.874
56      44      0.874
425     289     0.870
233     40      0.870
41      28      0.870
141     58      0.870
165     123     0.870
369     119     0.870
165     29      0.867
368     119     0.867
370     43      0.865
123     52      0.863
42      28      0.863
144     97      0.863
143     56      0.863
369     289     0.861
370     118     0.860
389     42      0.860
143     28      0.859
96      28      0.859
123     41      0.858
164     144     0.855
368     241     0.854
99      32      0.854
117     44      0.853
368     121     0.852
96      56      0.851
164     123     0.851
97      44      0.851
144     42      0.850
119     56      0.850
368     164     0.849
369     143     0.849
164     143     0.849
370     51      0.847
373     271     0.845
233     56      0.845
372     99      0.844
369     44      0.844
235     97      0.844
326     56      0.843
415     289     0.843
143     45      0.843
392     369     0.842
164     45      0.842
47      28      0.842
392     58      0.841
390     164     0.841
390     41      0.840
390     28      0.839
371     29      0.839
392     97      0.839
164     118     0.838
371     165     0.838
143     119     0.837
428     180     0.837
51      43      0.837
143     58      0.836
389     117     0.836
392     41      0.836
97      29      0.836
373     98      0.835
371     44      0.835
235     56      0.835
389     164     0.834
369     29      0.834
55      28      0.834
163     52      0.834
428     326     0.833
393     165     0.833
123     29      0.833
165     117     0.833
389     165     0.833
368     98      0.832
368     47      0.832
117     98      0.831
389     62      0.831
144     44      0.831
164     119     0.830
390     29      0.830
119     52      0.830
370     120     0.830
392     29      0.830
392     165     0.829
388     206     0.829
368     46      0.829
392     289     0.829
141     52      0.829
118     43      0.828
371     206     0.828
97      52      0.828
96      29      0.827
233     59      0.827
143     123     0.827
164     44      0.827
372     116     0.827
117     46      0.827
389     289     0.826
144     47      0.826
119     47      0.826
117     42      0.826
371     144     0.825
164     28      0.825
368     52      0.825
368     143     0.825
373     100     0.824
428     56      0.824
392     39      0.824
368     337     0.824
372     53      0.823
164     117     0.823
165     144     0.823
58      24      0.823
141     56      0.823
164     42      0.822
144     117     0.822
368     144     0.821
164     27      0.821
368     118     0.821
270     56      0.821
235     144     0.821
389     144     0.820
368     123     0.820
368     165     0.820
165     41      0.820
143     42      0.820
368     117     0.819
121     52      0.819
101     52      0.819
164     56      0.819
367     45      0.819
164     120     0.818
165     44      0.818
277     56      0.818
367     118     0.818
117     52      0.818
123     47      0.818
118     28      0.818
143     44      0.818
119     28      0.817
390     369     0.817
41      29      0.817
118     45      0.816
368     29      0.816
392     144     0.815
389     143     0.815
98      52      0.815
373     165     0.814
428     308     0.814
120     43      0.813
373     142     0.813
164     145     0.813
165     56      0.812
371     145     0.812
371     164     0.811
164     141     0.810
123     56      0.810
145     44      0.810
45      29      0.810
50      29      0.809
165     47      0.809
164     58      0.809
392     293     0.809
164     98      0.809
119     50      0.808
165     145     0.808
368     113     0.808
367     32      0.808
144     52      0.808
163     54      0.808
123     98      0.808
143     118     0.808
368     45      0.808
164     97      0.808
101     29      0.808
43      28      0.807
369     117     0.807
392     145     0.807
164     96      0.807
392     123     0.807
367     47      0.807
97      56      0.807
119     98      0.807
97      42      0.807
40      30      0.806
390     47      0.806
398     289     0.806
378     289     0.806
370     45      0.806
52      29      0.805
143     117     0.805
270     200     0.805
121     98      0.804
96      47      0.804
235     123     0.803
144     118     0.803
44      29      0.803
165     119     0.802
120     51      0.802
392     217     0.802
163     56      0.802
143     120     0.801
370     165     0.801
389     28      0.801
371     42      0.801
375     57      0.801
144     56      0.800
388     145     0.800
145     29      0.799
390     44      0.799
368     44      0.799
101     27      0.799
123     42      0.799
164     41      0.799
368     28      0.799
234     164     0.799
368     96      0.799
119     29      0.798
96      45      0.798
122     27      0.798
117     47      0.797
117     97      0.797
165     50      0.796
389     97      0.795
391     28      0.795
97      39      0.795
117     45      0.795
393     55      0.795
142     99      0.795
392     50      0.794
120     98      0.794
400     206     0.794
119     44      0.794
392     233     0.793
393     28      0.793
145     30      0.793
373     52      0.793
373     43      0.793
373     118     0.793
369     258     0.793
369     145     0.793
143     50      0.792
392     119     0.792
235     44      0.792
392     235     0.792
41      27      0.791
388     201     0.791
98      29      0.791
389     180     0.791
119     42      0.790
42      29      0.790
392     44      0.789
97      47      0.789
367     120     0.789
392     270     0.789
163     98      0.789
101     56      0.789
390     145     0.789
47      27      0.789
368     134     0.789
368     120     0.788
98      27      0.788
97      50      0.788
428     217     0.788
144     39      0.787
122     52      0.787
120     52      0.787
389     26      0.787
119     97      0.787
164     50      0.787
389     102     0.787
165     96      0.786
118     98      0.786
165     28      0.786
39      29      0.786
119     45      0.786
367     142     0.786
120     45      0.785
120     29      0.785
369     50      0.785
143     113     0.785
233     44      0.784
371     47      0.784
389     29      0.784
143     41      0.784
390     371     0.784
371     50      0.784
389     270     0.784
143     27      0.783
365     271     0.783
98      55      0.783
163     43      0.783
145     28      0.783
368     345     0.783
373     164     0.782
165     45      0.782
47      34      0.782
234     47      0.782
145     50      0.782
144     45      0.781
143     46      0.781
143     96      0.781
96      57      0.781
163     51      0.781
144     119     0.781
326     200     0.781
370     98      0.781
391     51      0.781
375     55      0.781
289     180     0.780
393     145     0.780
369     47      0.780
58      41      0.780
389     139     0.780
367     162     0.780
393     123     0.779
54      46      0.779
392     117     0.779
233     26      0.779
101     40      0.779
144     96      0.779
52      44      0.778
368     31      0.778
369     28      0.778
141     27      0.778
389     44      0.777
44      28      0.777
121     43      0.777
393     206     0.777
98      47      0.777
428     271     0.777
96      50      0.776
392     143     0.776
388     143     0.776
370     49      0.776
101     45      0.776
392     337     0.775
373     28      0.775
392     56      0.775
164     51      0.775
206     139     0.775
123     58      0.775
389     197     0.775
163     42      0.774
391     370     0.774
398     206     0.774
391     43      0.774
390     370     0.774
145     117     0.774
388     58      0.774
428     62      0.773
369     98      0.773
52      31      0.773
391     120     0.773
122     97      0.773
392     48      0.773
428     258     0.773
369     120     0.773
389     145     0.773
206     56      0.772
164     43      0.772
41      34      0.772
141     97      0.772
50      41      0.772
101     43      0.772
117     50      0.772
43      30      0.772
393     180     0.772
58      29      0.772
52      34      0.772
241     200     0.772
390     165     0.772
390     206     0.772
371     97      0.772
369     45      0.771
389     52      0.771
368     141     0.771
50      28      0.771
156     56      0.771
368     326     0.771
121     30      0.771
368     51      0.771
144     50      0.771
165     42      0.770
50      39      0.770
389     173     0.770
389     374     0.770
369     206     0.770
141     28      0.770
368     206     0.770
56      26      0.769
163     40      0.769
390     50      0.769
389     235     0.768
100     46      0.768
122     29      0.768
388     101     0.767
235     143     0.767
165     97      0.767
270     156     0.766
368     42      0.766
123     113     0.766
206     175     0.766
142     46      0.766
389     47      0.766
369     270     0.765
389     50      0.765
378     350     0.765
393     56      0.765
390     269     0.765
234     27      0.764
119     62      0.764
98      31      0.764
79      56      0.764
144     98      0.764
145     119     0.763
392     28      0.763
369     165     0.762
389     167     0.762
389     166     0.762
367     51      0.762
369     326     0.762
386     289     0.762
145     98      0.762
206     180     0.762
99      45      0.761
121     27      0.761
400     201     0.761
392     55      0.761
121     44      0.761
102     58      0.761
393     201     0.761
233     48      0.761
389     217     0.761
164     122     0.760
164     30      0.760
368     277     0.760
388     27      0.760
165     30      0.760
166     100     0.759
120     48      0.759
47      31      0.759
118     53      0.759
49      31      0.759
366     200     0.759
118     44      0.759
117     28      0.759
117     99      0.759
393     58      0.759
428     270     0.758
371     30      0.758
369     164     0.758
233     200     0.758
143     30      0.758
123     55      0.758
370     41      0.757
389     368     0.757
369     97      0.757
98      51      0.757
393     164     0.757
390     144     0.757
235     119     0.756
373     45      0.756
141     34      0.756
117     56      0.756
118     51      0.756
98      43      0.756
98      45      0.756
389     337     0.756
373     115     0.756
52      27      0.756
369     144     0.756
120     27      0.756
371     52      0.756
142     116     0.755
389     123     0.755
164     113     0.755
145     97      0.755
51      27      0.755
389     326     0.755
393     96      0.754
167     145     0.754
370     47      0.754
43      31      0.754
58      44      0.754
388     164     0.754
326     293     0.753
101     57      0.753
389     233     0.753
375     101     0.753
164     57      0.753
98      41      0.752
163     115     0.752
206     50      0.752
120     40      0.752
390     97      0.752
393     41      0.751
167     56      0.751
123     115     0.751
370     46      0.751
57      43      0.751
143     43      0.751
369     52      0.751
388     57      0.751
292     180     0.751
119     30      0.750
370     29      0.750
369     304     0.750
368     97      0.750
388     166     0.750
373     51      0.750
48      40      0.750
390     121     0.749
96      27      0.749
367     52      0.749
101     47      0.749
43      27      0.749
235     117     0.749
167     72      0.749
393     326     0.748
425     241     0.748
389     237     0.747
390     58      0.747
369     30      0.747
163     30      0.747
392     200     0.747
121     51      0.747
122     46      0.746
390     119     0.746
42      30      0.746
144     120     0.746
97      30      0.746
165     98      0.745
270     201     0.745
390     52      0.745
368     43      0.745
206     165     0.745
48      30      0.745
165     51      0.745
368     275     0.745
144     123     0.745
371     98      0.745
389     113     0.744
392     353     0.744
165     120     0.744
141     45      0.744
123     96      0.744
367     164     0.744
120     47      0.743
39      26      0.743
144     28      0.743
235     40      0.743
393     143     0.743
392     30      0.743
391     27      0.743
102     42      0.743
263     200     0.742
392     252     0.742
165     101     0.742
164     101     0.742
123     50      0.742
370     55      0.741
428     52      0.741
389     41      0.741
163     27      0.741
163     120     0.741
55      44      0.741
206     141     0.741
389     58      0.741
120     30      0.741
141     50      0.741
370     143     0.740
145     41      0.740
165     141     0.740
235     50      0.740
144     46      0.740
368     27      0.740
372     120     0.740
234     28      0.740
408     289     0.739
326     268     0.739
206     145     0.739
389     39      0.739
270     238     0.738
145     47      0.738
425     63      0.738
58      47      0.738
117     96      0.738
144     55      0.738
371     45      0.738
142     57      0.738
144     41      0.738
101     50      0.738
427     375     0.738
58      50      0.737
388     263     0.737
162     99      0.737
144     30      0.737
139     63      0.737
368     39      0.736
389     308     0.736
392     368     0.736
392     326     0.736
97      55      0.736
33      26      0.736
390     123     0.736
164     121     0.736
370     96      0.736
368     271     0.736
98      50      0.736
120     97      0.735
102     26      0.735
375     166     0.735
121     29      0.735
162     53      0.735
367     30      0.735
153     56      0.735
428     113     0.735
164     55      0.735
370     119     0.735
391     57      0.735
46      26      0.734
165     52      0.734
57      41      0.734
162     116     0.734
391     45      0.734
96      39      0.734
145     96      0.734
391     98      0.734
371     118     0.733
389     258     0.733
375     51      0.733
371     28      0.733
389     277     0.733
326     289     0.733
375     269     0.733
101     28      0.733
97      45      0.733
58      28      0.733
372     143     0.733
164     46      0.732
123     39      0.732
391     118     0.732
368     57      0.732
48      29      0.732
206     164     0.732
118     41      0.731
142     27      0.731
46      29      0.731
370     164     0.731
145     101     0.731
270     58      0.731
156     58      0.731
143     57      0.731
375     267     0.731
368     50      0.731
50      42      0.731
374     141     0.730
415     350     0.730
237     96      0.730
388     28      0.730
392     180     0.730
163     57      0.730
119     41      0.730
200     58      0.729
165     58      0.729
101     58      0.729
358     180     0.729
145     52      0.729
55      39      0.729
163     142     0.729
166     142     0.729
390     96      0.729
368     258     0.729
56      16      0.729
144     27      0.729
390     293     0.728
373     117     0.728
400     56      0.728
116     32      0.728
113     56      0.728
420     289     0.728
390     30      0.728
141     117     0.728
372     163     0.728
366     100     0.728
389     273     0.727
145     45      0.727
390     101     0.727
120     31      0.727
389     369     0.727
97      46      0.727
236     43      0.726
386     326     0.726
398     200     0.726
145     56      0.726
428     139     0.726
167     153     0.726
236     118     0.726
370     28      0.725
393     29      0.725
425     350     0.725
165     40      0.725
123     97      0.725
40      29      0.725
369     121     0.725
235     42      0.725
140     54      0.724
164     24      0.724
392     206     0.724
208     141     0.724
101     30      0.724
371     263     0.724
391     270     0.724
45      27      0.724
368     122     0.724
165     118     0.724
388     123     0.724
55      41      0.723
40      28      0.723
390     55      0.723
392     40      0.723
393     293     0.723
389     200     0.723
389     263     0.723
118     29      0.723
371     119     0.723
368     180     0.723
392     52      0.723
58      34      0.722
163     140     0.722
165     121     0.722
97      43      0.722
345     271     0.722
371     123     0.722
142     41      0.722
167     58      0.722
54      33      0.721
373     180     0.721
371     200     0.721
389     119     0.721
235     164     0.721
123     48      0.721
233     117     0.721
369     42      0.721
372     51      0.721
388     30      0.720
206     41      0.720
410     270     0.720
398     24      0.720
62      9       0.720
120     50      0.720
390     27      0.720
392     277     0.720
428     165     0.720
102     28      0.720
391     164     0.720
51      28      0.720
58      39      0.720
235     26      0.719
165     46      0.719
370     142     0.719
390     270     0.719
208     52      0.719
233     100     0.719
164     34      0.719
236     142     0.719
345     180     0.719
393     175     0.719
400     270     0.719
292     98      0.718
71      57      0.718
389     33      0.718
99      28      0.718
238     55      0.718
121     45      0.718
144     43      0.718
78      56      0.718
99      29      0.718
390     98      0.718
375     169     0.718
293     275     0.718
200     63      0.718
237     44      0.718
372     30      0.717
372     44      0.717
373     122     0.717
153     17      0.717
368     270     0.717
117     102     0.717
368     163     0.717
58      40      0.717
428     156     0.717
121     47      0.717
369     41      0.716
97      41      0.716
163     28      0.716
234     144     0.716
34      27      0.716
121     100     0.716
50      30      0.716
392     258     0.716
409     241     0.716
200     55      0.716
55      34      0.716
398     56      0.716
118     47      0.716
428     325     0.716
393     275     0.716
234     98      0.715
145     42      0.715
388     141     0.715
391     49      0.715
371     180     0.715
326     201     0.715
323     56      0.715
44      30      0.715
390     31      0.715
392     308     0.714
393     144     0.714
46      27      0.714
237     165     0.714
367     143     0.714
234     43      0.714
163     113     0.714
180     134     0.713
120     49      0.713
235     41      0.713
392     153     0.713
235     175     0.713
389     30      0.713
388     270     0.713
55      24      0.713
236     51      0.713
390     241     0.713
121     46      0.712