Prediction Made with CORNET:
a Neural Network based method trained using Correlated Mutations,
Sequence Conservation, Predicted Secondary structure of Proteins and
Evolutionary Information.
Authors Fariselli Piero, Olmea Osvaldo, Valencia Alfonso, Rita Casadio.
This method is an extension of the two following methods

Olmea O. and Valencia A. (1997) Fold. Des. 2: S25-32.

Fariselli P and Casadio R. (1999) Prot. Engng 12:15-21

#================================================================#

PREDICTION

Couple          Reliability
i       j
466     309     0.862
466     277     0.840
466     453     0.834
308     34      0.819
466     451     0.814
309     204     0.812
466     336     0.811
468     87      0.807
306     202     0.806
467     309     0.806
309     202     0.803
308     266     0.801
466     266     0.799
468     305     0.790
466     308     0.784
467     277     0.784
466     112     0.784
309     198     0.784
460     451     0.781
309     266     0.780
466     36      0.778
306     204     0.778
468     277     0.777
468     309     0.776
306     198     0.774
103     34      0.773
329     262     0.773
467     308     0.772
468     113     0.771
466     204     0.771
308     36      0.768
308     198     0.767
467     266     0.766
451     277     0.765
305     204     0.764
466     306     0.761
468     451     0.760
308     203     0.758
466     329     0.757
467     306     0.756
305     202     0.748
305     203     0.747
308     30      0.745
466     254     0.744
467     38      0.744
307     202     0.743
466     86      0.743
308     87      0.742
198     96      0.742
466     335     0.739
467     36      0.737
308     202     0.737
308     103     0.736
427     277     0.735
307     36      0.734
305     198     0.733
308     37      0.733
460     329     0.732
467     34      0.732
309     87      0.732
100     34      0.731
468     259     0.730
308     204     0.729
306     34      0.729
307     34      0.729
38      30      0.728
96      87      0.726
309     30      0.725
103     36      0.724
306     32      0.722
307     103     0.721
467     335     0.720
460     277     0.720
308     33      0.720
453     266     0.717
198     34      0.716
467     30      0.716
204     30      0.715
470     349     0.715
460     259     0.714
332     259     0.713
308     96      0.713
452     176     0.712
468     198     0.712
98      34      0.711
202     103     0.711
466     419     0.710
467     176     0.709
469     331     0.709
466     103     0.708
466     4       0.707
306     36      0.706
332     277     0.705
452     331     0.704
308     99      0.702
446     329     0.702
468     453     0.701
307     198     0.700
96      34      0.700
198     36      0.699
309     38      0.699
467     198     0.697
466     30      0.697
470     4       0.697
202     36      0.697
307     35      0.696
309     36      0.696
470     451     0.696
306     33      0.695
306     200     0.695
96      30      0.694
101     34      0.693
305     201     0.692
470     29      0.692
309     34      0.692
198     87      0.691
470     427     0.690
467     451     0.690
308     200     0.689
317     266     0.689
87      30      0.689
306     203     0.688
466     446     0.688
305     38      0.687
466     194     0.687
466     450     0.687
468     37      0.686
308     86      0.686
467     452     0.686
307     204     0.686
101     36      0.685
97      34      0.685
306     266     0.684
470     450     0.684
332     262     0.684
329     268     0.683
467     37      0.683
308     35      0.682
466     243     0.682
202     100     0.682
101     30      0.682
307     199     0.681
98      87      0.681
198     103     0.681
442     4       0.681
307     33      0.680
468     317     0.680
203     34      0.680
468     38      0.680
100     36      0.679
450     262     0.679
104     35      0.679
101     35      0.678
202     34      0.678
330     262     0.677
98      36      0.676
102     31      0.676
277     175     0.676
306     103     0.676
468     308     0.675
309     199     0.675
418     31      0.674
99      34      0.674
266     259     0.674
468     262     0.673
468     202     0.672
310     31      0.672
97      35      0.672
100     35      0.671
306     87      0.670
87      38      0.669
103     30      0.669
467     247     0.669
308     101     0.669
419     30      0.668
309     103     0.668
466     305     0.668
96      38      0.668
202     32      0.667
104     97      0.667
467     96      0.667
102     35      0.666
204     87      0.666
96      36      0.665
99      37      0.665
201     31      0.664
203     36      0.664
103     33      0.664
306     199     0.663
199     36      0.663
87      27      0.663
470     457     0.662
309     35      0.662
102     34      0.662
308     38      0.662
309     100     0.661
308     98      0.661
305     87      0.661
467     307     0.661
305     36      0.661
427     17      0.660
466     317     0.660
308     254     0.659
277     247     0.659
100     87      0.659
467     204     0.659
203     33      0.658
468     329     0.658
468     176     0.657
308     201     0.657
467     254     0.657
467     113     0.657
446     325     0.657
308     100     0.657
308     102     0.657
307     38      0.656
468     450     0.656
104     34      0.656
308     199     0.656
202     87      0.656
198     38      0.656
450     277     0.656
466     96      0.655
467     35      0.655
86      38      0.655
103     87      0.655
340     262     0.655
97      37      0.654
306     35      0.654
427     329     0.654
450     266     0.653
460     175     0.652
98      33      0.651
467     98      0.651
468     266     0.650
329     247     0.649
470     329     0.649
305     266     0.648
113     87      0.647
469     29      0.647
306     100     0.647
466     97      0.647
309     277     0.647
450     259     0.647
460     340     0.647
330     254     0.647
309     27      0.646
198     33      0.646
466     443     0.645
467     305     0.645
450     279     0.645
306     101     0.645
96      33      0.644
202     35      0.643
201     99      0.643
199     30      0.643
34      27      0.643
307     98      0.642
309     37      0.642
307     100     0.641
111     87      0.641
467     265     0.641
199     34      0.641
306     201     0.641
451     309     0.641
467     86      0.641
470     175     0.640
450     329     0.640
87      34      0.640
449     176     0.640
198     113     0.640
38      27      0.640
308     27      0.639
329     254     0.639
466     427     0.639
307     266     0.639
113     96      0.639
460     227     0.639
460     427     0.639
98      35      0.639
99      35      0.639
112     87      0.639
98      30      0.638
451     17      0.638
460     349     0.638
457     259     0.638
309     200     0.637
113     34      0.637
306     37      0.636
450     309     0.636
307     37      0.636
332     305     0.636
457     427     0.635
453     309     0.635
466     203     0.634
36      27      0.634
307     87      0.634
307     102     0.634
468     4       0.633
307     200     0.633
266     247     0.633
466     340     0.633
306     30      0.632
305     35      0.632
470     453     0.632
309     203     0.632
469     309     0.632
87      36      0.631
199     101     0.631
317     204     0.631
198     35      0.630
468     427     0.630
451     247     0.630
453     277     0.629
308     113     0.629
446     289     0.629
460     279     0.629
307     203     0.629
30      17      0.628
100     33      0.628
259     247     0.628
96      27      0.628
203     30      0.627
203     96      0.627
198     86      0.627
460     4       0.627
204     38      0.627
308     97      0.627
453     329     0.626
203     112     0.626
332     270     0.626
104     33      0.626
340     317     0.625
197     95      0.625
202     98      0.625
203     97      0.625
100     30      0.625
96      86      0.624
113     86      0.624
37      30      0.623
466     67      0.623
467     411     0.622
307     96      0.622
199     104     0.622
203     102     0.621
100     32      0.621
305     263     0.621
317     303     0.621
201     36      0.620
329     277     0.620
202     37      0.620
457     277     0.620
305     100     0.620
277     266     0.620
470     87      0.620
446     277     0.620
307     30      0.619
467     453     0.619
469     176     0.619
467     85      0.619
306     263     0.618
198     37      0.618
277     204     0.618
467     112     0.618
204     34      0.618
344     305     0.618
450     377     0.618
266     204     0.618
306     98      0.617
309     201     0.617
466     38      0.617
204     96      0.617
355     262     0.617
305     34      0.616
304     204     0.616
467     114     0.616
305     267     0.616
467     450     0.616
204     113     0.615
468     30      0.615
309     254     0.615
467     199     0.615
468     452     0.614
103     35      0.614
467     329     0.614
334     266     0.614
450     326     0.614
198     30      0.614
451     336     0.614
97      32      0.614
309     32      0.614
460     336     0.613
199     35      0.613
467     340     0.613
203     100     0.613
349     204     0.613
470     460     0.612
102     37      0.612
103     37      0.612
101     37      0.611
203     37      0.611
427     176     0.611
308     277     0.611
469     305     0.611
460     262     0.611
103     32      0.611
277     250     0.611
254     247     0.611
99      36      0.611
199     33      0.610
306     96      0.609
349     305     0.609
199     27      0.609
308     32      0.609
104     37      0.609
450     176     0.609
427     263     0.609
466     34      0.608
305     265     0.608
204     36      0.608
277     262     0.608
451     427     0.607
308     112     0.607
202     101     0.607
465     454     0.607
101     33      0.607
203     87      0.606
466     363     0.606
466     350     0.605
199     87      0.605
468     457     0.604
466     292     0.604
308     104     0.604
309     86      0.604
468     306     0.604
470     27      0.604
329     317     0.604
202     33      0.604
468     332     0.603
199     38      0.603
198     98      0.603
277     263     0.603
204     86      0.603
307     97      0.602
466     247     0.602
112     96      0.602
468     343     0.602
86      36      0.602
96      88      0.602
446     374     0.601
457     282     0.601
460     86      0.601
468     85      0.601
104     36      0.601
335     204     0.601
99      33      0.601
309     247     0.600
418     28      0.600
343     305     0.600
309     264     0.600
113     30      0.600
306     99      0.600
277     212     0.599
102     32      0.599
305     98      0.599
467     103     0.598
317     309     0.598
262     175     0.598
332     250     0.598
418     267     0.598
204     100     0.598
303     266     0.597
277     254     0.597
411     86      0.597
204     27      0.597
457     17      0.596
453     268     0.596
308     263     0.596
303     263     0.596
307     201     0.595
305     113     0.595
453     279     0.595
305     37      0.595
113     36      0.595
467     168     0.595
200     100     0.595
305     262     0.595
305     86      0.595
101     32      0.594
307     86      0.594
305     197     0.594
466     276     0.594
470     262     0.594
377     277     0.594
307     101     0.594
104     32      0.593
411     87      0.593
332     175     0.593
355     329     0.593
330     277     0.593
101     38      0.593
468     331     0.593
468     247     0.593
204     35      0.592
419     87      0.592
466     31      0.592
310     197     0.592
329     175     0.592
329     204     0.592
469     427     0.592
308     88      0.592
306     113     0.592
309     101     0.591
96      37      0.591
453     335     0.591
466     106     0.591
471     265     0.591
466     29      0.591
309     98      0.591
86      34      0.590
467     202     0.590
38      26      0.590
332     324     0.590
457     270     0.589
343     309     0.589
305     31      0.589
467     442     0.589
411     30      0.589
340     332     0.589
457     254     0.589
105     28      0.589
305     199     0.588
466     202     0.588
198     27      0.588
427     340     0.588
469     86      0.588
469     452     0.588
199     96      0.587
343     204     0.587
419     266     0.587
450     247     0.587
277     227     0.587
467     28      0.587
451     442     0.586
305     112     0.586
114     27      0.586
306     31      0.586
466     85      0.586
411     96      0.586
317     277     0.586
38      31      0.585
204     111     0.585
303     17      0.585
105     31      0.585
468     336     0.585
355     330     0.585
254     175     0.585
202     30      0.585
112     37      0.585
468     98      0.584
309     262     0.584
310     28      0.584
102     33      0.584
466     156     0.584
317     259     0.584
334     305     0.584
458     331     0.583
309     263     0.583
451     325     0.583
468     254     0.583
306     104     0.583
309     96      0.583
460     309     0.583
95      28      0.583
104     87      0.582
262     247     0.582
419     198     0.582
453     4       0.582
303     262     0.582
466     454     0.581
86      37      0.581
203     88      0.580
104     30      0.580
470     402     0.580
427     87      0.579
468     29      0.579
113     103     0.579
469     404     0.579
450     164     0.579
410     305     0.579
330     317     0.578
277     176     0.578
112     86      0.578
310     198     0.578
349     262     0.578
111     38      0.578
460     87      0.578
103     38      0.578
112     36      0.578
411     198     0.578
202     99      0.577
199     103     0.577
17      4       0.577
450     103     0.577
410     87      0.577
97      88      0.577
35      27      0.577
306     262     0.577
466     176     0.577
470     263     0.577
97      36      0.577
335     203     0.577
97      33      0.577
199     86      0.577
203     99      0.576
102     36      0.576
340     254     0.576
460     198     0.576
468     103     0.576
266     175     0.576
427     334     0.576
412     87      0.576
467     325     0.576
306     27      0.576
470     305     0.575
340     305     0.575
114     30      0.575
460     27      0.575
349     309     0.575
451     176     0.575
411     305     0.575
305     200     0.574
470     38      0.574
303     247     0.574
113     99      0.574
460     17      0.574
306     29      0.574
328     277     0.574
334     277     0.574
349     340     0.573
470     331     0.573
101     87      0.573
112     100     0.573
468     340     0.573
38      28      0.573
466     113     0.573
104     31      0.573
467     87      0.573
468     307     0.573
369     266     0.572
305     88      0.572
411     34      0.572
471     317     0.572
270     259     0.572
411     306     0.572
39      28      0.572
87      35      0.572
460     341     0.572
470     350     0.572
468     235     0.572
204     103     0.571
427     265     0.571
469     147     0.571
427     332     0.571
104     27      0.571
98      38      0.571
266     254     0.571
460     332     0.571
468     88      0.570
332     247     0.570
113     100     0.570
468     204     0.570
466     279     0.570
203     103     0.570
349     317     0.570
305     30      0.570
202     112     0.570
468     333     0.569
95      31      0.569
105     87      0.569
322     309     0.569
309     113     0.568
469     456     0.568
467     29      0.568
468     334     0.568
412     305     0.567
112     34      0.567
306     97      0.567
101     27      0.567
329     279     0.567
466     452     0.567
114     87      0.567
355     277     0.567
309     197     0.566
201     34      0.566
340     263     0.566
468     112     0.566
203     113     0.566
470     112     0.566
349     330     0.566
427     30      0.565
470     150     0.565
277     259     0.565
336     198     0.565
451     4       0.565
469     410     0.565
419     17      0.565
309     33      0.564
202     96      0.564
87      37      0.564
98      86      0.564
259     175     0.564
303     254     0.563
198     175     0.563
309     259     0.563
262     226     0.563
340     204     0.563
150     87      0.563
450     335     0.563
111     86      0.562
200     102     0.562
38      17      0.562
112     38      0.562
305     268     0.562
350     198     0.562
470     85      0.562
202     97      0.562
203     98      0.561
442     309     0.561
199     88      0.561
427     58      0.561
453     331     0.561
198     88      0.560
410     86      0.560
335     4       0.560
470     404     0.560
103     27      0.560
470     259     0.560
305     101     0.559
332     266     0.559
468     10      0.559
308     265     0.559
469     325     0.559
305     96      0.559
334     262     0.559
470     198     0.559
203     86      0.559
377     175     0.559
470     317     0.559
204     112     0.559
470     148     0.559
266     198     0.559
459     265     0.559
99      87      0.559
329     263     0.559
350     175     0.558
349     329     0.558
468     201     0.557
198     100     0.557
304     202     0.557
329     265     0.557
457     262     0.557
204     197     0.557
450     254     0.557
199     98      0.557
464     176     0.557
317     176     0.556
100     86      0.556
460     328     0.556
307     112     0.556
347     305     0.556
468     335     0.556
453     326     0.556
113     37      0.556
247     175     0.556
468     86      0.555
335     305     0.555
466     449     0.555
412     37      0.555
451     279     0.555
467     222     0.555
307     27      0.555
329     259     0.555
317     263     0.554
306     247     0.554
37      27      0.554
100     37      0.554
198     150     0.554
427     38      0.554
466     98      0.554
427     279     0.554
471     262     0.554
468     268     0.554
317     265     0.553
449     331     0.553
277     171     0.553
411     308     0.553
468     355     0.553
460     402     0.553
450     227     0.553
334     309     0.553
404     95      0.553
305     27      0.552
200     99      0.552
259     250     0.552
336     266     0.552
112     30      0.552
198     112     0.552
203     38      0.552
466     101     0.551
286     247     0.551
335     198     0.551
112     98      0.551
307     99      0.551
466     104     0.551
305     28      0.551
37      29      0.551
332     279     0.551
466     37      0.551
325     317     0.551
466     76      0.550
451     330     0.550
304     265     0.550
340     277     0.550
412     95      0.550
98      32      0.550
470     314     0.550
468     341     0.550
468     411     0.550
466     87      0.549
201     112     0.549
112     95      0.549
467     336     0.549
90      30      0.549
96      35      0.549
200     36      0.548
306     197     0.548
103     96      0.548
305     99      0.548
334     204     0.548
467     317     0.548
303     277     0.548
317     4       0.548
467     17      0.548
325     254     0.548
202     86      0.547
262     4       0.547
340     309     0.547
330     259     0.547
411     27      0.547
305     32      0.546
310     96      0.546
427     317     0.546
198     101     0.546
204     101     0.545
105     89      0.545
450     336     0.545
453     103     0.545
204     17      0.545
466     259     0.545
466     35      0.544
332     164     0.544
329     322     0.544
113     38      0.544
469     310     0.544
106     87      0.544
103     86      0.544
450     4       0.544
470     39      0.544
112     31      0.544
467     326     0.544
309     99      0.543
470     123     0.543
329     163     0.543
102     87      0.543
411     204     0.543
427     4       0.543
453     336     0.542
204     98      0.542
427     402     0.542
410     198     0.542
355     263     0.542
265     176     0.542
309     112     0.541
199     100     0.541
451     329     0.541
309     175     0.541
349     175     0.541
466     333     0.541
349     198     0.541
349     197     0.541
204     37      0.541
113     32      0.541
309     97      0.541
329     227     0.541
277     168     0.540
205     197     0.540
201     103     0.540
340     4       0.540
325     262     0.540
308     31      0.540
467     76      0.540
469     346     0.540
112     99      0.540
330     4       0.540
453     254     0.540
202     38      0.540
277     270     0.540
345     309     0.540
468     330     0.539
449     277     0.539
332     325     0.539
469     115     0.539
111     26      0.539
96      32      0.539
468     104     0.539
349     4       0.539
199     28      0.539
104     88      0.538
257     175     0.538
88      37      0.538
469     265     0.538
452     265     0.538
308     29      0.538
317     262     0.538
112     103     0.538
469     329     0.538
470     341     0.538
204     33      0.537
306     88      0.537
450     250     0.537
263     175     0.537
308     262     0.537
317     198     0.537
470     17      0.537
399     4       0.536
200     35      0.536
466     199     0.536
33      26      0.536
329     202     0.536
467     250     0.536
466     263     0.536