Prediction Made with CORNET:
a Neural Network based method trained using Correlated Mutations,
Sequence Conservation, Predicted Secondary structure of Proteins and
Evolutionary Information.
Authors Fariselli Piero, Olmea Osvaldo, Valencia Alfonso, Rita Casadio.
This method is an extension of the two following methods

Olmea O. and Valencia A. (1997) Fold. Des. 2: S25-32.

Fariselli P and Casadio R. (1999) Prot. Engng 12:15-21

#================================================================#

PREDICTION

Couple          Reliability
i       j
375     360     0.941
427     279     0.926
427     313     0.923
427     360     0.921
427     58      0.908
281     102     0.903
375     168     0.898
281     134     0.895
427     168     0.894
375     93      0.894
103     59      0.893
360     313     0.892
357     313     0.892
279     60      0.891
427     60      0.890
281     103     0.887
375     357     0.883
313     279     0.882
427     103     0.882
427     174     0.876
426     57      0.876
282     102     0.875
427     367     0.874
375     367     0.874
102     60      0.872
312     230     0.871
357     279     0.869
357     282     0.868
107     58      0.867
279     59      0.867
132     103     0.866
279     102     0.866
425     360     0.866
371     167     0.866
386     360     0.864
375     313     0.864
103     60      0.864
132     62      0.863
62      54      0.863
357     134     0.862
230     189     0.861
281     60      0.859
375     279     0.859
427     62      0.859
313     189     0.859
132     58      0.858
279     52      0.857
124     60      0.855
427     312     0.855
427     59      0.855
429     360     0.854
103     62      0.854
134     103     0.854
357     230     0.854
107     59      0.854
397     279     0.853
124     102     0.853
375     163     0.850
324     313     0.850
357     102     0.850
394     360     0.849
124     59      0.849
375     324     0.849
385     230     0.847
427     124     0.847
223     102     0.847
278     102     0.847
377     127     0.847
279     189     0.847
61      53      0.847
324     18      0.846
360     279     0.846
279     132     0.846
124     103     0.845
102     62      0.845
281     124     0.844
282     134     0.844
279     124     0.843
279     62      0.843
279     103     0.842
443     230     0.841
427     282     0.840
375     49      0.840
107     93      0.839
230     58      0.839
377     360     0.838
428     283     0.838
313     51      0.836
313     132     0.835
377     102     0.835
360     107     0.834
279     230     0.834
132     59      0.834
374     314     0.833
132     60      0.833
124     61      0.833
132     56      0.833
427     49      0.832
102     54      0.832
279     63      0.832
426     283     0.832
427     189     0.831
281     163     0.830
375     63      0.830
377     324     0.830
375     127     0.830
360     132     0.830
107     51      0.830
124     54      0.829
222     102     0.829
375     73      0.828
124     62      0.827
371     357     0.827
223     103     0.827
400     357     0.827
427     357     0.827
386     174     0.827
357     132     0.825
281     189     0.825
426     103     0.825
394     313     0.824
398     313     0.824
279     134     0.824
427     56      0.823
375     124     0.823
400     313     0.823
106     57      0.823
424     189     0.823
102     56      0.822
279     58      0.822
377     279     0.822
397     360     0.822
132     124     0.821
278     60      0.821
357     63      0.821
375     62      0.821
168     132     0.821
279     168     0.821
103     63      0.821
103     55      0.820
124     63      0.820
278     189     0.819
134     102     0.819
282     107     0.819
357     324     0.819
189     132     0.819
427     102     0.818
430     189     0.817
436     313     0.816
427     281     0.816
371     124     0.816
278     134     0.816
427     135     0.816
281     135     0.815
426     124     0.815
222     103     0.815
226     103     0.815
377     281     0.814
60      51      0.814
124     55      0.813
222     55      0.813
134     105     0.813
427     314     0.812
357     189     0.812
375     321     0.812
227     103     0.811
226     58      0.811
281     224     0.811
398     357     0.811
282     59      0.811
108     62      0.811
230     174     0.811
103     58      0.811
321     313     0.808
107     62      0.808
399     313     0.808
398     312     0.808
425     357     0.806
387     375     0.806
398     230     0.806
324     49      0.806
189     102     0.805
426     169     0.805
427     222     0.805
375     189     0.805
433     189     0.805
224     103     0.805
377     63      0.805
281     57      0.804
132     102     0.804
283     189     0.803
278     168     0.803
230     60      0.803
430     324     0.803
230     188     0.803
135     103     0.803
132     93      0.802
107     49      0.802
313     134     0.802
281     105     0.802
313     230     0.801
102     58      0.801
367     313     0.800
357     52      0.800
398     360     0.800
360     312     0.800
386     124     0.800
223     60      0.800
357     124     0.799
281     59      0.799
371     165     0.798
281     62      0.798
425     51      0.798
279     54      0.798
134     54      0.797
394     367     0.796
278     59      0.796
313     58      0.796
282     132     0.796
188     52      0.796
359     103     0.796
279     223     0.796
359     313     0.795
387     324     0.795
107     63      0.795
387     313     0.795
226     134     0.794
188     60      0.794
189     60      0.794
222     124     0.794
189     134     0.794
435     189     0.794
426     281     0.794
375     58      0.794
313     103     0.794
427     310     0.794
168     58      0.793
222     134     0.793
132     49      0.793
278     103     0.793
314     189     0.793
63      54      0.792
117     93      0.792
394     312     0.792
377     124     0.792
313     168     0.792
357     168     0.792
102     52      0.792
375     337     0.792
124     107     0.792
167     124     0.791
103     54      0.791
324     168     0.791
373     313     0.791
313     124     0.791
374     283     0.790
375     18      0.790
135     102     0.790
224     60      0.790
282     189     0.790
189     124     0.789
360     102     0.789
377     313     0.789
430     321     0.788
224     134     0.788
62      55      0.788
134     52      0.787
377     230     0.787
103     61      0.787
387     357     0.787
279     55      0.787
426     356     0.787
102     55      0.787
435     324     0.787
230     166     0.787
375     156     0.787
436     230     0.786
386     313     0.786
357     206     0.786
426     314     0.786
359     124     0.786
60      52      0.786
222     105     0.786
359     279     0.786
107     52      0.785
224     59      0.785
102     59      0.785
425     103     0.785
424     356     0.785
426     102     0.785
313     135     0.785
357     281     0.785
313     102     0.785
135     55      0.785
312     279     0.785
398     124     0.785
397     127     0.784
434     230     0.784
281     63      0.784
281     56      0.784
222     135     0.784
281     55      0.784
132     54      0.784
375     134     0.783
375     70      0.783
426     105     0.783
104     60      0.783
360     124     0.783
223     54      0.783
189     59      0.783
360     282     0.782
313     188     0.782
281     226     0.782
360     230     0.781
397     387     0.781
168     107     0.781
102     90      0.781
282     124     0.781
377     163     0.780
102     57      0.780
224     102     0.780
397     174     0.780
435     174     0.779
436     357     0.779
124     58      0.779
230     103     0.779
386     367     0.779
282     58      0.779
279     224     0.779
427     55      0.779
133     61      0.778
135     56      0.778
105     56      0.778
279     56      0.778
359     59      0.778
394     174     0.777
357     278     0.777
426     368     0.777
133     103     0.776
105     55      0.776
283     124     0.776
357     54      0.776
225     60      0.776
427     61      0.775
226     102     0.775
132     55      0.775
278     230     0.775
359     62      0.775
427     278     0.775
375     230     0.774
313     63      0.774
427     54      0.773
132     63      0.773
123     62      0.773
425     312     0.773
282     225     0.772
230     62      0.772
357     59      0.772
351     124     0.772
223     124     0.771
230     132     0.771
387     360     0.771
192     167     0.771
360     168     0.771
425     189     0.771
425     279     0.770
362     314     0.770
425     58      0.770
222     106     0.770
399     324     0.770
377     103     0.770
278     132     0.770
134     60      0.770
397     313     0.770
230     168     0.769
427     73      0.769
357     283     0.769
426     222     0.769
389     375     0.768
399     387     0.768
371     126     0.768
375     59      0.768
375     21      0.768
398     126     0.768
399     279     0.768
278     52      0.768
425     134     0.768
399     230     0.767
428     314     0.767
223     189     0.767
357     103     0.767
430     377     0.766
229     103     0.766
389     313     0.766
282     62      0.766
223     134     0.766
102     39      0.766
397     375     0.766
230     135     0.765
105     59      0.765
430     375     0.764
168     54      0.764
282     52      0.764
313     166     0.763
226     60      0.763
399     375     0.763
227     135     0.763
358     124     0.763
357     58      0.763
102     61      0.763
377     174     0.763
376     313     0.763
222     189     0.762
436     312     0.762
226     124     0.761
357     314     0.761
107     56      0.761
399     357     0.761
314     116     0.761
424     167     0.761
399     168     0.761
386     156     0.760
425     321     0.760
400     321     0.760
375     247     0.760
436     189     0.760
360     103     0.760
387     367     0.759
313     52      0.759
398     336     0.759
282     104     0.759
386     357     0.759
188     54      0.759
416     189     0.758
360     189     0.758
399     367     0.758
321     124     0.758
377     156     0.757
427     400     0.757
400     324     0.757
397     321     0.757
389     324     0.757
435     124     0.757
281     54      0.757
372     281     0.757
426     61      0.756
387     132     0.756
389     174     0.756
137     62      0.756
189     135     0.756
279     108     0.756
313     107     0.756
443     427     0.756
282     223     0.756
424     314     0.756
163     11      0.755
106     55      0.755
225     135     0.755
358     103     0.755
427     132     0.755
229     132     0.754
429     313     0.754
281     222     0.754
376     167     0.754
425     283     0.754
435     377     0.754
227     132     0.753
189     168     0.753
419     189     0.753
123     103     0.753
168     156     0.753
108     59      0.753
425     102     0.752
105     61      0.752
222     61      0.752
230     124     0.752
359     107     0.752
324     189     0.752
282     103     0.752
430     127     0.752
371     53      0.752
230     102     0.751
377     334     0.751
223     56      0.751
397     90      0.751
377     108     0.751
367     360     0.751
137     54      0.751
123     58      0.751
399     360     0.751
427     230     0.751
278     222     0.751
377     321     0.751
386     291     0.750
108     58      0.750
358     59      0.750
313     249     0.750
199     54      0.750
400     387     0.750
359     134     0.750
228     102     0.750
359     132     0.749
357     174     0.749
375     312     0.749
279     127     0.749
381     313     0.749
387     279     0.749
223     62      0.749
281     132     0.748
313     90      0.748
375     11      0.748
124     57      0.748
135     60      0.748
375     132     0.748
134     124     0.747
123     102     0.747
312     168     0.747
377     60      0.746
188     103     0.746
375     103     0.746
103     52      0.746
279     226     0.746
104     59      0.746
394     168     0.745
427     93      0.745
387     168     0.745
436     324     0.745
400     378     0.745
394     93      0.745
394     155     0.745
223     132     0.745
321     230     0.745
282     230     0.744
374     356     0.744
224     105     0.744
280     59      0.744
270     258     0.744
427     51      0.744
394     18      0.744
168     124     0.744
282     60      0.743
224     61      0.743
359     58      0.743
399     312     0.743
427     398     0.743
313     290     0.743
371     116     0.743
400     124     0.743
324     63      0.742
283     103     0.742
439     321     0.742
425     124     0.742
229     59      0.742
101     55      0.742
321     168     0.741
372     356     0.741
125     107     0.741
386     103     0.741
58      49      0.740
188     168     0.740
375     60      0.740
230     59      0.740
360     281     0.739
357     163     0.739
394     124     0.739
270     260     0.739
373     126     0.739
435     230     0.739
102     53      0.738
58      51      0.738
357     11      0.738
417     192     0.738
137     102     0.738
377     62      0.738
312     124     0.738
190     124     0.738
281     166     0.738
199     189     0.738
429     124     0.737
436     124     0.737
63      52      0.737
359     102     0.737
227     55      0.737
224     54      0.737
199     124     0.737
360     336     0.737
281     223     0.737
224     124     0.737
105     58      0.736
404     377     0.736
225     103     0.736
124     52      0.736
226     59      0.736
367     332     0.736
420     192     0.736
324     59      0.736
324     279     0.735
229     126     0.735
167     102     0.735
389     189     0.735
400     336     0.735
425     168     0.735
123     54      0.735
359     63      0.735
404     163     0.735
279     51      0.735
54      11      0.734
430     163     0.734
428     55      0.734
59      52      0.734
282     188     0.734
102     63      0.734
278     62      0.734
375     260     0.734
62      52      0.733
394     132     0.733
314     281     0.733
279     93      0.733
375     72      0.733
321     90      0.733
321     132     0.733
357     337     0.732
386     102     0.732
321     279     0.732
375     310     0.732
387     127     0.732
426     132     0.732
279     90      0.732
426     55      0.732
199     103     0.732
360     163     0.732
435     108     0.732
230     127     0.732
371     59      0.732
301     174     0.731
371     312     0.731
351     51      0.731
222     63      0.731
425     127     0.731
117     49      0.731
357     62      0.731
72      11      0.731
279     167     0.730
227     124     0.730
387     189     0.730
134     59      0.730
357     188     0.730
377     73      0.730
375     55      0.729
398     63      0.729
429     59      0.729
324     93      0.729
427     229     0.729
400     367     0.729
78      62      0.729
223     57      0.729
423     321     0.728
373     357     0.728
386     252     0.728
280     134     0.728
226     135     0.728
414     313     0.728
222     59      0.728
375     108     0.728
277     189     0.728
281     206     0.728
313     60      0.728
280     189     0.728
360     61      0.728
103     56      0.728
394     291     0.727
377     310     0.727
320     102     0.727
427     134     0.727
377     78      0.727
167     135     0.727
280     222     0.727
189     55      0.726
278     63      0.726
400     107     0.726
313     257     0.726
281     230     0.726
389     127     0.726
427     155     0.726
426     239     0.726
168     73      0.726
400     312     0.726
354     189     0.726
222     132     0.726
228     135     0.726
427     63      0.725
371     174     0.725
387     163     0.725
427     252     0.725
124     108     0.725
440     351     0.725
358     62      0.725
313     281     0.725
107     60      0.725
222     60      0.725
373     124     0.724
199     134     0.724
227     134     0.724
400     377     0.724
279     73      0.724
429     230     0.724
225     102     0.724
358     279     0.724
427     377     0.724
279     199     0.724
278     124     0.724
199     132     0.723
223     55      0.723
357     127     0.723
224     189     0.723
435     321     0.723
313     113     0.723
403     230     0.723
283     116     0.723
427     387     0.723
228     103     0.723
229     189     0.722
313     174     0.722
400     279     0.722
446     371     0.722
397     102     0.722
435     102     0.722
135     105     0.722
394     279     0.722
360     58      0.722
360     222     0.722
279     11      0.722
280     55      0.721
324     316     0.721
394     260     0.721
385     313     0.721
429     126     0.721
387     321     0.721
424     135     0.721
101     60      0.721
228     189     0.721
360     52      0.721
324     66      0.721
222     53      0.721
283     102     0.721
400     230     0.721
425     313     0.721
427     336     0.721
279     70      0.721
123     63      0.721
360     62      0.720
371     321     0.720
321     163     0.720
279     49      0.720
373     167     0.720
127     52      0.720
280     61      0.720
223     135     0.720
117     63      0.719
190     103     0.719
429     357     0.719
132     73      0.719
229     105     0.719
313     225     0.719
324     127     0.719
106     62      0.719
189     58      0.718
404     394     0.718
225     133     0.718
279     174     0.718
174     10      0.718
321     314     0.718
107     2       0.718
426     135     0.718
135     106     0.718
357     252     0.717
435     387     0.717
429     63      0.717
230     108     0.717
427     404     0.717
321     189     0.717
281     126     0.717
227     58      0.717
427     290     0.717
228     60      0.716
362     167     0.716
280     58      0.716
397     70      0.716
387     62      0.716
225     58      0.716
226     104     0.716
281     61      0.715
397     377     0.715
281     107     0.715
397     189     0.715
375     290     0.715
427     156     0.715
357     107     0.715
277     124     0.714
360     59      0.714
427     53      0.714
436     360     0.714
191     132     0.714
371     314     0.714
373     279     0.714
278     58      0.714
282     63      0.714
313     247     0.713
312     301     0.713
375     267     0.713
283     59      0.713
321     174     0.713
224     58      0.713
222     56      0.713
189     105     0.713
105     60      0.713
193     52      0.713
312     108     0.712
102     72      0.712
126     5       0.712
351     313     0.712
427     126     0.712
189     63      0.712
426     192     0.712
425     60      0.712
435     163     0.712
394     375     0.711
228     124     0.711
357     53      0.711
371     336     0.711
427     359     0.711
163     102     0.711
387     21      0.711
387     247     0.711
224     55      0.711
373     326     0.711
397     163     0.711
230     51      0.711
359     230     0.711
227     189     0.711
222     167     0.711
398     351     0.711
196     63      0.711
387     332     0.711
62      53      0.711
356     279     0.711
279     163     0.710
437     313     0.710
125     59      0.710
389     279     0.710
425     282     0.710
137     124     0.710
425     281     0.710
357     312     0.710
375     54      0.710
430     174     0.710
270     155     0.710
324     62      0.709
428     189     0.709
357     93      0.709
394     103     0.709
278     166     0.709
229     134     0.709
428     167     0.709
316     168     0.708
435     357     0.708
313     282     0.708
443     301     0.708
351     230     0.708
136     102     0.708
425     105     0.708
230     49      0.707
373     230     0.707
134     58      0.707
222     57      0.707
313     108     0.707
436     375     0.707
399     132     0.707
270     49      0.707
227     104     0.707
282     222     0.707
399     321     0.707
107     4       0.706
399     124     0.706
282     228     0.706
281     225     0.706
282     224     0.706
167     59      0.706
191     62      0.706
397     378     0.706
375     25      0.706
356     126     0.706
435     360     0.705
438     189     0.705