Prediction Made with CORNET:
a Neural Network based method trained using Correlated Mutations,
Sequence Conservation, Predicted Secondary structure of Proteins and
Evolutionary Information.
Authors Fariselli Piero, Olmea Osvaldo, Valencia Alfonso, Rita Casadio.
This method is an extension of the two following methods

Olmea O. and Valencia A. (1997) Fold. Des. 2: S25-32.

Fariselli P and Casadio R. (1999) Prot. Engng 12:15-21

#================================================================#

PREDICTION

Couple          Reliability
i       j
380     229     0.870
275     92      0.852
379     229     0.851
299     278     0.848
299     92      0.835
279     8       0.830
379     349     0.824
380     56      0.823
279     220     0.820
103     43      0.817
299     275     0.814
96      43      0.813
219     103     0.812
349     279     0.811
382     215     0.808
382     299     0.807
380     299     0.806
382     229     0.805
349     215     0.804
299     231     0.804
349     220     0.803
43      8       0.801
220     96      0.801
219     41      0.801
219     8       0.798
379     215     0.798
349     92      0.797
299     276     0.793
220     43      0.793
219     5       0.792
380     317     0.792
96      8       0.790
103     96      0.790
299     279     0.790
218     95      0.789
103     41      0.788
220     8       0.787
349     278     0.787
103     94      0.786
219     43      0.785
229     92      0.785
349     214     0.784
279     43      0.783
380     279     0.782
220     103     0.782
218     41      0.781
220     41      0.780
349     229     0.778
96      41      0.777
218     93      0.776
349     219     0.775
380     349     0.775
379     279     0.774
219     96      0.774
218     8       0.773
383     299     0.773
218     92      0.773
349     276     0.772
218     91      0.772
229     196     0.772
218     107     0.772
219     94      0.772
94      41      0.770
376     317     0.770
229     56      0.769
349     232     0.769
279     18      0.766
225     215     0.766
279     219     0.766
215     92      0.766
103     8       0.766
106     92      0.766
279     41      0.765
219     93      0.765
349     223     0.764
106     8       0.763
94      43      0.762
229     186     0.761
218     104     0.760
220     97      0.759
219     111     0.759
349     91      0.759
41      5       0.758
299     223     0.758
217     91      0.757
380     91      0.757
220     111     0.756
380     8       0.756
111     103     0.755
380     74      0.755
220     92      0.754
215     107     0.754
275     216     0.753
317     142     0.753
349     235     0.753
218     96      0.753
218     43      0.753
317     282     0.752
282     216     0.751
380     226     0.751
279     229     0.751
106     97      0.749
215     93      0.749
383     229     0.749
279     223     0.748
380     215     0.748
105     8       0.748
349     43      0.746
317     275     0.746
219     14      0.744
103     92      0.743
282     92      0.743
14      5       0.743
299     226     0.743
299     235     0.742
349     106     0.741
221     93      0.740
218     103     0.739
379     8       0.738
219     42      0.738
217     93      0.738
219     105     0.737
220     95      0.736
376     220     0.736
349     41      0.736
382     349     0.735
317     235     0.734
282     223     0.733
275     237     0.733
111     5       0.732
345     220     0.731
275     215     0.731
299     91      0.731
218     44      0.731
293     229     0.731
349     317     0.731
103     5       0.730
378     215     0.730
376     349     0.730
279     96      0.730
349     275     0.730
43      5       0.729
349     221     0.729
299     282     0.729
41      8       0.728
382     8       0.728
382     142     0.727
284     92      0.727
105     41      0.727
317     229     0.727
278     215     0.727
349     96      0.726
380     186     0.726
219     95      0.725
106     96      0.724
317     230     0.723
317     223     0.723
280     92      0.723
108     8       0.722
276     223     0.722
223     92      0.722
218     102     0.721
276     216     0.721
279     92      0.720
379     18      0.720
218     42      0.719
220     5       0.719
376     229     0.719
276     92      0.719
219     97      0.719
226     153     0.718
280     8       0.718
349     299     0.717
349     97      0.717
215     97      0.717
282     229     0.716
317     276     0.716
218     97      0.716
109     92      0.716
349     89      0.716
106     41      0.716
284     232     0.715
379     299     0.715
349     335     0.715
379     223     0.715
279     103     0.715
380     275     0.713
379     142     0.713
220     42      0.713
218     94      0.713
39      8       0.712
317     279     0.712
221     44      0.712
215     41      0.711
379     106     0.711
281     215     0.711
106     5       0.711
229     142     0.711
109     8       0.710
221     104     0.710
421     229     0.709
278     92      0.709
216     43      0.709
97      43      0.709
222     92      0.709
380     92      0.709
216     106     0.708
241     232     0.708
220     94      0.708
275     214     0.707
383     215     0.707
276     220     0.706
92      43      0.706
379     217     0.706
106     93      0.706
111     41      0.706
317     145     0.706
218     110     0.704
42      6       0.704
103     93      0.704
284     89      0.704
317     203     0.704
97      42      0.703
97      41      0.703
42      5       0.703
223     215     0.703
223     25      0.702
300     142     0.702
380     96      0.702
215     96      0.701
279     216     0.701
349     251     0.700
299     232     0.700
42      8       0.700
226     143     0.700
279     221     0.700
317     226     0.699
275     229     0.698
214     92      0.698
278     223     0.698
215     91      0.697
317     92      0.697
279     106     0.697
382     275     0.697
282     214     0.697
217     44      0.696
276     215     0.696
376     217     0.696
105     14      0.696
94      8       0.695
226     165     0.695
349     216     0.695
221     42      0.694
380     18      0.694
276     43      0.694
349     309     0.694
417     203     0.693
380     232     0.693
25      18      0.692
317     290     0.692
214     106     0.692
349     290     0.692
276     217     0.692
275     222     0.692
379     237     0.691
349     282     0.691
382     279     0.691
95      40      0.691
222     107     0.691
379     218     0.691
382     74      0.690
279     217     0.690
214     96      0.690
299     216     0.690
217     92      0.690
241     92      0.689
93      41      0.688
111     96      0.688
219     104     0.688
349     109     0.687
217     97      0.687
96      42      0.687
104     42      0.687
376     215     0.687
299     274     0.687
218     106     0.686
218     112     0.686
235     227     0.686
42      14      0.686
380     345     0.686
104     40      0.686
422     91      0.686
220     109     0.686
349     222     0.686
103     42      0.686
349     49      0.685
283     91      0.685
218     109     0.685
382     203     0.685
299     249     0.684
221     102     0.684
375     215     0.684
275     231     0.684
96      5       0.684
95      42      0.683
218     40      0.683
221     95      0.683
421     215     0.683
376     5       0.683
104     93      0.683
349     25      0.682
215     43      0.682
218     111     0.682
380     43      0.682
380     142     0.682
216     94      0.682
215     111     0.681
279     235     0.681
284     229     0.681
278     218     0.680
229     89      0.680
235     92      0.680
221     97      0.680
241     89      0.680
422     215     0.680
349     212     0.679
219     110     0.679
111     8       0.678
216     92      0.678
111     43      0.678
106     43      0.678
317     89      0.678
279     97      0.677
276     8       0.677
349     93      0.677
215     95      0.677
222     43      0.677
378     275     0.676
105     96      0.676
349     94      0.675
279     222     0.675
349     111     0.675
275     223     0.674
94      5       0.674
346     215     0.674
422     275     0.674
279     111     0.673
223     43      0.673
219     39      0.673
232     220     0.673
216     103     0.673
349     218     0.672
380     214     0.672
345     223     0.672
279     93      0.672
279     215     0.672
111     97      0.672
278     221     0.672
279     95      0.671
348     278     0.671
376     153     0.671
282     220     0.671
92      8       0.671
380     106     0.670
382     92      0.670
102     93      0.670
299     175     0.670
279     91      0.670
229     220     0.670
317     232     0.670
222     103     0.670
380     5       0.669
103     14      0.669
317     274     0.669
220     110     0.669
349     192     0.669
220     93      0.669
109     96      0.669
93      42      0.669
349     167     0.668
278     222     0.668
109     97      0.668
317     241     0.668
380     89      0.668
349     227     0.668
279     218     0.667
317     284     0.667
328     301     0.667
94      42      0.667
349     142     0.667
110     97      0.666
277     222     0.666
284     275     0.666
317     25      0.666
216     96      0.666
39      14      0.666
217     7       0.665
349     241     0.665
279     109     0.665
283     215     0.665
218     108     0.665
276     103     0.665
275     235     0.664
219     91      0.664
348     275     0.663
218     9       0.663
282     232     0.662
43      14      0.662
41      14      0.662
215     42      0.662
103     95      0.662
377     215     0.662
226     89      0.662
42      15      0.661
16      8       0.661
279     39      0.661
97      8       0.661
219     4       0.661
219     106     0.661
96      14      0.660
276     235     0.660
217     103     0.660
299     281     0.660
214     111     0.660
229     43      0.660
40      8       0.659
220     104     0.659
376     8       0.659
40      5       0.659
111     94      0.659
229     176     0.658
215     110     0.658
219     9       0.658
349     103     0.658
96      39      0.658
14      4       0.657
299     292     0.657
42      7       0.657
229     216     0.656
345     279     0.656
380     196     0.656
220     112     0.656
106     91      0.655
380     336     0.655
219     109     0.655
95      4       0.655
278     43      0.655
223     216     0.655
345     43      0.655
220     14      0.654
218     14      0.654
282     60      0.654
376     290     0.653
284     235     0.653
317     135     0.653
107     92      0.653
214     109     0.653
93      44      0.653
349     262     0.653
229     135     0.652
282     103     0.652
106     95      0.652
317     90      0.652
109     93      0.652
299     229     0.652
421     380     0.652
215     112     0.652
279     9       0.652
349     300     0.652
109     43      0.651
417     56      0.651
95      44      0.651
349     201     0.651
219     13      0.651
349     328     0.650
380     105     0.650
15      8       0.650
109     5       0.650
218     169     0.649
376     214     0.649
299     215     0.649
382     106     0.649
345     103     0.649
379     232     0.649
110     4       0.648
379     74      0.648
345     216     0.648
299     290     0.648
349     8       0.647
219     102     0.647
293     142     0.647
279     94      0.647
279     5       0.647
349     186     0.647
277     214     0.647
277     92      0.646
379     317     0.646
348     91      0.646
103     39      0.646
110     95      0.646
380     235     0.646
42      4       0.646
94      14      0.645
232     89      0.645
93      40      0.645
226     196     0.645
229     197     0.645
275     142     0.645
379     144     0.644
217     8       0.644
105     5       0.644
278     219     0.644
216     97      0.644
275     226     0.644
275     106     0.644
300     229     0.644
280     219     0.644
215     109     0.643
214     94      0.643
218     5       0.643
229     167     0.643
345     214     0.643
377     218     0.643
282     89      0.642
413     142     0.642
279     203     0.642
345     229     0.642
235     142     0.642
109     94      0.642
284     216     0.641
219     112     0.641
106     14      0.641
349     277     0.641
282     230     0.641
39      5       0.641
218     113     0.640
380     313     0.640
109     42      0.640
97      5       0.640
379     275     0.640
349     231     0.639
229     8       0.639
142     56      0.639
219     7       0.639
229     96      0.638
284     214     0.638
110     42      0.638
105     43      0.638
114     8       0.638
292     91      0.638
317     56      0.637
299     218     0.637
226     197     0.637
215     103     0.637
111     42      0.637
238     25      0.637
276     227     0.637
349     110     0.637
278     217     0.637
218     15      0.636
15      5       0.636
276     203     0.636
294     225     0.636
214     142     0.636
278     216     0.636
274     217     0.635
292     285     0.635
221     110     0.635
108     97      0.635
278     42      0.635
345     167     0.635
421     349     0.635
284     226     0.635
276     219     0.634
349     74      0.634
274     223     0.634
215     44      0.634
218     4       0.634
380     218     0.633
218     7       0.633
105     39      0.633
226     145     0.633
382     91      0.633
380     201     0.633
382     218     0.633
382     186     0.633
278     93      0.632
219     40      0.632
348     92      0.632
102     42      0.632
216     111     0.632
279     15      0.632
275     167     0.632
380     223     0.632
217     41      0.632
376     218     0.632
229     203     0.632
383     317     0.632
349     196     0.631
104     95      0.631
349     226     0.631
215     101     0.631
275     230     0.631
235     196     0.631
221     96      0.630
109     41      0.630
278     41      0.630
277     221     0.630
102     95      0.630
278     106     0.630
299     219     0.630
382     313     0.629
346     92      0.629
109     18      0.629
104     4       0.628
215     113     0.628
106     15      0.628
382     217     0.628
349     301     0.628
349     284     0.628
111     92      0.627
43      7       0.627
349     230     0.627
217     106     0.627
110     103     0.627
299     221     0.627
215     186     0.627
232     186     0.626
349     176     0.626
106     40      0.626
229     214     0.626
278     8       0.626
421     299     0.626
278     96      0.626
201     96      0.626
219     15      0.626
382     214     0.625
106     44      0.625
317     309     0.625
382     232     0.625
275     239     0.625
349     90      0.624
223     96      0.624
113     93      0.624
279     214     0.624
299     289     0.624
345     8       0.624
380     111     0.624
378     218     0.623
402     229     0.623
379     214     0.623
102     44      0.623
229     219     0.623
219     176     0.623
104     8       0.623
275     232     0.623
107     7       0.623
380     203     0.623
221     91      0.623
13      4       0.622
347     218     0.622
235     214     0.622
220     102     0.622
111     39      0.622
16      5       0.622
300     74      0.622
223     114     0.622
383     349     0.622
217     95      0.622
220     106     0.621
421     91      0.621
382     18      0.621
218     174     0.621
284     230     0.621
421     18      0.621
276     18      0.621
289     275     0.621
380     309     0.621
220     7       0.621
13      5       0.620
215     8       0.620
222     91      0.620
421     379     0.620
214     103     0.620
317     140     0.620
218     59      0.620
95      43      0.619
378     349     0.619
381     229     0.619
222     97      0.619
299     89      0.619
279     227     0.619
107     91      0.619
217     96      0.618
106     9       0.618
229     57      0.618
108     43      0.618
349     280     0.618
350     279     0.618
299     186     0.618
381     215     0.618
279     7       0.618
380     227     0.618
276     214     0.618
278     104     0.618
106     16      0.618
285     92      0.618
279     230     0.618
223     214     0.618
215     94      0.618
417     229     0.618
291     283     0.617
274     91      0.617
277     218     0.616
226     214     0.616
110     93      0.616
223     103     0.616
379     92      0.615
344     215     0.615
276     222     0.615
277     220     0.615
232     142     0.615
223     111     0.615
39      25      0.614
279     108     0.614
43      18      0.614
216     41      0.614
385     215     0.614
380     217     0.614
40      7       0.614
235     56      0.613
221     106     0.613
226     186     0.613
229     145     0.613
421     223     0.613
284     186     0.613
104     5       0.613
300     276     0.613
345     97      0.613
281     218     0.613
105     25      0.612
299     217     0.612
218     98      0.612
229     218     0.612
111     98      0.611
379     226     0.611
167     25      0.611
292     275     0.611
112     103     0.611
241     229     0.611
106     42      0.611
229     195     0.611
349     291     0.611
232     216     0.611
299     201     0.611
299     222     0.611
114     93      0.611
241     186     0.611
280     43      0.610
275     145     0.610
382     345     0.610
222     96      0.610
279     14      0.610
108     14      0.610
382     317     0.610
56      41      0.610
221     112     0.610
109     14      0.610
214     18      0.609
218     175     0.609
114     92      0.609
216     8       0.609
40      4       0.609
349     108     0.609
277     91      0.609
277     217     0.608
232     92      0.608
276     167     0.608
239     92      0.608
290     215     0.608
377     217     0.608
217     43      0.608
93      43      0.608
229     18      0.608
292     229     0.608
317     291     0.607
379     97      0.607
215     171     0.607
229     202     0.607
94      39      0.607
279     186     0.607
39      9       0.607
219     25      0.606
380     276     0.606
290     275     0.606
103     9       0.606
203     56      0.606
108     92      0.606
282     235     0.606
283     218     0.606
229     74      0.606
219     92      0.606
277     216     0.606
350     216     0.606
402     74      0.606
97      44      0.606
235     226     0.606
221     108     0.606
281     222     0.605
222     113     0.605
382     226     0.605
221     111     0.605
380     335     0.605
348     290     0.605
383     92      0.605
276     229     0.604
113     104     0.604
317     186     0.604
277     215     0.604
214     89      0.604
105     94      0.603
278     111     0.603
105     91      0.603
376     56      0.602
376     230     0.602
219     168     0.602
220     15      0.602
380     109     0.602
226     78      0.602
379     313     0.601
345     278     0.601
106     94      0.601
95      41      0.601
317     214     0.601
283     226     0.601
217     109     0.600
282     8       0.600
346     278     0.600
317     167     0.600
380     220     0.600
107     93      0.600
282     241     0.600
275     213     0.600
278     91      0.600
279     145     0.600
280     214     0.600