Prediction Made with CORNET:
a Neural Network based method trained using Correlated Mutations,
Sequence Conservation, Predicted Secondary structure of Proteins and
Evolutionary Information.
Authors Fariselli Piero, Olmea Osvaldo, Valencia Alfonso, Rita Casadio.
This method is an extension of the two following methods

Olmea O. and Valencia A. (1997) Fold. Des. 2: S25-32.

Fariselli P and Casadio R. (1999) Prot. Engng 12:15-21

#================================================================#

PREDICTION

Couple          Reliability
i       j
481     227     0.946
397     279     0.945
400     279     0.943
375     279     0.938
481     367     0.928
481     360     0.928
375     360     0.927
373     279     0.922
377     360     0.920
400     281     0.919
411     227     0.916
481     168     0.915
375     56      0.914
491     360     0.913
397     104     0.912
491     227     0.910
491     279     0.910
227     104     0.909
410     174     0.905
481     153     0.904
486     230     0.904
491     281     0.902
372     279     0.902
400     72      0.902
411     230     0.901
483     279     0.900
375     168     0.899
468     230     0.898
488     227     0.898
488     174     0.892
481     163     0.892
281     105     0.892
377     137     0.892
377     174     0.892
394     360     0.892
481     279     0.890
377     279     0.888
72      56      0.888
482     279     0.887
373     227     0.887
373     174     0.887
488     230     0.887
227     54      0.885
481     45      0.884
397     360     0.883
375     227     0.883
482     377     0.882
481     174     0.882
400     56      0.881
481     362     0.881
371     360     0.880
281     72      0.880
410     360     0.878
375     367     0.878
481     56      0.877
279     56      0.877
488     373     0.876
375     75      0.875
385     230     0.875
400     321     0.875
491     56      0.874
413     174     0.874
281     73      0.874
230     174     0.872
104     73      0.872
72      54      0.871
397     174     0.871
279     73      0.870
481     372     0.870
282     104     0.869
377     56      0.869
481     49      0.869
400     375     0.869
491     367     0.869
281     70      0.868
377     281     0.868
394     348     0.868
488     104     0.868
371     206     0.867
107     72      0.867
397     243     0.867
430     230     0.867
481     386     0.867
397     73      0.867
482     410     0.867
482     174     0.866
491     72      0.865
372     227     0.865
491     282     0.864
372     73      0.863
105     70      0.863
398     279     0.863
389     348     0.863
377     243     0.863
491     73      0.863
230     73      0.862
377     367     0.862
481     411     0.860
413     279     0.860
377     11      0.858
107     75      0.858
397     321     0.858
107     69      0.857
491     168     0.857
279     75      0.856
394     367     0.856
281     56      0.856
279     72      0.855
400     360     0.855
243     69      0.855
483     375     0.855
398     281     0.854
397     56      0.854
279     230     0.854
372     281     0.853
481     72      0.853
377     134     0.853
410     357     0.853
481     230     0.853
481     222     0.852
413     281     0.852
371     63      0.852
480     357     0.851
371     227     0.851
397     70      0.850
107     54      0.850
279     227     0.850
119     12      0.849
413     321     0.849
377     230     0.849
481     73      0.849
375     137     0.848
481     282     0.848
134     86      0.848
371     357     0.848
376     167     0.847
397     227     0.847
227     51      0.847
377     72      0.847
375     189     0.847
375     73      0.847
373     104     0.846
397     281     0.846
373     73      0.845
491     372     0.845
398     372     0.844
371     279     0.844
491     153     0.844
432     386     0.843
279     70      0.843
398     103     0.843
489     279     0.843
491     49      0.842
168     69      0.842
375     49      0.841
411     357     0.841
489     103     0.841
372     70      0.841
279     63      0.841
107     56      0.840
375     70      0.840
483     281     0.840
488     279     0.840
491     174     0.840
482     281     0.839
431     174     0.839
73      62      0.838
104     51      0.838
389     243     0.838
411     279     0.838
400     243     0.837
372     360     0.837
481     387     0.837
373     281     0.837
411     386     0.837
348     75      0.836
223     73      0.836
481     103     0.836
399     222     0.836
400     75      0.836
397     54      0.836
494     357     0.836
137     86      0.836
398     227     0.836
371     115     0.835
394     279     0.835
377     63      0.835
223     72      0.835
398     72      0.834
481     155     0.834
412     174     0.834
491     4       0.834
394     168     0.834
411     290     0.834
397     375     0.833
132     70      0.833
481     281     0.833
482     227     0.833
227     73      0.833
243     137     0.833
481     107     0.832
348     174     0.832
373     282     0.832
481     4       0.832
115     73      0.832
481     371     0.832
72      62      0.832
223     104     0.831
72      63      0.831
222     71      0.831
373     230     0.831
412     227     0.831
397     69      0.831
372     103     0.830
396     222     0.830
483     321     0.830
399     104     0.830
282     102     0.830
112     71      0.829
413     375     0.829
106     55      0.829
103     72      0.828
279     103     0.828
174     115     0.828
400     372     0.827
376     279     0.827
174     73      0.827
279     137     0.827
489     281     0.827
281     163     0.826
488     375     0.826
105     55      0.825
400     107     0.825
411     72      0.825
227     103     0.825
482     411     0.825
412     279     0.825
371     11      0.825
282     227     0.824
230     70      0.824
70      56      0.824
357     167     0.824
411     174     0.824
398     104     0.824
413     70      0.823
400     137     0.823
375     348     0.823
104     4       0.823
224     104     0.823
78      56      0.822
481     156     0.822
374     283     0.822
377     70      0.822
399     227     0.822
400     174     0.822
103     54      0.822
481     336     0.821
400     73      0.821
491     62      0.821
281     224     0.821
281     78      0.821
114     71      0.821
137     21      0.821
372     72      0.821
377     75      0.821
372     54      0.821
500     174     0.820
489     105     0.819
75      21      0.819
86      69      0.819
377     86      0.819
290     141     0.819
103     73      0.819
428     377     0.819
400     230     0.819
400     377     0.818
375     104     0.818
72      21      0.818
104     70      0.817
375     72      0.817
223     54      0.817
481     290     0.817
373     222     0.817
468     174     0.817
279     223     0.817
410     279     0.816
370     357     0.816
56      21      0.816
482     230     0.816
482     73      0.816
372     174     0.816
400     70      0.816
491     103     0.815
107     63      0.815
105     52      0.815
372     105     0.815
107     78      0.815
481     375     0.815
375     153     0.815
483     413     0.815
373     278     0.815
278     227     0.814
139     11      0.814
400     86      0.814
488     281     0.814
482     360     0.814
80      70      0.814
281     103     0.814
103     70      0.814
500     348     0.814
375     321     0.814
174     70      0.814
279     115     0.814
412     366     0.813
377     69      0.813
481     137     0.813
396     357     0.813
488     52      0.813
397     105     0.813
431     360     0.813
222     70      0.813
400     78      0.813
80      73      0.813
279     174     0.813
486     399     0.813
377     163     0.813
115     71      0.812
400     62      0.812
397     72      0.812
468     387     0.812
489     227     0.812
375     63      0.811
488     360     0.811
411     168     0.811
483     227     0.811
386     367     0.811
492     232     0.811
279     168     0.811
107     73      0.811
137     69      0.810
73      52      0.810
489     372     0.810
411     281     0.810
373     360     0.810
375     134     0.810
491     104     0.809
487     374     0.809
371     337     0.809
102     4       0.808
71      4       0.808
348     69      0.808
227     174     0.808
222     105     0.808
426     230     0.808
279     78      0.808
74      55      0.807
491     163     0.807
115     80      0.807
488     372     0.807
278     73      0.807
489     51      0.806
373     243     0.806
371     168     0.806
491     51      0.806
400     134     0.805
487     281     0.805
73      56      0.805
413     227     0.805
487     398     0.805
73      3       0.805
69      11      0.805
396     279     0.804
227     72      0.804
386     360     0.804
102     73      0.804
377     156     0.804
397     367     0.804
482     290     0.804
410     367     0.804
482     72      0.804
374     222     0.804
105     72      0.803
482     56      0.803
469     174     0.803
394     70      0.803
397     372     0.803
427     71      0.803
243     86      0.803
428     321     0.803
321     174     0.803
399     373     0.802
375     45      0.802
397     223     0.802
413     73      0.802
279     134     0.802
223     56      0.802
281     62      0.802
411     377     0.802
120     69      0.802
387     243     0.801
421     321     0.801
483     230     0.801
375     78      0.801
174     163     0.801
69      3       0.801
281     104     0.801
51      4       0.801
371     230     0.801
399     73      0.801
372     56      0.801
377     78      0.801
281     134     0.801
486     130     0.800
174     69      0.800
412     10      0.800
101     70      0.800
466     413     0.800
375     281     0.799
398     70      0.799
224     52      0.799
80      63      0.799
226     103     0.799
374     55      0.799
397     373     0.799
230     189     0.799
371     102     0.799
34      11      0.799
440     11      0.798
486     279     0.798
481     47      0.798
281     54      0.798
452     367     0.798
279     62      0.798
349     167     0.798
492     222     0.798
375     21      0.798
481     461     0.798
106     70      0.798
375     107     0.798
488     282     0.798
400     278     0.797
281     223     0.797
278     56      0.797
399     357     0.797
174     10      0.797
281     174     0.797
483     168     0.797
481     366     0.797
370     174     0.797
174     4       0.796
386     243     0.796
482     375     0.796
411     321     0.796
134     75      0.796
278     168     0.796
375     83      0.796
281     107     0.795
230     104     0.795
481     321     0.795
375     54      0.795
134     21      0.795
222     73      0.795
279     107     0.795
412     375     0.795
481     18      0.795
489     224     0.795
375     62      0.795
378     360     0.795
278     230     0.795
75      56      0.795
73      63      0.794
492     174     0.794
224     103     0.794
411     102     0.794
412     167     0.794
348     163     0.794
78      21      0.794
481     150     0.794
481     373     0.793
230     71      0.793
432     163     0.793
497     348     0.793
377     73      0.793
482     168     0.793
279     80      0.793
438     290     0.793
374     357     0.793
491     400     0.793
411     372     0.792
386     163     0.792
468     10      0.792
410     70      0.792
438     279     0.792
397     52      0.792
487     71      0.792
360     290     0.792
373     115     0.792
103     55      0.791
452     168     0.791
481     206     0.791
281     75      0.791
373     336     0.791
481     63      0.791
490     105     0.791
103     56      0.791
418     11      0.791
495     75      0.791
117     71      0.791
140     11      0.790
457     243     0.790
377     321     0.790
411     360     0.790
222     72      0.790
400     227     0.790
102     54      0.789
412     290     0.789
411     336     0.789
428     134     0.789
425     230     0.789
107     62      0.789
487     279     0.789
115     4       0.789
400     104     0.789
488     412     0.789
411     282     0.789
483     56      0.789
223     174     0.789
481     412     0.788
411     371     0.788
481     377     0.788
489     360     0.788
400     21      0.788
376     227     0.788
225     51      0.788
488     10      0.788
488     4       0.788
399     71      0.788
115     69      0.788
413     62      0.788
54      45      0.788
490     281     0.788
466     321     0.788
413     72      0.787
397     222     0.787
372     106     0.787
282     52      0.787
376     357     0.787
400     54      0.787
394     18      0.787
116     70      0.787
227     163     0.787
399     279     0.787
412     372     0.787
411     163     0.787
491     428     0.787
472     357     0.787
491     70      0.786
410     168     0.786
373     69      0.786
465     230     0.786
411     139     0.786
400     69      0.786
431     357     0.786
482     106     0.786
115     104     0.785
397     168     0.785
232     168     0.785
137     75      0.785
394     232     0.785
430     117     0.785
227     107     0.785
112     79      0.785
105     74      0.784
373     103     0.784
394     189     0.784
469     243     0.784
488     115     0.784
483     71      0.784
373     72      0.784
270     258     0.784
397     348     0.783
132     21      0.783
468     378     0.783
227     102     0.783
371     336     0.783
375     232     0.783
73      54      0.783
413     78      0.783
489     70      0.783
396     230     0.783
397     230     0.783
371     321     0.782
282     223     0.782
116     72      0.782
132     11      0.782
481     357     0.782
375     337     0.782
491     71      0.782
280     55      0.781
398     105     0.781
411     104     0.781
227     69      0.781
432     243     0.781
483     232     0.781
279     102     0.781
411     62      0.781
377     10      0.781
412     140     0.781
469     348     0.781
396     174     0.781
230     166     0.781
491     397     0.781
397     278     0.781
483     72      0.780
440     360     0.780
375     80      0.780
137     107     0.780
482     366     0.780
223     105     0.780
468     360     0.780
413     360     0.780
397     107     0.780
348     321     0.780
375     150     0.779
481     337     0.779
489     397     0.779
413     51      0.779
377     290     0.779
410     321     0.779
413     282     0.779
107     86      0.779
282     115     0.779
78      69      0.779
398     3       0.778
377     357     0.778
72      11      0.778
483     371     0.778
223     107     0.778
120     80      0.778
397     103     0.778
397     75      0.778
348     168     0.778
482     167     0.777
279     105     0.777
495     70      0.777
431     141     0.777
387     360     0.777
439     357     0.777
104     72      0.777
232     70      0.777
491     115     0.777
387     279     0.777
411     54      0.777
489     73      0.777
281     63      0.776
371     137     0.776
389     174     0.776
481     260     0.776
398     222     0.776
373     62      0.776
71      56      0.776
225     104     0.776
469     386     0.776
80      69      0.776
481     140     0.776
489     412     0.776
495     189     0.776
62      11      0.775
73      55      0.775
375     103     0.775
400     168     0.775
488     103     0.775
377     348     0.775
411     4       0.775
489     104     0.775
398     51      0.775
376     222     0.775
486     167     0.775
372     63      0.774
412     230     0.774
168     156     0.774
377     62      0.774
400     223     0.774
168     137     0.774
399     105     0.774
481     141     0.774
372     62      0.774
103     52      0.774
491     222     0.774
137     11      0.774
377     141     0.773
411     107     0.773
375     260     0.773
413     80      0.773
400     80      0.773
412     377     0.773
399     51      0.773
134     72      0.773
398     102     0.773
372     163     0.773
427     174     0.773
115     62      0.773
282     225     0.772
395     357     0.772
376     68      0.772
482     10      0.772
137     10      0.772
452     153     0.772
374     228     0.772
481     62      0.772
491     45      0.772
482     62      0.772
223     70      0.772
71      55      0.772
375     18      0.771
452     260     0.771
397     378     0.771
488     73      0.771
400     247     0.771
398     52      0.771
411     375     0.771
230     168     0.771
367     89      0.771
370     106     0.771
54      47      0.771
371     174     0.771
490     283     0.770
468     137     0.770
243     139     0.770
466     70      0.770
483     400     0.770
132     83      0.770
222     74      0.770
372     55      0.770
243     163     0.770
499     357     0.770
360     243     0.770
482     70      0.770
400     387     0.770
455     283     0.770
396     74      0.770
491     263     0.770
113     72      0.770
413     168     0.770
400     263     0.770
487     357     0.769
397     102     0.769
411     115     0.769
374     169     0.769
413     75      0.769
486     70      0.769
394     243     0.769
115     63      0.769
278     115     0.769
230     69      0.769
103     74      0.769
106     71      0.769
483     372     0.769
279     104     0.768
174     104     0.768
372     74      0.768
106     74      0.768
438     243     0.768
482     371     0.768
397     189     0.768
73      51      0.768
491     371     0.768
482     372     0.768
486     215     0.768
321     230     0.768
413     115     0.767
80      11      0.767
492     412     0.767
400     378     0.767
466     230     0.767
101     5       0.767
412     73      0.767
371     103     0.767
279     54      0.767
375     230     0.767
482     367     0.767
488     51      0.767
488     397     0.766
282     230     0.766
113     71      0.766
460     367     0.766
174     71      0.766
377     252     0.766
373     70      0.766
397     51      0.766
490     222     0.766
104     69      0.766
70      63      0.766
374     103     0.766
430     64      0.766
491     398     0.766
482     4       0.765
417     357     0.765
411     3       0.765
277     72      0.765
481     74      0.765
493     232     0.765
416     71      0.765
374     281     0.765
278     72      0.765
168     67      0.765
377     107     0.765
75      4       0.765
78      62      0.765
113     70      0.765
483     73      0.765
397     106     0.765
375     115     0.765
491     107     0.764
107     71      0.764
411     378     0.764
281     227     0.764
428     56      0.764
485     279     0.764
370     222     0.764
73      4       0.764
431     415     0.764
486     15      0.764
468     168     0.764
489     52      0.764
482     412     0.764
196     137     0.764
372     321     0.763
114     74      0.763
77      61      0.763
497     243     0.763
485     71      0.763
281     21      0.763
466     215     0.763
282     72      0.763
495     258     0.762
115     70      0.762
488     399     0.762
243     115     0.762
438     387     0.762
280     71      0.762
481     359     0.762
418     360     0.762
371     290     0.762
490     227     0.762
412     70      0.762
102     72      0.762
481     3       0.762
282     174     0.762
488     481     0.762
115     3       0.761
282     62      0.761
481     139     0.761
487     73      0.761
174     139     0.761
482     321     0.761
223     102     0.761
232     23      0.761
243     206     0.761
483     70      0.761
488     226     0.761
373     55      0.760
174     11      0.760
222     116     0.760
488     106     0.760
492     70      0.760
372     226     0.760
431     230     0.760
371     4       0.760
282     73      0.760
279     69      0.760
371     78      0.760
111     70      0.760
377     366     0.760
223     75      0.759
228     52      0.759
227     70      0.759
321     279     0.759
413     4       0.759
116     5       0.759
348     234     0.759
375     55      0.759
483     80      0.759
377     21      0.759
483     107     0.759
281     137     0.759
376     106     0.759
174     63      0.759
431     156     0.759
378     367     0.759
232     12      0.758
375     69      0.758
75      63      0.758
107     4       0.758
431     411     0.758
102     69      0.758
411     397     0.758
468     206     0.758
411     73      0.758
411     373     0.758
223     52      0.758
281     226     0.758
377     168     0.758
321     137     0.757
348     230     0.757
468     351     0.757
406     230     0.757
174     62      0.757
396     281     0.757
483     115     0.757
437     357     0.757
481     83      0.757
492     279     0.756
134     78      0.756
78      70      0.756
500     243     0.756
227     71      0.756
412     321     0.756
270     260     0.756
456     70      0.756
225     73      0.756
114     73      0.756
412     106     0.756
400     290     0.756
474     243     0.756
483     75      0.756
486     321     0.755
75      62      0.755
482     140     0.755
490     103     0.755
413     372     0.755
230     62      0.755
134     69      0.755
400     132     0.755
375     25      0.755
397     247     0.755
75      10      0.755
481     378     0.754
497     174     0.754
411     71      0.754
116     75      0.754
226     104     0.754
230     107     0.754
431     11      0.754
230     163     0.754
400     232     0.754
282     4       0.754
483     290     0.754
134     10      0.754
489     398     0.753
432     69      0.753
474     321     0.753
489     72      0.753
452     83      0.753
432     348     0.753
102     53      0.753
69      43      0.753
431     412     0.753
491     321     0.753
372     278     0.753
483     78      0.753
488     72      0.753
225     105     0.752
168     141     0.752
243     168     0.752
396     232     0.752
230     80      0.752
430     349     0.752
140     87      0.752
411     74      0.752
491     155     0.752
386     137     0.752
73      11      0.752
410     378     0.752
279     21      0.752
279     243     0.751
413     69      0.751
70      62      0.751
399     103     0.751
460     227     0.751
373     52      0.751
468     227     0.751
481     289     0.751
279     224     0.751
243     63      0.751
387     378     0.751
414     232     0.751
377     222     0.751
137     72      0.751
373     168     0.751
283     70      0.751
483     103     0.750
394     49      0.750
428     230     0.750
372     140     0.750
281     230     0.750
375     222     0.750
373     71      0.750
69      21      0.749
360     167     0.749
491     375     0.749
426     281     0.749
107     70      0.749
399     281     0.749