Prediction Made with CORNET:
a Neural Network based method trained using Correlated Mutations,
Sequence Conservation, Predicted Secondary structure of Proteins and
Evolutionary Information.
Authors Fariselli Piero, Olmea Osvaldo, Valencia Alfonso, Rita Casadio.
This method is an extension of the two following methods

Olmea O. and Valencia A. (1997) Fold. Des. 2: S25-32.

Fariselli P and Casadio R. (1999) Prot. Engng 12:15-21

#================================================================#

PREDICTION

Couple          Reliability
i       j
314     272     0.840
314     99      0.825
315     210     0.814
312     208     0.814
338     265     0.798
315     208     0.789
99      24      0.789
419     24      0.784
315     272     0.784
312     210     0.783
418     99      0.783
323     272     0.780
312     204     0.778
36      24      0.776
104     97      0.776
335     268     0.775
208     99      0.773
99      32      0.773
336     260     0.771
419     99      0.768
336     268     0.768
315     204     0.767
314     204     0.763
314     87      0.761
315     100     0.759
312     34      0.759
312     100     0.756
338     283     0.756
314     209     0.756
99      34      0.755
338     268     0.755
417     97      0.755
311     209     0.754
272     265     0.753
209     99      0.751
314     32      0.750
311     210     0.749
314     103     0.749
314     34      0.748
314     208     0.746
417     118     0.745
314     210     0.744
204     96      0.743
312     32      0.742
87      24      0.741
208     24      0.740
419     315     0.738
312     24      0.738
311     208     0.737
99      35      0.736
313     208     0.735
419     35      0.735
315     99      0.735
419     25      0.734
338     285     0.733
116     98      0.730
312     272     0.730
419     98      0.728
314     24      0.728
311     204     0.727
103     34      0.726
338     276     0.725
419     87      0.724
311     99      0.723
209     34      0.723
419     36      0.723
118     104     0.722
312     99      0.722
96      36      0.722
204     99      0.719
99      36      0.719
419     23      0.718
208     100     0.718
312     206     0.717
208     34      0.717
419     116     0.716
32      24      0.716
210     24      0.716
283     181     0.715
205     104     0.715
340     99      0.715
314     86      0.715
313     99      0.714
98      34      0.714
314     116     0.714
340     272     0.714
315     87      0.714
96      87      0.713
419     314     0.713
312     209     0.711
209     24      0.711
312     87      0.711
115     24      0.710
314     23      0.708
419     34      0.707
115     36      0.707
117     99      0.706
34      24      0.706
116     34      0.705
312     25      0.703
416     100     0.702
314     260     0.702
418     24      0.702
416     315     0.702
208     23      0.701
416     87      0.701
419     311     0.701
204     32      0.701
313     204     0.700
116     99      0.700
99      23      0.699
311     36      0.699
313     100     0.698
313     24      0.696
36      23      0.696
315     36      0.696
98      87      0.696
315     24      0.695
314     100     0.695
99      25      0.695
338     330     0.695
314     96      0.695
86      34      0.694
209     98      0.693
86      36      0.693
314     206     0.692
117     32      0.692
86      24      0.691
116     100     0.690
338     271     0.690
204     24      0.689
418     98      0.688
340     271     0.688
420     24      0.688
117     87      0.688
416     117     0.688
116     24      0.688
209     116     0.688
416     25      0.688
420     23      0.688
100     35      0.687
340     268     0.686
419     86      0.685
208     103     0.685
117     100     0.685
419     208     0.684
100     24      0.684
35      23      0.684
99      87      0.683
115     99      0.683
209     104     0.683
416     116     0.683
283     260     0.683
119     99      0.683
416     99      0.683
208     87      0.683
346     268     0.683
204     103     0.682
100     34      0.682
314     207     0.681
207     99      0.681
115     23      0.681
104     29      0.681
103     25      0.681
312     205     0.680
415     24      0.680
210     99      0.680
315     25      0.680
204     87      0.680
100     87      0.680
87      34      0.679
417     99      0.679
209     32      0.679
311     207     0.679
313     98      0.679
117     24      0.677
115     87      0.677
100     33      0.677
210     115     0.676
115     86      0.676
315     103     0.676
419     115     0.676
419     210     0.676
260     181     0.675
416     24      0.675
315     23      0.675
419     204     0.675
209     100     0.675
335     274     0.674
208     115     0.674
117     103     0.673
101     32      0.673
312     35      0.673
313     33      0.672
313     35      0.672
323     309     0.671
208     32      0.671
418     117     0.671
415     36      0.671
415     25      0.671
87      36      0.670
361     336     0.670
87      25      0.670
417     33      0.669
313     272     0.669
313     210     0.669
312     31      0.669
312     207     0.669
338     181     0.668
117     34      0.668
117     23      0.668
119     105     0.668
103     32      0.667
208     98      0.667
416     272     0.667
209     35      0.667
419     312     0.667
312     101     0.666
314     98      0.665
115     34      0.665
313     205     0.664
311     24      0.664
314     104     0.664
118     98      0.664
98      36      0.664
116     87      0.664
419     117     0.664
204     23      0.664
204     36      0.663
341     209     0.663
311     100     0.663
416     204     0.663
334     265     0.663
416     34      0.663
416     36      0.663
101     35      0.662
33      24      0.662
323     210     0.662
418     315     0.662
117     96      0.662
336     274     0.661
340     210     0.661
115     98      0.661
118     86      0.661
35      24      0.661
313     32      0.661
208     36      0.660
333     271     0.660
315     205     0.660
419     96      0.660
311     34      0.659
31      24      0.658
314     36      0.658
340     283     0.658
117     36      0.658
312     117     0.658
209     23      0.657
314     115     0.657
103     87      0.657
32      25      0.657
340     204     0.657
210     96      0.656
209     96      0.656
207     116     0.656
119     96      0.656
206     100     0.656
418     115     0.655
314     25      0.655
312     269     0.655
116     35      0.655
119     87      0.655
118     24      0.654
312     23      0.654
314     35      0.653
283     268     0.653
417     205     0.652
117     86      0.652
311     272     0.652
335     283     0.652
100     25      0.652
338     311     0.652
315     32      0.652
419     32      0.651
117     35      0.651
418     204     0.651
311     87      0.651
96      24      0.651
309     272     0.650
97      86      0.650
312     98      0.650
420     36      0.650
419     340     0.649
210     23      0.649
96      86      0.649
311     103     0.649
272     260     0.648
311     269     0.648
313     34      0.648
103     96      0.648
268     181     0.648
204     34      0.648
313     36      0.647
416     314     0.647
205     86      0.647
311     25      0.647
338     272     0.647
418     87      0.647
204     117     0.647
340     311     0.647
102     24      0.647
207     34      0.646
207     100     0.645
419     33      0.645
315     260     0.645
104     33      0.645
419     100     0.645
103     36      0.645
312     103     0.645
419     313     0.644
207     36      0.644
314     31      0.644
315     102     0.643
314     101     0.643
118     33      0.643
115     32      0.643
418     314     0.643
336     283     0.642
416     98      0.642
88      24      0.642
416     23      0.641
204     105     0.641
283     272     0.641
338     256     0.641
313     23      0.641
416     312     0.640
268     260     0.640
209     25      0.640
283     271     0.640
208     35      0.640
115     96      0.640
204     98      0.640
283     218     0.640
314     117     0.640
210     87      0.639
346     332     0.639
116     103     0.639
323     260     0.639
210     36      0.639
314     205     0.638
119     24      0.638
204     115     0.638
415     86      0.638
117     98      0.638
100     23      0.638
105     30      0.637
209     31      0.637
415     314     0.637
312     274     0.637
118     31      0.637
271     260     0.637
415     87      0.637
312     96      0.637
416     96      0.637
98      24      0.637
361     268     0.636
96      23      0.636
120     95      0.636
383     283     0.636
332     283     0.635
32      23      0.635
118     87      0.635
313     118     0.635
102     33      0.635
311     273     0.635
116     96      0.635
100     36      0.635
315     98      0.635
315     209     0.635
315     270     0.635
312     30      0.634
334     283     0.634
346     260     0.634
86      35      0.634
323     265     0.634
105     24      0.634
341     210     0.633
315     34      0.633
419     209     0.633
116     32      0.633
283     233     0.633
283     210     0.633
340     315     0.633
98      35      0.633
33      23      0.633
118     32      0.632
417     100     0.632
103     24      0.632
420     87      0.632
87      23      0.632
315     206     0.632
86      23      0.632
100     32      0.632
105     98      0.631
205     87      0.631
309     260     0.631
210     98      0.631
313     87      0.631
416     86      0.631
346     323     0.631
102     87      0.630
418     32      0.630
309     269     0.630
99      86      0.630
323     283     0.629
418     312     0.629
86      32      0.629
100     31      0.629
116     104     0.628
283     256     0.628
204     86      0.628
312     268     0.628
283     265     0.627
415     23      0.627
418     23      0.627
315     115     0.626
416     208     0.626
416     104     0.626
313     209     0.625
340     269     0.625
208     102     0.625
311     98      0.625
323     271     0.625
311     86      0.625
336     265     0.625
210     25      0.624
416     209     0.624
418     208     0.624
209     36      0.624
315     97      0.624
340     24      0.624
210     103     0.624
309     268     0.624
313     117     0.623
313     206     0.623
208     33      0.623
313     86      0.623
101     25      0.623
119     104     0.623
313     115     0.622
207     24      0.622
118     30      0.622
204     100     0.622
315     35      0.622
338     331     0.622
118     96      0.622
361     335     0.622
416     103     0.622
311     271     0.622
116     25      0.621
271     264     0.621
336     323     0.621
116     23      0.621
355     335     0.621
312     260     0.621
311     23      0.621
508     260     0.620
313     31      0.620
209     88      0.620
418     311     0.620
415     34      0.620
34      23      0.620
335     260     0.620
314     102     0.620
105     86      0.619
206     102     0.619
204     116     0.619
271     182     0.619
315     96      0.619
88      34      0.618
209     86      0.618
35      25      0.618
310     210     0.617
98      23      0.617
375     272     0.617
416     311     0.617
418     119     0.617
205     103     0.616
105     23      0.616
323     268     0.616
119     97      0.616
331     260     0.616
205     98      0.616
340     34      0.616
119     32      0.616
313     102     0.616
283     269     0.615
315     86      0.615
313     103     0.615
87      32      0.615
315     283     0.614
272     210     0.614
105     87      0.614
314     269     0.614
420     25      0.614
416     35      0.614
208     86      0.614
204     104     0.614
119     85      0.614
203     95      0.613
210     86      0.613
418     116     0.613
285     218     0.613
361     285     0.612
323     315     0.612
333     268     0.612
312     104     0.611
418     35      0.611
418     100     0.611
98      31      0.611
205     33      0.610
210     118     0.610
417     24      0.610
415     311     0.609
314     33      0.609
97      33      0.609
311     115     0.609
420     86      0.609
340     260     0.609
101     23      0.608
86      33      0.608
274     260     0.608
335     271     0.607
209     117     0.607
312     119     0.607
104     30      0.607
355     210     0.607
334     182     0.607
118     88      0.606
207     98      0.606
311     101     0.606
116     33      0.606
415     271     0.606
204     35      0.606
88      35      0.606
335     285     0.606
115     35      0.605
104     24      0.605
323     269     0.605
116     36      0.605
346     338     0.605
119     23      0.605
331     283     0.604
103     33      0.604
315     118     0.604
349     210     0.604
315     33      0.604
208     117     0.604
311     32      0.603
311     116     0.603
311     35      0.603
86      25      0.603
272     181     0.602
120     98      0.602
283     182     0.602
101     33      0.602
313     25      0.602
117     31      0.602
418     104     0.602
314     285     0.602
209     87      0.602
418     313     0.601
120     104     0.601
419     103     0.601
283     274     0.601
341     204     0.600
334     268     0.600
342     204     0.600
416     210     0.600
419     272     0.599
341     272     0.599
274     210     0.598
88      32      0.598
338     260     0.598
418     34      0.598
102     32      0.598
36      25      0.598
101     24      0.597
104     87      0.597
419     101     0.597
115     25      0.597
323     274     0.597
338     210     0.597
340     331     0.597
117     97      0.597
338     298     0.596
98      32      0.596
101     87      0.596
420     96      0.595
118     23      0.595
338     170     0.595
119     31      0.594
119     100     0.594
342     272     0.594
331     272     0.594
420     315     0.594
309     271     0.594
356     181     0.593
101     34      0.593
383     274     0.593
350     311     0.593
331     265     0.593
210     34      0.593
89      32      0.593
96      34      0.593
97      88      0.592
315     30      0.592
416     115     0.592
313     207     0.592
119     98      0.592
355     311     0.592
208     118     0.592
115     31      0.592
315     269     0.592
415     115     0.592
416     271     0.591
355     268     0.591
204     25      0.591
102     35      0.591
415     268     0.591
313     116     0.591
119     36      0.590
310     271     0.590
103     23      0.590
417     116     0.590
99      31      0.590
356     204     0.590
204     55      0.589
104     32      0.589
313     96      0.589
209     103     0.589
98      86      0.589
315     207     0.589
332     269     0.588
283     276     0.588
328     268     0.588
204     181     0.588
420     99      0.588
355     346     0.588
103     86      0.588
97      35      0.587
314     88      0.587
417     34      0.587
311     205     0.587
355     336     0.587
342     210     0.587
312     33      0.587
34      25      0.587
340     36      0.586
416     119     0.586
87      33      0.586
418     210     0.586
99      30      0.586
336     259     0.586
314     268     0.586
268     228     0.586
338     274     0.585
383     181     0.585
323     182     0.585
210     35      0.585
206     99      0.584
312     102     0.584
90      26      0.584
341     312     0.584
340     323     0.584
97      30      0.584
114     86      0.584
105     33      0.584
312     88      0.584
309     275     0.583
314     119     0.583
208     116     0.583
205     96      0.583
416     313     0.583
314     30      0.583
419     88      0.583
316     203     0.582
119     103     0.582
312     36      0.582
416     260     0.582
383     315     0.582
271     204     0.582
208     30      0.582
312     115     0.581
207     101     0.581
269     181     0.581
415     98      0.581
353     332     0.581
349     332     0.581
416     32      0.580
265     181     0.580
311     203     0.580
204     118     0.580
104     25      0.579
209     97      0.579
418     103     0.579
285     260     0.579
120     86      0.579
311     206     0.579
105     32      0.579
420     204     0.579
346     269     0.579
311     268     0.579
338     55      0.579
209     115     0.578
285     265     0.578
98      33      0.578
272     204     0.578
340     274     0.578
336     285     0.578
419     102     0.577
334     210     0.577
419     118     0.577
265     256     0.577
86      31      0.577
268     210     0.577
415     340     0.577
33      25      0.577
97      31      0.577
420     115     0.576
283     177     0.576
338     263     0.575
418     272     0.575
205     117     0.575
335     264     0.575
205     88      0.575
349     315     0.574
312     116     0.574
210     32      0.574
349     311     0.574
87      30      0.573
210     33      0.573
205     24      0.573
332     272     0.573
311     33      0.573
272     55      0.573
315     268     0.573
418     36      0.573
383     336     0.573
420     116     0.573
315     116     0.573
415     37      0.573
118     35      0.572
210     100     0.572
420     85      0.572
283     174     0.571
102     34      0.571
309     265     0.571
203     23      0.570
209     119     0.570
417     117     0.570
118     101     0.570
355     338     0.570
341     314     0.570
119     86      0.570
271     181     0.570
312     181     0.570
341     99      0.570
415     210     0.569
420     35      0.569
312     89      0.569
332     285     0.568
210     116     0.568
312     118     0.568
103     31      0.568
333     267     0.568
119     27      0.568
417     311     0.567
415     208     0.567
118     36      0.567
268     174     0.567
312     271     0.566
346     331     0.566
416     31      0.566
88      31      0.566
115     30      0.566
117     25      0.566
355     120     0.566
356     283     0.566
385     338     0.566
205     25      0.566
332     271     0.565
260     218     0.565
417     209     0.565
312     283     0.565
415     116     0.565
118     34      0.565
341     208     0.565
208     31      0.565
314     271     0.564
418     25      0.564
207     32      0.564
338     218     0.564
419     271     0.564
316     204     0.564
207     87      0.564
116     31      0.564
417     29      0.563
335     210     0.563
419     29      0.563
315     117     0.563
418     86      0.563
313     97      0.563
416     340     0.563
103     35      0.563
420     314     0.562
361     283     0.562
331     181     0.562
116     30      0.562
103     30      0.562
349     340     0.562
323     96      0.562
313     101     0.562
314     283     0.561
37      23      0.561
340     209     0.561
203     27      0.561
341     311     0.561
117     33      0.561
323     295     0.561
418     206     0.561
105     88      0.561
87      35      0.561
102     31      0.560
102     30      0.560
416     97      0.560
101     31      0.560
417     31      0.560
100     86      0.560
331     285     0.560
323     266     0.560
346     283     0.560
285     181     0.560
210     29      0.560
417     315     0.559
312     285     0.559
96      5       0.558
115     103     0.558
346     336     0.558
203     104     0.558
118     102     0.558
205     116     0.558
418     101     0.558
105     31      0.558
355     315     0.558
418     271     0.558
385     283     0.558
331     323     0.558
415     96      0.557
338     259     0.557
316     96      0.557
419     206     0.557
278     271     0.557
283     170     0.557
340     332     0.557
416     101     0.557
285     256     0.556
415     209     0.556
328     271     0.556
276     265     0.556
323     204     0.556
337     271     0.556
116     97      0.556
341     24      0.556
417     25      0.556
338     182     0.556
104     35      0.556
204     37      0.556
205     34      0.555
96      37      0.555
342     203     0.555
206     87      0.555
208     96      0.555
269     210     0.555
415     35      0.555
118     103     0.555
334     285     0.555
205     31      0.554
206     34      0.554
207     103     0.554
420     119     0.554
346     210     0.554
117     101     0.554
337     182     0.554
208     101     0.554
206     86      0.554
418     209     0.554
207     86      0.554
264     182     0.554
205     115     0.553
356     336     0.553
336     174     0.553
313     88      0.553
346     335     0.553
419     95      0.553
89      23      0.553
97      34      0.553
210     30      0.553
210     117     0.553
315     105     0.553
37      25      0.553
208     97      0.553
420     210     0.553
271     210     0.553
355     273     0.553
204     120     0.552
206     97      0.552
116     101     0.552
204     5       0.552
85      24      0.552
361     269     0.552
419     268     0.552
207     29      0.551
415     315     0.551
417     103     0.551
340     265     0.551
335     269     0.551
323     5       0.551
337     268     0.551
334     260     0.551
416     341     0.551
117     30      0.551
95      23      0.551
420     340     0.550
96      32      0.550
312     203     0.550
416     207     0.550
355     272     0.550
418     96      0.550
310     208     0.550
99      33      0.549
116     88      0.549
114     27      0.549
313     104     0.549
313     270     0.549
323     285     0.549
356     274     0.549
205     32      0.549
315     271     0.549
209     118     0.549
419     207     0.548
96      25      0.548
283     237     0.548
206     103     0.548
355     181     0.548
102     23      0.548
315     276     0.548
313     105     0.548
37      24      0.547
298     260     0.547
340     314     0.547
355     5       0.547
313     30      0.547
283     175     0.547
341     203     0.547
283     169     0.547
312     27      0.547
205     23      0.546
419     31      0.546
312     86      0.546
97      87      0.546
331     315     0.546
118     89      0.546
355     274     0.546
418     102     0.545
119     25      0.545
210     203     0.545
419     37      0.545
116     86      0.545
361     331     0.545
331     268     0.545
206     32      0.545
334     323     0.544
315     285     0.544
115     100     0.544
346     265     0.544
353     311     0.544
260     55      0.543
332     265     0.543
315     104     0.543
328     269     0.543
355     265     0.543
415     32      0.543
211     203     0.543
285     233     0.543
340     266     0.543
417     312     0.542
416     88      0.542
206     25      0.542
416     85      0.542
415     204     0.542
117     104     0.542
415     313     0.542
340     285     0.542
349     338     0.541
417     35      0.541
419     104     0.541
338     270     0.541
311     274     0.541
355     334     0.541
272     169     0.541
120     22      0.541
283     99      0.540
341     315     0.540
88      33      0.540
383     272     0.540
105     96      0.540
355     309     0.540
105     25      0.539
417     313     0.539
119     35      0.539
204     31      0.539
311     88      0.539
355     310     0.539
310     98      0.539
206     116     0.539
285     268     0.538
315     265     0.538
104     31      0.538
285     174     0.538
335     181     0.538