Prediction Made with CORNET:
a Neural Network based method trained using Correlated Mutations,
Sequence Conservation, Predicted Secondary structure of Proteins and
Evolutionary Information.
Authors Fariselli Piero, Olmea Osvaldo, Valencia Alfonso, Rita Casadio.
This method is an extension of the two following methods

Olmea O. and Valencia A. (1997) Fold. Des. 2: S25-32.

Fariselli P and Casadio R. (1999) Prot. Engng 12:15-21

#================================================================#

PREDICTION

Couple          Reliability
i       j
503     261     0.861
315     273     0.824
316     211     0.820
313     209     0.810
315     39      0.810
316     209     0.796
503     336     0.794
503     324     0.788
313     211     0.787
315     37      0.784
313     37      0.783
316     273     0.777
336     269     0.776
337     261     0.774
315     205     0.773
313     205     0.772
337     269     0.770
483     269     0.770
324     273     0.769
314     39      0.763
315     35      0.763
104     37      0.759
316     205     0.758
339     266     0.756
312     210     0.752
315     210     0.751
312     211     0.747
312     209     0.744
314     209     0.744
339     284     0.743
315     38      0.741
314     37      0.738
315     211     0.737
339     269     0.737
339     286     0.736
114     39      0.736
315     209     0.736
315     102     0.733
316     37      0.732
314     104     0.732
114     37      0.732
314     35      0.731
503     286     0.727
315     261     0.725
104     35      0.724
503     284     0.722
209     37      0.721
316     114     0.721
315     114     0.718
314     38      0.717
104     31      0.715
313     273     0.715
312     205     0.714
312     39      0.713
101     37      0.713
205     37      0.710
314     205     0.710
104     39      0.710
284     182     0.709
481     269     0.709
266     254     0.709
102     37      0.708
210     37      0.707
115     39      0.706
339     312     0.705
500     114     0.704
317     32      0.704
339     277     0.703
101     35      0.703
500     316     0.702
315     104     0.702
316     39      0.702
315     31      0.701
315     34      0.700
313     207     0.700
313     35      0.700
205     104     0.699
114     38      0.699
362     337     0.699
273     266     0.698
286     254     0.698
205     39      0.696
104     34      0.696
336     275     0.696
103     36      0.695
102     39      0.695
508     337     0.694
481     261     0.691
315     207     0.690
337     275     0.690
347     269     0.689
481     284     0.689
315     99      0.689
316     271     0.688
316     38      0.688
211     114     0.688
209     38      0.686
284     261     0.686
312     208     0.685
103     32      0.684
339     331     0.684
483     362     0.682
103     35      0.682
313     210     0.682
314     273     0.681
315     208     0.681
362     269     0.680
508     269     0.679
286     229     0.678
481     286     0.677
362     286     0.677
313     33      0.676
209     39      0.676
339     272     0.675
261     182     0.674
341     312     0.674
341     316     0.674
314     206     0.673
209     104     0.673
500     312     0.673
503     91      0.673
261     254     0.672
314     211     0.671
528     337     0.671
500     40      0.671
314     114     0.670
205     35      0.669
316     31      0.669
104     33      0.668
210     39      0.667
313     39      0.667
481     336     0.667
341     273     0.667
209     114     0.666
269     182     0.666
313     206     0.666
503     362     0.665
315     286     0.664
316     261     0.664
115     37      0.664
114     101     0.664
316     206     0.663
269     254     0.663
362     336     0.663
114     99      0.663
104     38      0.662
114     104     0.662
545     183     0.661
313     104     0.661
315     101     0.660
313     114     0.659
315     103     0.659
113     100     0.659
339     254     0.658
100     36      0.658
315     100     0.658
314     34      0.658
313     208     0.657
417     269     0.657
334     272     0.657
339     257     0.656
273     261     0.656
315     206     0.656
324     211     0.655
115     104     0.655
269     227     0.654
483     324     0.654
269     73      0.654
310     273     0.654
284     269     0.653
312     270     0.652
313     275     0.652
500     205     0.652
313     270     0.652
269     261     0.651
312     37      0.651
210     35      0.651
341     272     0.651
336     284     0.650
500     284     0.650
316     40      0.649
208     37      0.649
205     114     0.649
284     229     0.648
342     210     0.648
273     254     0.648
503     252     0.647
209     36      0.646
284     257     0.646
503     88      0.646
324     310     0.646
210     114     0.646
209     35      0.645
351     312     0.643
103     38      0.643
544     284     0.643
205     38      0.643
316     35      0.642
483     337     0.642
206     39      0.642
312     273     0.642
102     35      0.642
286     219     0.641
339     182     0.641
208     100     0.641
312     272     0.641
114     35      0.641
347     333     0.640
101     38      0.640
102     38      0.640
284     219     0.640
313     38      0.639
284     272     0.639
347     324     0.639
284     211     0.639
310     270     0.638
341     211     0.638
337     284     0.638
324     88      0.638
284     273     0.638
341     205     0.638
335     266     0.637
208     39      0.637
114     40      0.637
500     38      0.637
211     39      0.637
347     261     0.636
336     286     0.636
509     334     0.636
310     261     0.636
316     284     0.635
341     269     0.635
500     104     0.634
284     275     0.634
508     272     0.634
313     254     0.634
482     269     0.633
101     39      0.633
314     207     0.633
337     324     0.633
114     34      0.633
284     266     0.633
115     38      0.633
316     207     0.632
310     269     0.632
315     115     0.632
312     274     0.632
342     211     0.632
324     316     0.631
417     324     0.631
337     266     0.631
500     273     0.631
324     261     0.630
313     101     0.630
99      88      0.629
376     273     0.629
102     36      0.629
384     284     0.629
211     31      0.629
324     284     0.628
205     102     0.628
272     261     0.628
350     312     0.628
115     35      0.628
362     254     0.627
324     272     0.627
312     38      0.627
211     37      0.626
350     316     0.626
209     101     0.625
312     99      0.625
103     37      0.625
483     336     0.624
284     270     0.624
206     37      0.624
333     284     0.623
503     90      0.623
100     38      0.622
272     254     0.622
316     210     0.622
310     254     0.622
210     103     0.621
503     148     0.621
99      31      0.621
313     269     0.620
316     33      0.620
114     31      0.620
113     33      0.620
254     182     0.619
99      39      0.619
336     88      0.619
335     284     0.619
315     270     0.619
339     273     0.619
207     39      0.618
209     34      0.618
314     36      0.618
342     312     0.618
500     115     0.618
272     183     0.617
101     33      0.617
313     40      0.617
207     37      0.617
210     34      0.616
206     114     0.616
500     39      0.616
286     261     0.616
499     312     0.615
115     103     0.615
205     99      0.615
312     114     0.615
314     210     0.614
356     336     0.614
350     211     0.614
342     313     0.613
269     229     0.613
284     254     0.613
324     269     0.613
545     338     0.613
269     253     0.612
356     312     0.612
362     270     0.612
206     36      0.612
315     269     0.612
207     101     0.612
336     261     0.611
336     79      0.611
324     5       0.610
315     36      0.610
266     257     0.609
207     114     0.609
334     269     0.609
275     261     0.608
311     211     0.608
315     33      0.608
210     38      0.608
313     100     0.607
362     284     0.607
347     339     0.607
337     286     0.606
313     261     0.606
102     34      0.606
310     272     0.606
347     312     0.606
272     265     0.606
336     272     0.606
509     183     0.606
114     88      0.605
337     260     0.605
503     251     0.605
205     105     0.605
503     272     0.605
483     261     0.605
211     38      0.605
315     88      0.604
481     272     0.604
207     104     0.604
483     356     0.604
332     261     0.604
314     208     0.604
316     270     0.604
339     211     0.604
343     205     0.603
336     229     0.603
284     183     0.603
341     284     0.603
500     37      0.603
343     211     0.603
324     266     0.602
339     88      0.602
316     254     0.602
316     36      0.602
508     253     0.602
40      31      0.601
315     284     0.601
314     101     0.601
205     34      0.601
100     37      0.601
313     34      0.601
503     353     0.601
324     270     0.601
324     275     0.600
500     272     0.600
100     39      0.600
105     32      0.599
39      31      0.599
104     36      0.599
115     40      0.598
343     273     0.598
481     332     0.598
332     284     0.598
342     315     0.598
500     99      0.597
316     208     0.597
314     99      0.597
269     37      0.597
528     272     0.597
503     316     0.596
336     254     0.595
500     481     0.595
312     204     0.595
347     270     0.595
339     229     0.594
500     271     0.594
312     35      0.594
316     286     0.594
284     277     0.594
114     102     0.593
315     272     0.593
324     253     0.593
209     102     0.592
347     211     0.592
286     266     0.592
115     34      0.592
114     33      0.592
210     115     0.592
499     113     0.591
317     204     0.591
335     183     0.591
269     79      0.591
339     271     0.591
316     104     0.590
105     36      0.590
312     206     0.590
211     99      0.590
354     312     0.590
335     254     0.589
312     269     0.589
503     384     0.589
548     249     0.589
312     100     0.589
261     5       0.589
342     37      0.588
503     337     0.588
314     271     0.588
339     171     0.588
341     37      0.588
376     254     0.588
314     103     0.588
114     91      0.588
316     269     0.588
546     513     0.587
269     175     0.587
483     254     0.587
314     102     0.587
100     34      0.587
261     229     0.587
503     481     0.587
312     101     0.586
266     182     0.586
207     35      0.586
362     332     0.586
335     269     0.586
311     272     0.586
286     269     0.586
508     362     0.586
324     183     0.586
114     36      0.585
313     99      0.585
266     227     0.585
342     273     0.584
357     205     0.584
503     56      0.584
503     339     0.583
104     88      0.583
115     105     0.583
503     343     0.583
286     182     0.583
481     229     0.583
483     284     0.583
339     332     0.582
500     31      0.582
350     333     0.582
312     113     0.582
286     257     0.581
314     115     0.581
313     31      0.581
103     39      0.581
509     272     0.581
206     102     0.581
314     31      0.581
342     205     0.581
502     147     0.580
207     38      0.580
335     211     0.580
481     362     0.580
332     286     0.580
333     286     0.580
286     270     0.579
500     343     0.579
269     211     0.579
341     270     0.579
313     286     0.579
339     261     0.579
316     272     0.579
356     211     0.578
500     112     0.578
333     270     0.578
273     182     0.578
336     312     0.578
208     115     0.578
205     182     0.578
357     182     0.578
314     100     0.578
336     211     0.578
324     286     0.577
284     88      0.577
313     88      0.577
336     37      0.577
342     316     0.577
500     315     0.576
332     254     0.576
211     101     0.576
205     115     0.576
546     311     0.575
269     260     0.575
502     312     0.575
261     73      0.575
102     31      0.575
343     204     0.575
312     207     0.575
99      37      0.574
341     315     0.574
482     337     0.574
339     227     0.573
316     91      0.573
206     101     0.573
332     273     0.573
206     38      0.573
253     175     0.573
362     211     0.573
356     269     0.573
481     254     0.572
270     182     0.572
347     284     0.572
313     102     0.572
310     266     0.572
314     40      0.572
284     175     0.572
40      33      0.571
481     79      0.571
284     178     0.571
335     286     0.571
347     336     0.571
286     277     0.571
500     88      0.570
500     342     0.570
103     33      0.570
347     332     0.570
315     113     0.570
284     271     0.570
312     36      0.569
339     73      0.569
546     249     0.569
503     183     0.569
503     313     0.569
310     286     0.569
206     35      0.568
417     336     0.568
356     337     0.568
544     88      0.568
508     183     0.568
337     257     0.568
211     35      0.568
357     284     0.568
500     34      0.567
503     276     0.567
101     34      0.567
105     33      0.567
270     211     0.567
316     101     0.566
312     115     0.566
115     100     0.566
261     219     0.566
211     40      0.566
339     275     0.566
329     269     0.566
273     211     0.566
208     35      0.566
545     272     0.565
484     269     0.565
205     91      0.565
253     73      0.565
316     99      0.565
312     33      0.564
207     115     0.564
205     40      0.564
362     182     0.564
336     316     0.564
347     337     0.564
316     115     0.564
313     271     0.563
356     347     0.563
265     183     0.563
314     272     0.562
105     38      0.562
503     342     0.562
362     275     0.562
210     104     0.562
481     88      0.562
483     334     0.562
313     284     0.562
313     182     0.562
332     266     0.562
336     270     0.561
342     209     0.561
316     277     0.561
310     276     0.561
275     211     0.561
324     229     0.561
384     275     0.561
481     175     0.561
284     171     0.561
313     115     0.561
500     147     0.561
284     5       0.560
503     152     0.560
106     33      0.560
352     316     0.560
115     99      0.560
313     32      0.560
503     347     0.560
499     39      0.559
544     286     0.559
272     205     0.559
354     333     0.559
313     204     0.559
286     175     0.558
347     275     0.558
313     272     0.558
205     116     0.558
261     79      0.558
102     33      0.558
205     88      0.558
343     312     0.558
205     31      0.557
115     32      0.557
500     332     0.557
100     35      0.557
312     104     0.557
343     114     0.557
331     269     0.557
315     251     0.556
114     105     0.556
343     315     0.556
206     34      0.556
317     205     0.556
384     337     0.556
333     272     0.556
115     36      0.556
338     272     0.555
316     275     0.555
342     204     0.555
336     265     0.555
503     229     0.555
284     260     0.555
209     33      0.555
257     229     0.555
343     316     0.554
339     91      0.554
498     272     0.554
386     284     0.554
205     36      0.554
384     88      0.554
312     261     0.554
316     204     0.554
500     269     0.554
266     170     0.554
284     74      0.554
114     98      0.553
333     273     0.553
116     33      0.553
499     341     0.553
113     98      0.553
498     316     0.553
210     31      0.553
210     99      0.553
334     268     0.553
339     299     0.553
417     334     0.552
341     314     0.552
503     269     0.552
356     286     0.552
343     314     0.552
528     183     0.552
528     303     0.552
508     303     0.552
272     182     0.552
273     257     0.552
332     324     0.552
356     311     0.552
339     260     0.551
279     272     0.551
211     91      0.551
250     88      0.551
211     204     0.551
211     113     0.550
324     312     0.550
315     271     0.550
357     337     0.550
329     316     0.550
315     91      0.550
115     31      0.550
106     98      0.550
350     339     0.550
333     316     0.550
315     40      0.550
315     254     0.549
356     316     0.549
310     284     0.549
337     175     0.549
347     316     0.549
338     183     0.549
316     34      0.549
314     269     0.549
299     261     0.549
503     332     0.549
312     275     0.549
99      35      0.548
503     254     0.548
210     33      0.548
341     261     0.548
341     324     0.548
337     316     0.548
211     34      0.547
312     40      0.547
338     269     0.547
503     266     0.547
113     37      0.547
546     272     0.547
284     73      0.547
253     205     0.547
227     182     0.546
481     335     0.546
284     170     0.546
205     103     0.546
500     314     0.546
341     275     0.546
484     329     0.546
207     100     0.546
347     335     0.546
114     77      0.545
324     296     0.545
206     104     0.545
207     33      0.545
312     32      0.545
500     102     0.544
105     39      0.544
341     210     0.544
211     33      0.544
337     88      0.544
210     113     0.544
343     31      0.544
324     254     0.544
312     102     0.544
313     105     0.543
115     91      0.543
417     286     0.543
310     277     0.543
208     34      0.543
332     269     0.542
284     79      0.542
211     115     0.542
332     182     0.542
101     36      0.542
313     91      0.542
103     34      0.541
503     271     0.541
429     286     0.541
115     101     0.541
260     182     0.541
384     286     0.541
347     182     0.541
209     99      0.541
105     35      0.541
341     332     0.541
331     254     0.541
384     182     0.541
364     261     0.541
548     311     0.540
277     266     0.540
114     73      0.540
343     313     0.540
38      31      0.540
114     106     0.540
227     219     0.539
362     333     0.539
277     254     0.539
339     79      0.539
503     182     0.539
336     227     0.538
336     73      0.538
484     260     0.538
261     88      0.538
312     271     0.538
315     204     0.538
347     254     0.537
204     106     0.537
116     98      0.537
352     312     0.537
544     261     0.537
547     312     0.537
513     269     0.537
254     229     0.537
211     88      0.537
205     113     0.536
211     104     0.536
286     273     0.536
284     176     0.536
337     272     0.536
330     272     0.536
342     39      0.536
207     36      0.536
106     31      0.536
501     316     0.536
503     335     0.536
312     34      0.536
417     284     0.536
114     32      0.535
546     274     0.535
329     272     0.535
449     254     0.535
324     205     0.535
503     273     0.535
206     33      0.535
316     229     0.535
499     98      0.535
261     37      0.534
339     183     0.534
503     205     0.534
105     37      0.534
347     266     0.534
481     324     0.534
429     261     0.534
546     525     0.534
528     269     0.534
335     324     0.533
376     284     0.533
269     209     0.533
545     312     0.533
204     98      0.533
39      32      0.533
336     182     0.533
384     261     0.533
269     177     0.533
311     209     0.533
335     316     0.533
316     102     0.532
210     102     0.532
339     316     0.532
337     330     0.532
312     91      0.532
114     100     0.532
257     5       0.531
483     333     0.531
99      33      0.531
335     261     0.531
205     147     0.531
332     272     0.531
351     311     0.530
310     205     0.530
484     337     0.530
299     284     0.530
316     77      0.530
342     272     0.530
253     211     0.530
356     339     0.530
356     275     0.530
272     71      0.530
312     284     0.530
261     211     0.530
339     219     0.529
501     105     0.529
356     324     0.529
499     351     0.529
257     219     0.529
500     337     0.529
350     273     0.529
357     269     0.529
481     176     0.529
115     88      0.529
384     316     0.528
386     339     0.528
333     266     0.528
499     313     0.528
481     273     0.528
350     341     0.528
88      5       0.528
336     315     0.528
261     74      0.528
337     277     0.528
324     267     0.528
253     37      0.527
336     183     0.527
357     336     0.527
356     182     0.527
115     33      0.527
277     269     0.526
335     88      0.526
449     88      0.526
210     100     0.526
341     229     0.526
299     286     0.526
106     38      0.526
339     184     0.526
499     210     0.526
483     286     0.525
286     275     0.525
266     175     0.525
350     269     0.525
340     273     0.525
106     39      0.525
115     102     0.525
483     276     0.525
429     284     0.525
273     88      0.524
341     209     0.524
362     316     0.524
88      74      0.524
261     183     0.524
116     105     0.524
356     204     0.524
324     313     0.524
337     223     0.524
314     33      0.524
115     106     0.523
503     5       0.523
284     177     0.523
313     103     0.523
205     101     0.523
376     286     0.523
337     211     0.523
88      79      0.523
272     209     0.523
286     170     0.522
99      91      0.522
205     106     0.522
209     100     0.522
503     312     0.522
316     105     0.522
501     114     0.522
273     170     0.522
356     88      0.522
417     183     0.522
204     105     0.522
500     211     0.522
339     264     0.521
261     223     0.521
337     182     0.521
269     183     0.521
494     334     0.521
481     58      0.521
311     275     0.521
500     286     0.521
315     32      0.521
317     274     0.521
347     340     0.521
362     37      0.520
337     229     0.520
376     266     0.520
312     286     0.520
357     275     0.520
357     211     0.520
337     273     0.520
481     380     0.520
261     176     0.520
339     324     0.520
545     337     0.520
544     339     0.520
113     31      0.520
353     336     0.519
342     314     0.519
311     271     0.519
261     177     0.519
97      31      0.519
324     179     0.519
273     205     0.518
316     32      0.518
206     105     0.518
329     286     0.518
113     105     0.518
356     254     0.518
548     334     0.518
253     91      0.518
272     37      0.518
376     270     0.517
340     316     0.517
325     269     0.517
324     91      0.517
499     114     0.517
253     209     0.517
356     272     0.517
500     26      0.517
376     333     0.517
269     77      0.517
502     105     0.516
544     336     0.516
313     274     0.516
310     211     0.516
339     37      0.516
316     182     0.516
324     182     0.516
500     261     0.516
500     339     0.515
99      40      0.515
210     101     0.515
272     88      0.515
206     31      0.515
336     324     0.515
500     210     0.515
211     36      0.515
227     175     0.515
273     260     0.515
329     270     0.515
356     273     0.515
357     286     0.515
113     99      0.515
324     281     0.514
284     223     0.514
208     104     0.514
498     147     0.514
284     227     0.514
376     261     0.514
273     73      0.514
114     74      0.514
341     39      0.514
299     269     0.514
316     266     0.514
347     273     0.514
336     257     0.513
481     417     0.513
101     88      0.513
508     336     0.513
314     253     0.513
211     147     0.513
341     313     0.513
324     251     0.512
314     91      0.512
206     115     0.512
112     99      0.512
100     32      0.512
272     211     0.512
481     435     0.511
251     211     0.511
114     103     0.511
340     205     0.511
483     270     0.511
356     270     0.511
99      34      0.511
227     170     0.511
334     316     0.511
332     227     0.511
269     171     0.511
508     275     0.511
209     103     0.511
272     260     0.511
312     31      0.511
333     254     0.511
317     210     0.510
208     33      0.510
500     313     0.510
503     99      0.510
351     205     0.510
315     296     0.510
113     39      0.510
340     272     0.510
207     99      0.510
376     269     0.510
357     347     0.510
335     272     0.510
351     211     0.510
356     334     0.510
313     36      0.509
500     250     0.509
208     38      0.509
106     32      0.509
310     91      0.509
333     324     0.509
481     260     0.509
352     211     0.508
312     253     0.508
313     277     0.508
332     88      0.508
205     32      0.508
503     26      0.508
362     324     0.507
528     362     0.507
284     37      0.507
336     260     0.507
347     286     0.507
114     97      0.507
329     261     0.507
253     88      0.507
544     269     0.507
365     337     0.507
212     204     0.507
483     88      0.507
269     76      0.507