Prediction Made with CORNET:
a Neural Network based method trained using Correlated Mutations,
Sequence Conservation, Predicted Secondary structure of Proteins and
Evolutionary Information.
Authors Fariselli Piero, Olmea Osvaldo, Valencia Alfonso, Rita Casadio.
This method is an extension of the two following methods

Olmea O. and Valencia A. (1997) Fold. Des. 2: S25-32.

Fariselli P and Casadio R. (1999) Prot. Engng 12:15-21

#================================================================#

PREDICTION

Couple          Reliability
i       j
299     32      0.920
303     34      0.895
323     137     0.894
323     165     0.893
303     36      0.885
303     197     0.885
303     37      0.885
302     34      0.882
299     34      0.881
323     124     0.881
299     165     0.872
323     243     0.872
321     165     0.869
323     288     0.869
306     217     0.862
165     37      0.860
165     127     0.858
303     165     0.857
299     196     0.855
323     142     0.855
323     32      0.852
299     124     0.852
165     34      0.850
318     197     0.848
217     165     0.847
303     32      0.847
323     15      0.841
197     165     0.841
299     36      0.840
323     115     0.840
323     302     0.838
323     240     0.834
165     27      0.833
302     288     0.833
323     94      0.833
165     94      0.831
323     252     0.831
299     94      0.830
322     164     0.830
299     37      0.828
323     197     0.828
302     165     0.826
287     197     0.821
306     291     0.821
302     217     0.820
299     288     0.819
321     196     0.819
287     214     0.818
217     182     0.817
299     197     0.816
165     36      0.815
306     196     0.815
306     214     0.812
94      32      0.812
323     170     0.811
289     164     0.811
165     15      0.811
321     34      0.811
323     198     0.810
321     197     0.809
197     127     0.807
321     302     0.806
323     27      0.806
299     243     0.805
306     215     0.804
321     291     0.804
34      27      0.803
323     246     0.803
288     165     0.803
165     71      0.802
217     142     0.802
261     142     0.800
299     15      0.800
318     127     0.799
302     36      0.798
362     71      0.798
222     197     0.798
302     32      0.796
291     165     0.796
165     52      0.796
306     67      0.795
306     293     0.795
321     299     0.794
306     15      0.793
318     196     0.793
299     137     0.793
196     131     0.793
197     134     0.793
321     214     0.792
299     198     0.792
323     132     0.791
323     196     0.791
217     200     0.791
196     134     0.791
299     252     0.789
302     196     0.789
224     197     0.789
306     165     0.788
94      36      0.788
156     127     0.787
299     246     0.786
323     136     0.786
318     291     0.786
197     72      0.786
287     165     0.785
323     36      0.785
323     163     0.785
323     67      0.784
105     15      0.784
303     27      0.784
306     299     0.783
299     38      0.783
323     105     0.783
165     48      0.782
217     197     0.781
165     115     0.780
318     71      0.779
306     136     0.779
217     72      0.778
136     71      0.778
323     215     0.777
299     200     0.777
318     162     0.776
306     198     0.776
299     27      0.776
217     15      0.776
321     105     0.776
302     214     0.775
291     197     0.775
197     137     0.775
303     252     0.772
197     36      0.772
299     142     0.772
323     37      0.772
321     306     0.771
323     306     0.771
196     137     0.771
302     94      0.770
197     132     0.770
287     29      0.770
318     142     0.770
222     9       0.769
303     15      0.769
214     142     0.769
306     287     0.769
217     118     0.769
302     37      0.768
165     136     0.768
224     134     0.768
310     288     0.768
197     118     0.768
303     72      0.767
165     118     0.767
303     291     0.767
303     94      0.767
306     168     0.766
322     31      0.766
299     163     0.766
321     303     0.765
197     34      0.765
303     196     0.765
302     197     0.765
107     15      0.763
165     131     0.763
196     115     0.762
306     197     0.762
303     225     0.762
300     37      0.762
291     168     0.762
301     34      0.761
298     164     0.760
217     27      0.760
165     5       0.760
222     134     0.760
303     215     0.760
318     137     0.759
303     35      0.759
197     162     0.757
287     196     0.756
321     287     0.756
214     15      0.756
323     127     0.756
222     196     0.756
37      27      0.755
322     163     0.755
196     71      0.755
299     217     0.755
302     15      0.755
390     222     0.755
321     71      0.755
217     196     0.755
361     48      0.754
323     287     0.754
306     94      0.754
246     127     0.754
303     131     0.753
321     137     0.752
303     217     0.752
303     38      0.752
300     31      0.752
34      9       0.752
323     38      0.751
217     71      0.751
299     115     0.751
197     124     0.751
165     72      0.750
301     32      0.750
323     108     0.749
306     137     0.749
306     115     0.747
299     71      0.747
217     124     0.747
164     139     0.747
94      34      0.747
306     200     0.746
323     217     0.746
318     9       0.745
303     137     0.745
320     288     0.745
306     166     0.745
303     288     0.745
217     134     0.744
217     127     0.744
303     132     0.742
321     94      0.742
321     134     0.742
191     142     0.742
323     87      0.742
300     33      0.742
291     134     0.741
162     137     0.741
318     217     0.741
217     37      0.741
290     165     0.741
299     248     0.741
306     243     0.741
287     215     0.740
287     36      0.739
165     107     0.739
137     127     0.739
165     64      0.738
321     38      0.738
299     33      0.738
165     114     0.738
323     25      0.738
321     162     0.738
323     299     0.738
318     235     0.737
131     36      0.737
294     29      0.737
302     64      0.737
323     291     0.737
302     131     0.737
71      36      0.737
95      37      0.737
323     153     0.736
320     92      0.736
320     94      0.736
214     134     0.736
290     163     0.736
214     182     0.736
303     283     0.736
38      15      0.736
323     310     0.735
302     215     0.735
197     71      0.735
287     166     0.735
217     198     0.735
323     107     0.735
217     115     0.735
306     124     0.734
304     37      0.734
368     222     0.734
299     72      0.734
306     27      0.733
127     32      0.733
320     197     0.733
323     34      0.732
390     12      0.732
165     38      0.732
136     115     0.731
318     306     0.731
318     287     0.731
224     9       0.731
35      27      0.731
306     182     0.731
310     124     0.730
306     118     0.730
323     200     0.730
303     124     0.730
299     134     0.730
320     134     0.729
322     26      0.729
27      15      0.729
242     142     0.729
302     248     0.729
197     131     0.729
303     243     0.729
310     289     0.729
299     114     0.728
320     163     0.728
303     214     0.728
300     36      0.728
320     291     0.728
323     214     0.728
220     160     0.727
302     291     0.727
197     32      0.726
323     131     0.726
302     137     0.726
320     133     0.726
214     162     0.725
94      37      0.725
303     163     0.725
323     72      0.725
217     105     0.724
297     165     0.724
321     136     0.724
300     163     0.724
303     127     0.724
217     137     0.723
197     9       0.723
361     197     0.723
298     33      0.722
291     38      0.722
321     32      0.721
303     261     0.721
217     170     0.721
303     115     0.720
170     137     0.720
321     131     0.720
322     291     0.720
222     142     0.720
165     156     0.720
291     29      0.719
289     26      0.719
310     214     0.718
320     224     0.718
306     246     0.717
287     162     0.717
318     182     0.717
283     197     0.716
310     216     0.716
322     95      0.716
299     35      0.716
323     118     0.716
71      34      0.715
323     26      0.715
321     107     0.715
301     36      0.714
217     126     0.714
299     214     0.714
303     33      0.714
165     28      0.714
310     163     0.714
258     182     0.713
299     291     0.713
303     71      0.713
301     165     0.713
390     318     0.713
170     131     0.712
306     133     0.712
71      64      0.712
31      16      0.712
222     137     0.712
287     107     0.712
323     157     0.712
299     132     0.712
323     71      0.711
310     134     0.711
26      15      0.711
310     29      0.711
322     165     0.711
306     170     0.711
140     124     0.710
321     222     0.710
142     48      0.710
299     170     0.710
320     37      0.710
247     134     0.710
323     140     0.710
306     248     0.709
320     105     0.709
165     132     0.709
323     290     0.709
165     137     0.709
302     35      0.709
134     124     0.709
168     15      0.708
318     64      0.708
214     131     0.708
268     71      0.708
302     136     0.708
390     214     0.707
368     12      0.707
196     64      0.707
107     38      0.707
197     37      0.706
34      26      0.706
288     34      0.706
322     104     0.705
165     31      0.705
96      37      0.705
323     166     0.705
323     168     0.705
301     37      0.705
302     115     0.705
197     105     0.705
303     182     0.705
287     240     0.704
306     163     0.704
306     37      0.704
291     115     0.704
318     225     0.704
323     242     0.704
362     34      0.704
300     34      0.704
287     216     0.704
306     212     0.704
197     115     0.704
310     302     0.704
26      16      0.704
142     12      0.704
368     318     0.704
217     32      0.704
166     37      0.703
291     222     0.703
310     165     0.703
322     33      0.703
320     223     0.703
299     240     0.702
165     32      0.702
366     291     0.702
217     38      0.702
94      30      0.702
214     196     0.702
302     232     0.702
323     134     0.701
300     32      0.701
165     124     0.701
323     133     0.701
302     38      0.701
214     136     0.701
224     127     0.701
306     288     0.701
299     126     0.701
165     106     0.700
323     182     0.700
200     15      0.700
277     142     0.700
303     246     0.700
287     132     0.699
224     196     0.699
318     55      0.699
292     106     0.699
318     108     0.699
156     72      0.699
164     16      0.699
320     299     0.698
323     212     0.698
320     127     0.698
196     156     0.698
299     215     0.698
299     290     0.698
339     137     0.698
306     162     0.698
242     137     0.697
306     252     0.697
322     303     0.697
71      9       0.697
165     92      0.697
217     107     0.697
288     197     0.697
379     216     0.697
310     287     0.696
299     118     0.696
196     127     0.696
142     115     0.696
220     162     0.696
142     64      0.696
197     107     0.695
368     217     0.695
299     26      0.695
217     94      0.695
196     165     0.695
217     168     0.695
302     166     0.695
134     118     0.695
302     287     0.695
289     95      0.695
307     29      0.695
305     165     0.695
320     165     0.695
217     163     0.695
302     71      0.694
197     156     0.694
322     27      0.694
268     197     0.694
321     224     0.694
318     215     0.694
287     37      0.694
388     216     0.694
287     247     0.693
258     72      0.693
165     70      0.693
156     142     0.693
321     164     0.693
298     165     0.692
320     214     0.692
320     29      0.692
320     310     0.692
323     126     0.692
298     31      0.692
283     127     0.692
197     64      0.692
320     215     0.691
291     166     0.691
302     246     0.691
291     216     0.691
321     27      0.691
162     142     0.690
291     214     0.690
105     38      0.690
71      15      0.690
127     34      0.690
289     104     0.690
322     37      0.690
95      35      0.690
216     14      0.689
320     106     0.689
302     127     0.689
389     29      0.689
217     156     0.689
322     287     0.689
163     29      0.689
323     248     0.689
165     153     0.688
321     290     0.688
214     71      0.688
302     258     0.688
215     165     0.688
170     115     0.687
310     303     0.687
368     29      0.687
306     36      0.687
214     197     0.687
322     14      0.687
162     131     0.687
321     64      0.687
288     217     0.687
220     29      0.687
265     252     0.686
165     9       0.686
227     34      0.686
323     293     0.686
299     105     0.686
318     132     0.686
318     105     0.686
302     134     0.686
299     107     0.686
303     198     0.685
200     127     0.685
137     115     0.685
303     156     0.684
299     67      0.684
235     217     0.684
323     95      0.684
321     217     0.684
287     167     0.684
310     142     0.683
258     124     0.683
134     115     0.683
34      15      0.683
136     72      0.682
320     217     0.682
323     268     0.682
287     16      0.682
320     305     0.682
301     33      0.682
287     222     0.682
224     195     0.682
29      15      0.682
165     35      0.681
318     118     0.681
318     131     0.681
165     97      0.681
302     156     0.681
323     114     0.681
318     195     0.681
302     67      0.681
131     34      0.681
335     303     0.680
299     127     0.680
303     247     0.680
131     37      0.680
287     127     0.680
38      26      0.680
291     137     0.680
287     134     0.680
235     115     0.680
197     15      0.679
299     136     0.679
258     142     0.679
217     114     0.679
339     142     0.679
323     9       0.679
320     290     0.679
191     32      0.679
302     290     0.679
293     165     0.678
170     162     0.678
362     197     0.678
378     216     0.678
197     142     0.678
168     137     0.677
310     137     0.677
293     162     0.677
166     15      0.677
217     36      0.677
287     217     0.677
222     160     0.677
222     29      0.677
323     232     0.676
368     137     0.676
318     240     0.676
268     215     0.675
224     131     0.675
323     28      0.675
126     48      0.675
323     188     0.675
390     127     0.675
301     94      0.674
94      38      0.674
318     136     0.674
246     235     0.674
321     15      0.674
217     123     0.673
140     115     0.673
38      17      0.673
224     214     0.673
320     189     0.673
105     94      0.673
170     132     0.673
306     26      0.673
323     303     0.673
302     261     0.672
306     32      0.672
323     216     0.672
323     30      0.672
287     137     0.672
320     95      0.672
222     214     0.672
291     15      0.672
137     9       0.672
293     105     0.671
321     36      0.671
214     36      0.671
380     216     0.671
93      31      0.671
196     72      0.671
321     115     0.670
291     37      0.670
93      37      0.670
318     299     0.670
235     214     0.670
303     195     0.670
196     136     0.670
306     29      0.669
338     48      0.669
323     96      0.669
222     162     0.669
246     197     0.669
310     16      0.669
217     108     0.668
134     127     0.668
297     290     0.668
197     52      0.668
304     291     0.668
299     31      0.668
303     97      0.668
361     114     0.668
301     35      0.667
142     5       0.667
318     214     0.667
303     277     0.667
298     291     0.666
131     15      0.666
162     105     0.666
368     127     0.666
320     292     0.666
287     71      0.665
299     131     0.665
105     27      0.665
306     28      0.665
383     289     0.665
142     9       0.665
318     283     0.665
220     197     0.665
323     228     0.665
290     30      0.664
299     287     0.664
318     134     0.664
287     38      0.664
321     26      0.664
320     303     0.664
362     127     0.663
299     156     0.663
142     131     0.663
268     34      0.663
126     64      0.663
323     297     0.662
214     137     0.662
342     137     0.662
292     28      0.662
310     198     0.662
246     182     0.662
306     71      0.662
247     142     0.662
197     55      0.662
318     290     0.662
165     134     0.662
303     31      0.662
165     12      0.661
191     124     0.661
300     197     0.661
322     34      0.661
306     64      0.661
306     34      0.661
299     133     0.661
35      15      0.661
95      31      0.661
305     291     0.661
302     95      0.660
306     224     0.660
310     115     0.660
215     71      0.660
366     222     0.660
291     196     0.660
108     15      0.660
218     29      0.660
27      16      0.660
162     12      0.660
217     166     0.660
48      34      0.660
168     115     0.660
136     9       0.659
136     127     0.659
321     29      0.659
299     30      0.659
323     20      0.659
292     163     0.659
217     48      0.659
306     134     0.659
302     164     0.659
323     93      0.659
299     168     0.659
298     104     0.659
242     71      0.658
298     37      0.658
304     35      0.658
156     115     0.658
165     126     0.658
303     278     0.658
321     163     0.658
368     196     0.657
338     303     0.657
25      17      0.657
191     34      0.657
142     127     0.657
342     240     0.657
162     29      0.656
217     162     0.656
305     29      0.656
303     166     0.656
303     136     0.656
131     71      0.656
107     26      0.656
320     91      0.656
265     67      0.655
310     15      0.655
197     27      0.655
300     166     0.654