Prediction Made with CORNET:
a Neural Network based method trained using Correlated Mutations,
Sequence Conservation, Predicted Secondary structure of Proteins and
Evolutionary Information.
Authors Fariselli Piero, Olmea Osvaldo, Valencia Alfonso, Rita Casadio.
This method is an extension of the two following methods

Olmea O. and Valencia A. (1997) Fold. Des. 2: S25-32.

Fariselli P and Casadio R. (1999) Prot. Engng 12:15-21

#================================================================#

PREDICTION

Couple          Reliability
i       j
333     325     0.947
323     229     0.944
362     161     0.939
311     256     0.938
129     6       0.936
298     258     0.936
303     220     0.929
303     228     0.926
256     159     0.926
256     17      0.925
258     161     0.925
331     226     0.923
324     222     0.923
303     258     0.922
333     226     0.922
323     258     0.921
324     256     0.919
368     258     0.919
303     224     0.918
303     52      0.917
312     258     0.916
333     257     0.915
303     53      0.915
333     303     0.915
333     159     0.914
333     161     0.913
324     258     0.913
256     222     0.913
300     226     0.912
258     52      0.912
324     52      0.912
239     161     0.912
229     52      0.910
114     53      0.910
314     229     0.909
258     159     0.908
323     303     0.907
324     90      0.907
311     229     0.907
333     324     0.906
328     161     0.906
324     113     0.906
298     8       0.905
311     18      0.905
333     258     0.905
113     52      0.905
311     258     0.905
328     312     0.904
325     258     0.904
323     159     0.900
113     90      0.899
362     182     0.899
300     161     0.898
303     119     0.898
323     161     0.897
257     159     0.897
362     324     0.897
257     222     0.897
303     222     0.896
256     161     0.895
329     258     0.894
333     65      0.894
333     52      0.894
368     159     0.894
333     51      0.894
324     312     0.893
300     52      0.893
331     161     0.892
331     179     0.892
226     114     0.892
300     257     0.891
220     53      0.891
275     258     0.891
323     222     0.890
258     18      0.890
220     114     0.890
324     303     0.889
303     116     0.889
303     256     0.888
333     242     0.888
303     257     0.888
331     312     0.888
222     52      0.888
303     114     0.887
325     114     0.887
323     90      0.887
303     127     0.887
312     52      0.887
323     312     0.887
222     90      0.886
333     311     0.886
303     18      0.886
303     229     0.886
257     52      0.885
325     229     0.885
303     51      0.885
256     90      0.885
328     18      0.885
362     159     0.884
333     222     0.884
128     110     0.883
323     256     0.883
311     17      0.883
301     226     0.883
256     51      0.882
324     229     0.882
368     53      0.882
333     119     0.881
97      52      0.881
389     6       0.881
368     333     0.881
116     52      0.880
303     25      0.880
312     161     0.879
114     52      0.879
368     114     0.879
258     182     0.879
229     53      0.879
331     314     0.879
301     222     0.879
323     257     0.878
323     114     0.878
333     220     0.877
334     226     0.877
223     114     0.877
314     277     0.877
324     159     0.877
114     25      0.876
324     223     0.876
258     65      0.876
314     18      0.876
333     256     0.876
362     312     0.876
314     161     0.876
160     18      0.876
221     110     0.876
389     325     0.876
228     52      0.875
257     223     0.875
368     324     0.875
182     161     0.875
128     91      0.875
228     220     0.875
52      25      0.874
389     83      0.874
368     119     0.874
366     229     0.874
303     90      0.874
257     229     0.874
298     6       0.873
323     52      0.873
298     159     0.873
368     325     0.873
119     53      0.872
113     6       0.872
362     160     0.872
220     23      0.871
222     114     0.871
362     257     0.871
309     161     0.871
368     303     0.871
323     226     0.871
222     53      0.871
368     228     0.871
300     224     0.871
337     23      0.870
323     277     0.870
229     18      0.870
257     90      0.870
324     97      0.869
328     256     0.869
303     159     0.869
362     258     0.868
312     229     0.868
331     242     0.868
256     160     0.868
368     312     0.868
181     159     0.867
108     22      0.867
333     323     0.867
362     256     0.867
311     159     0.867
362     303     0.866
312     18      0.866
311     182     0.866
303     242     0.866
324     53      0.866
363     325     0.865
389     324     0.865
362     323     0.865
325     222     0.865
303     113     0.865
257     113     0.865
334     325     0.865
328     229     0.865
324     181     0.865
368     51      0.865
303     227     0.865
221     91      0.865
389     312     0.864
52      18      0.864
239     220     0.864
223     116     0.864
324     257     0.864
389     264     0.863
303     97      0.863
256     223     0.863
256     18      0.863
367     312     0.863
311     277     0.862
301     259     0.862
229     220     0.862
368     52      0.861
331     246     0.861
159     52      0.861
323     311     0.861
331     258     0.861
363     159     0.861
333     228     0.861
222     113     0.860
223     52      0.860
311     52      0.860
334     300     0.860
333     160     0.860
229     161     0.860
228     161     0.859
303     129     0.859
314     258     0.859
220     52      0.859
129     53      0.859
90      52      0.859
325     303     0.859
363     161     0.859
323     182     0.859
258     129     0.859
333     53      0.858
389     309     0.858
331     65      0.858
258     114     0.857
331     303     0.857
325     256     0.857
230     54      0.857
363     323     0.857
325     53      0.857
311     303     0.857
367     256     0.856
389     378     0.856
366     225     0.856
325     159     0.856
97      90      0.856
258     222     0.856
301     257     0.856
257     53      0.856
182     159     0.855
333     272     0.855
129     92      0.855
324     17      0.855
223     25      0.855
337     6       0.854
97      53      0.854
325     52      0.854
323     239     0.854
224     25      0.854
337     229     0.854
331     18      0.854
113     23      0.853
362     18      0.853
337     52      0.853
323     129     0.853
323     223     0.853
258     229     0.853
257     220     0.853
324     18      0.852
231     27      0.852
298     182     0.852
362     325     0.852
389     350     0.851
333     312     0.851
117     53      0.851
329     312     0.851
229     162     0.851
160     52      0.851
324     220     0.850
362     333     0.850
300     222     0.850
366     54      0.850
220     51      0.850
389     161     0.849
300     227     0.849
119     52      0.849
256     113     0.849
323     18      0.849
389     18      0.848
300     258     0.848
331     229     0.848
298     83      0.848
257     181     0.848
333     229     0.848
333     182     0.847
323     160     0.847
108     7       0.847
229     159     0.847
159     83      0.847
329     161     0.847
314     182     0.847
329     159     0.847
114     90      0.847
331     159     0.846
323     275     0.846
366     302     0.846
181     161     0.846
309     285     0.846
363     324     0.846
363     229     0.846
337     301     0.845
287     258     0.845
302     23      0.845
363     257     0.845
368     331     0.845
368     256     0.845
331     182     0.844
312     159     0.844
272     182     0.844
389     258     0.844
368     257     0.844
129     8       0.844
311     3       0.844
302     257     0.843
368     229     0.843
256     52      0.843
389     139     0.843
95      53      0.843
362     331     0.843
227     24      0.843
367     229     0.842
220     119     0.842
258     220     0.842
362     275     0.842
258     223     0.842
301     114     0.841
322     229     0.841
17      3       0.841
314     8       0.841
331     260     0.841
51      18      0.841
368     242     0.841
368     161     0.841
277     256     0.840
362     329     0.840
362     222     0.840
129     90      0.840
331     300     0.840
362     311     0.840
303     161     0.840
226     90      0.840
323     51      0.840
90      18      0.840
113     18      0.840
129     23      0.840
284     159     0.839
331     156     0.839
363     53      0.839
363     303     0.839
311     220     0.839
320     312     0.839
229     114     0.839
257     162     0.838
300     256     0.838
303     17      0.838
227     53      0.838
314     256     0.838
257     227     0.838
303     27      0.838
258     239     0.838
325     312     0.838
368     323     0.838
160     65      0.837
114     6       0.837
52      6       0.837
365     303     0.837
224     53      0.837
303     248     0.837
334     302     0.837
366     110     0.837
303     95      0.837
223     109     0.836
331     253     0.836
331     52      0.836
389     257     0.836
222     23      0.836
223     159     0.836
301     258     0.836
336     110     0.835
325     226     0.835
300     229     0.835
337     230     0.835
367     52      0.835
227     126     0.835
314     159     0.834
325     181     0.834
328     239     0.834
301     223     0.834
333     314     0.834
333     116     0.834
365     301     0.834
98      53      0.834
368     314     0.834
331     256     0.833
366     101     0.833
314     3       0.833
250     161     0.833
272     161     0.833
363     129     0.833
256     182     0.833
221     101     0.833
325     223     0.833
97      23      0.833
301     229     0.832
298     229     0.832
314     160     0.832
309     220     0.832
298     264     0.832
300     50      0.832
389     65      0.832
222     6       0.832
257     97      0.832
256     190     0.832
223     90      0.832
367     18      0.832
337     302     0.831
314     65      0.831
257     243     0.831
324     284     0.831
365     52      0.831
119     18      0.831
300     53      0.831
331     311     0.831
368     239     0.831
220     161     0.831
284     275     0.831
331     119     0.830
389     190     0.830
300     114     0.830
337     258     0.830
220     90      0.830
220     159     0.830
325     90      0.830
109     23      0.829
324     114     0.829
221     54      0.829
224     114     0.829
331     160     0.829
256     220     0.829
301     100     0.829
324     166     0.829
287     264     0.829
228     53      0.829
329     182     0.828
301     110     0.828
323     113     0.828
223     24      0.828
108     5       0.828
303     100     0.828
300     220     0.828
331     257     0.828
299     257     0.828
333     298     0.828
239     6       0.828
323     220     0.827
312     17      0.827
368     311     0.827
119     51      0.827
298     161     0.827
222     25      0.827
239     159     0.827
320     18      0.827
314     17      0.827
363     312     0.827
159     129     0.827
367     90      0.827
362     181     0.827
222     117     0.826
122     110     0.826
222     97      0.826
303     24      0.826
239     8       0.826
362     229     0.826
325     239     0.826
159     18      0.826
257     18      0.825
116     97      0.825
275     248     0.825
323     291     0.825
274     156     0.825
333     300     0.825
366     301     0.824
323     300     0.824
331     272     0.824
127     6       0.824
314     179     0.824
226     53      0.824
368     18      0.824
323     17      0.823
271     247     0.823
337     51      0.823
243     161     0.823
366     335     0.823
260     161     0.823
287     83      0.823
159     114     0.823
311     160     0.823
332     257     0.823
324     239     0.823
314     23      0.823
362     65      0.823
310     259     0.822
303     287     0.822
129     109     0.822
323     314     0.822
367     258     0.822
299     227     0.822
365     27      0.822
224     90      0.822
300     23      0.822
127     90      0.822
311     257     0.822
256     239     0.822
222     161     0.822
228     18      0.822
303     250     0.822
331     324     0.821
302     114     0.821
331     275     0.821
129     83      0.821
116     25      0.821
364     54      0.821
257     17      0.820
389     239     0.820
324     224     0.820
298     243     0.820
365     229     0.820
366     108     0.820
334     229     0.820
302     227     0.820
220     6       0.820
311     161     0.820
337     257     0.820
229     65      0.820
367     220     0.820
362     314     0.820
113     51      0.820
325     161     0.820
23      6       0.819
114     97      0.819
333     244     0.819
222     65      0.819
337     300     0.819
258     160     0.819
328     159     0.819
114     51      0.819
312     303     0.819
90      17      0.819
334     222     0.819
324     51      0.819
337     53      0.819
329     239     0.819
302     223     0.819
275     18      0.819
223     113     0.818
128     7       0.818
337     312     0.818
389     74      0.818
312     160     0.817
335     227     0.817
367     303     0.817
298     239     0.817
230     52      0.817
363     239     0.817
329     257     0.817
224     97      0.817
239     160     0.817
324     161     0.817
362     246     0.816
220     18      0.816
161     83      0.816
363     258     0.816
302     226     0.816
389     368     0.816
323     117     0.816
333     158     0.816
366     99      0.816
303     223     0.816
364     301     0.816
300     223     0.816
227     52      0.816
256     226     0.815
303     158     0.815
223     97      0.815
328     258     0.815
117     97      0.815
324     54      0.815
324     311     0.815
298     171     0.815
300     90      0.815
287     159     0.815
302     54      0.814
320     161     0.814
303     50      0.814
324     128     0.814
368     182     0.814
302     52      0.814
302     229     0.814
98      25      0.814
329     162     0.814
330     257     0.814
114     92      0.813
303     3       0.813
287     139     0.813
325     246     0.813
223     181     0.813
112     101     0.813
229     116     0.813
312     257     0.813
258     162     0.813
302     221     0.813
314     114     0.813
229     222     0.812
53      18      0.812
324     182     0.812
228     117     0.812
301     22      0.812
116     90      0.812
362     52      0.812
52      17      0.812
300     119     0.812
323     301     0.811
366     227     0.811
50      18      0.811
389     23      0.811
332     229     0.811
389     329     0.811
223     127     0.811
256     229     0.811
229     119     0.810
311     231     0.810
367     311     0.810
160     113     0.810
250     239     0.810
223     112     0.810
362     83      0.810
257     239     0.810
328     52      0.810
325     179     0.810
367     323     0.810
367     333     0.810
370     161     0.809
284     182     0.809
99      24      0.809
333     246     0.809
119     23      0.809
222     116     0.809
324     227     0.809
113     97      0.808
337     228     0.808
119     25      0.808
337     159     0.808
256     114     0.808
333     25      0.808
367     222     0.808
363     114     0.808
323     272     0.808
181     160     0.808
364     227     0.808
389     8       0.808
329     18      0.808
323     285     0.807
311     284     0.807
324     6       0.807
246     65      0.807
324     117     0.807
323     224     0.807
129     52      0.807
223     51      0.807
256     162     0.807
333     50      0.807
222     160     0.807
365     161     0.807
314     275     0.807
303     65      0.807
227     116     0.807
90      27      0.806
303     226     0.806
219     114     0.806
329     263     0.806
323     23      0.806
226     52      0.806
337     220     0.806
108     24      0.806
95      51      0.806
284     161     0.806
53      23      0.806
303     239     0.806
100     53      0.806
227     97      0.805
241     6       0.805
299     162     0.805
368     220     0.805
221     24      0.805
228     65      0.805
311     51      0.805
363     181     0.805
128     22      0.805
328     162     0.805
324     160     0.805
108     91      0.805
367     113     0.805
323     54      0.805
227     115     0.805
329     179     0.805
226     119     0.804
97      18      0.804
362     300     0.804
301     225     0.804
363     52      0.804
239     90      0.804
325     257     0.804
314     52      0.804
309     52      0.804
270     256     0.804
363     256     0.804
287     171     0.803
97      6       0.803
331     50      0.803
161     8       0.803
325     8       0.803
333     223     0.803
325     242     0.803
333     18      0.802
312     51      0.802
309     182     0.802
314     260     0.802
220     50      0.802
223     161     0.802
334     220     0.802
314     301     0.802
220     25      0.802
159     17      0.802
302     225     0.802
335     54      0.802
309     258     0.802
223     53      0.802
312     220     0.802
123     53      0.802
365     258     0.802
337     114     0.802
161     18      0.802
389     328     0.802
368     23      0.801
226     23      0.801
159     3       0.801
222     83      0.801
303     115     0.801
323     246     0.801
113     83      0.801
333     17      0.801
258     53      0.801
334     223     0.801
334     53      0.801
275     163     0.801
113     8       0.801
368     329     0.800
301     90      0.800
362     272     0.800
324     299     0.800
368     223     0.800
298     256     0.800
220     160     0.800
271     256     0.800
122     22      0.799
159     54      0.799
224     116     0.799
160     70      0.799