Prediction Made with CORNET:
a Neural Network based method trained using Correlated Mutations,
Sequence Conservation, Predicted Secondary structure of Proteins and
Evolutionary Information.
Authors Fariselli Piero, Olmea Osvaldo, Valencia Alfonso, Rita Casadio.
This method is an extension of the two following methods

Olmea O. and Valencia A. (1997) Fold. Des. 2: S25-32.

Fariselli P and Casadio R. (1999) Prot. Engng 12:15-21

#================================================================#

PREDICTION

Couple          Reliability
i       j
331     222     0.932
386     273     0.928
331     232     0.926
262     163     0.923
262     232     0.921
386     199     0.920
232     222     0.919
386     247     0.917
485     332     0.917
245     232     0.915
386     222     0.912
331     245     0.910
331     247     0.908
485     331     0.906
108     36      0.906
331     264     0.906
386     36      0.905
485     264     0.904
232     25      0.901
331     199     0.901
199     25      0.899
386     331     0.898
334     163     0.898
222     36      0.898
222     108     0.898
262     223     0.897
386     232     0.897
262     231     0.897
262     245     0.896
273     99      0.896
386     231     0.893
262     222     0.892
222     25      0.890
331     25      0.889
485     36      0.889
264     232     0.888
485     162     0.888
719     680     0.888
485     25      0.888
386     245     0.886
222     41      0.885
485     108     0.885
386     41      0.885
222     185     0.884
332     222     0.884
485     246     0.883
386     271     0.883
162     25      0.883
486     332     0.883
485     222     0.883
264     36      0.882
332     25      0.882
246     232     0.880
331     200     0.880
323     163     0.880
485     44      0.879
331     246     0.878
273     108     0.878
331     324     0.878
262     151     0.878
262     199     0.878
232     162     0.877
236     222     0.876
222     163     0.876
245     163     0.876
267     247     0.876
264     222     0.876
106     36      0.875
264     43      0.875
262     43      0.874
331     162     0.874
262     200     0.874
485     247     0.873
386     185     0.873
184     163     0.873
485     231     0.872
262     77      0.871
386     264     0.871
386     161     0.871
485     221     0.871
332     247     0.871
331     163     0.871
485     43      0.869
162     36      0.869
334     232     0.869
246     200     0.868
331     297     0.868
163     25      0.868
262     25      0.868
458     222     0.867
386     332     0.866
262     214     0.866
713     222     0.865
331     273     0.865
334     321     0.865
332     36      0.865
335     298     0.864
713     332     0.864
36      25      0.863
162     108     0.863
221     36      0.863
246     163     0.863
323     200     0.863
485     245     0.863
244     232     0.863
244     163     0.862
264     200     0.862
332     232     0.861
485     268     0.861
222     44      0.861
485     232     0.860
485     41      0.860
244     236     0.859
483     332     0.859
332     262     0.859
386     268     0.858
713     25      0.858
713     36      0.858
458     231     0.857
231     222     0.857
273     246     0.857
331     108     0.857
222     43      0.857
332     264     0.857
386     221     0.857
485     185     0.856
331     214     0.856
485     161     0.855
713     232     0.854
244     199     0.854
232     199     0.853
332     273     0.852
326     200     0.852
262     79      0.852
245     25      0.852
330     222     0.852
266     234     0.851
485     273     0.851
245     201     0.851
222     162     0.851
262     244     0.850
713     485     0.850
161     99      0.850
236     163     0.850
267     200     0.849
199     79      0.849
331     185     0.848
273     162     0.848
483     264     0.848
273     25      0.848
329     242     0.848
485     271     0.848
106     43      0.847
336     25      0.847
264     163     0.847
686     273     0.847
163     36      0.846
686     44      0.846
331     77      0.846
326     232     0.846
486     331     0.846
331     36      0.846
386     25      0.846
713     264     0.845
245     222     0.845
107     37      0.845
719     330     0.844
686     36      0.844
262     213     0.844
687     264     0.844
458     163     0.844
232     108     0.843
323     232     0.843
686     222     0.842
262     185     0.842
199     163     0.842
108     43      0.841
227     163     0.841
108     41      0.841
485     9       0.841
262     108     0.840
246     25      0.840
485     106     0.839
332     163     0.839
200     161     0.838
483     222     0.838
323     214     0.838
245     162     0.838
386     246     0.838
458     232     0.837
386     262     0.837
200     162     0.837
162     57      0.837
334     326     0.836
244     200     0.836
262     215     0.836
458     25      0.836
330     232     0.836
90      25      0.835
485     326     0.835
302     246     0.835
326     163     0.834
458     162     0.834
264     178     0.834
713     331     0.834
331     44      0.833
538     232     0.833
222     187     0.833
222     201     0.832
330     298     0.832
270     222     0.832
262     251     0.832
458     200     0.832
331     90      0.831
222     199     0.831
331     244     0.831
108     99      0.831
44      36      0.830
486     222     0.830
161     25      0.830
232     36      0.829
244     231     0.829
485     199     0.829
262     75      0.829
246     162     0.829
267     163     0.829
330     270     0.829
264     215     0.829
108     44      0.828
236     199     0.828
262     36      0.828
386     210     0.828
537     232     0.828
713     245     0.828
713     163     0.827
231     36      0.827
334     262     0.827
458     245     0.827
386     108     0.827
686     332     0.827
331     215     0.827
222     200     0.827
713     324     0.826
692     247     0.826
334     222     0.826
484     332     0.826
106     41      0.824
323     245     0.823
323     199     0.823
232     163     0.823
321     199     0.823
199     108     0.823
221     108     0.822
266     187     0.822
334     25      0.822
686     264     0.822
222     77      0.822
222     151     0.822
388     332     0.821
538     332     0.821
386     214     0.821
246     222     0.821
538     485     0.821
185     25      0.821
319     200     0.820
262     41      0.820
331     262     0.820
333     298     0.819
331     43      0.819
722     264     0.819
267     199     0.819
331     161     0.819
246     197     0.819
483     247     0.819
331     323     0.819
332     44      0.818
267     232     0.818
386     90      0.818
221     37      0.818
678     36      0.818
302     245     0.818
686     331     0.818
713     688     0.818
185     41      0.817
330     234     0.816
270     232     0.816
458     332     0.816
334     245     0.816
332     185     0.816
486     262     0.816
483     232     0.816
331     271     0.816
326     264     0.815
264     9       0.815
485     104     0.815
245     57      0.815
264     99      0.815
262     221     0.814
686     108     0.814
386     24      0.814
336     215     0.814
43      36      0.814
185     162     0.814
688     331     0.814
334     244     0.814
326     215     0.814
162     99      0.814
262     90      0.813
41      25      0.813
326     25      0.813
713     231     0.813
537     485     0.813
336     246     0.813
713     262     0.813
346     247     0.813
302     215     0.812
334     324     0.812
273     161     0.812
332     323     0.812
336     99      0.812
331     201     0.811
333     164     0.811
678     108     0.811
244     162     0.811
332     108     0.811
273     52      0.811
484     108     0.811
686     262     0.810
323     236     0.810
715     331     0.810
247     99      0.810
483     331     0.810
246     57      0.810
677     43      0.810
161     108     0.809
108     38      0.809
262     236     0.809
458     244     0.809
346     199     0.809
267     25      0.809
332     201     0.809
199     162     0.808
485     262     0.808
326     244     0.808
298     214     0.808
245     200     0.808
184     43      0.808
678     221     0.808
386     300     0.807
108     24      0.807
225     197     0.807
264     227     0.807
264     108     0.807
222     46      0.807
715     222     0.807
262     246     0.806
680     330     0.806
332     41      0.806
236     25      0.806
680     222     0.806
331     106     0.806
221     200     0.806
199     99      0.806
221     43      0.806
719     43      0.806
264     25      0.806
264     185     0.806
108     25      0.806
686     271     0.806
458     262     0.805
713     326     0.805
222     214     0.805
687     36      0.805
485     267     0.805
537     264     0.805
678     331     0.805
298     245     0.805
221     9       0.805
486     221     0.805
241     222     0.805
277     247     0.805
485     200     0.804
326     262     0.804
458     324     0.804
331     151     0.804
332     245     0.804
323     244     0.804
244     222     0.804
334     302     0.803
298     246     0.803
321     200     0.803
485     215     0.803
232     200     0.803
264     44      0.803
241     25      0.803
713     273     0.802
336     245     0.802
677     36      0.802
262     162     0.802
232     214     0.802
199     36      0.801
267     187     0.801
336     162     0.801
232     77      0.801
336     300     0.801
538     331     0.800
266     225     0.800
386     324     0.800
108     40      0.800
386     162     0.800
161     52      0.800
538     9       0.800
486     264     0.800
485     386     0.800
720     264     0.800
267     222     0.800
334     79      0.800
675     325     0.800
267     245     0.800
720     485     0.799
687     538     0.799
326     222     0.799
388     222     0.798
386     334     0.798
43      25      0.798
231     163     0.798
485     244     0.798
331     250     0.798
387     186     0.798
45      37      0.798
222     90      0.798
262     184     0.797
685     105     0.797
334     236     0.797
222     184     0.797
262     27      0.797
390     232     0.796
293     247     0.796
232     221     0.796
486     36      0.796
332     162     0.796
715     221     0.796
331     221     0.796
713     108     0.795
273     106     0.795
185     108     0.795
458     247     0.795
201     163     0.795
245     36      0.795
350     273     0.795
713     334     0.795
483     36      0.794
388     185     0.794
485     333     0.794
323     297     0.794
484     36      0.794
687     222     0.794
273     244     0.794
686     41      0.794
334     151     0.794
686     485     0.794
331     251     0.794
484     222     0.794
262     52      0.793
231     199     0.793
675     44      0.793
388     264     0.793
386     40      0.793
245     199     0.793
236     185     0.793
680     38      0.793
334     223     0.793
675     221     0.793
273     222     0.793
330     224     0.793
680     185     0.793
267     185     0.792
336     267     0.792
262     209     0.792
323     251     0.792
319     199     0.792
334     267     0.792
331     267     0.792
326     199     0.792
178     163     0.791
485     42      0.791
330     36      0.791
386     319     0.791
241     79      0.791
333     37      0.791
386     77      0.791
458     334     0.791
486     185     0.791
330     162     0.791
385     272     0.791
231     214     0.791
686     185     0.790
231     108     0.790
686     232     0.790
277     199     0.790
232     161     0.790
713     185     0.790
265     233     0.789
184     36      0.789
713     200     0.789
713     221     0.789
331     241     0.789
104     43      0.789
331     41      0.789
162     77      0.789
330     265     0.788
273     77      0.788
294     264     0.788
386     204     0.788
386     215     0.788
244     25      0.788
270     44      0.788
336     232     0.788
334     77      0.787
231     162     0.787
692     232     0.787
236     200     0.787
680     36      0.787
333     232     0.787
458     185     0.787
719     270     0.787
386     326     0.787
326     245     0.787
36      9       0.786
231     25      0.786
312     236     0.786
199     52      0.786
385     269     0.786
264     245     0.786
163     99      0.785
247     222     0.785
244     214     0.785
485     184     0.785
332     90      0.785
245     108     0.785
305     163     0.784
664     222     0.784
199     77      0.784
262     74      0.784
222     161     0.784
302     267     0.784
265     232     0.784
264     162     0.784
664     36      0.783
264     236     0.783
334     264     0.783
719     222     0.783
664     247     0.783
332     321     0.783
678     106     0.783
328     297     0.783
675     233     0.783
227     215     0.783
247     163     0.783
692     241     0.783
332     43      0.783
391     232     0.783
232     151     0.782
713     687     0.782
264     201     0.782
458     221     0.782
308     246     0.782
186     36      0.782
334     200     0.782
264     246     0.782
692     163     0.782
247     108     0.782
332     246     0.782
458     246     0.782
326     201     0.782
485     324     0.782
244     215     0.781
236     215     0.781
713     41      0.781
321     163     0.781
331     320     0.781
393     246     0.781
222     40      0.781
336     227     0.781
715     332     0.781
686     38      0.781
386     184     0.781
187     43      0.780
483     44      0.780
458     197     0.780
686     247     0.780
386     134     0.780
713     665     0.780
322     298     0.780
715     262     0.780
221     104     0.780
561     232     0.780
333     325     0.779
692     273     0.779
270     32      0.779
226     37      0.779
270     233     0.779
334     231     0.779
713     686     0.779
680     333     0.779
713     43      0.779
688     332     0.779
715     104     0.779
486     232     0.778
267     244     0.778
323     77      0.778
677     485     0.778
332     37      0.778
390     234     0.778
331     300     0.778
722     232     0.778
302     162     0.778
719     232     0.778
325     179     0.778
713     223     0.778
106     44      0.778
323     222     0.778
245     161     0.778
458     321     0.778
485     388     0.777
326     77      0.777
720     36      0.777
458     223     0.777
386     38      0.777
722     331     0.777
713     247     0.777
483     185     0.777
719     44      0.777
331     57      0.777
331     265     0.777
236     214     0.777
386     43      0.777
386     197     0.776
458     36      0.776
320     245     0.776
244     151     0.776
330     262     0.776
483     273     0.776
321     215     0.776
582     247     0.776
273     245     0.775
330     241     0.775
162     134     0.775
245     236     0.775
386     44      0.774
246     191     0.774
675     231     0.774
485     90      0.774
582     199     0.774
386     288     0.774
686     231     0.774
333     222     0.774
308     161     0.774
221     106     0.774
265     201     0.774
485     163     0.774
246     99      0.774
562     163     0.774
713     199     0.774
680     332     0.774
245     187     0.774
263     107     0.774
486     162     0.773
386     104     0.773
713     44      0.773
222     186     0.773
321     245     0.773
308     267     0.773
687     332     0.773
719     187     0.772
236     46      0.772
330     264     0.772
247     25      0.772
184     25      0.772
537     36      0.772
241     162     0.772
197     81      0.772
388     221     0.772
334     162     0.772
302     25      0.772
330     238     0.772
486     104     0.771
302     199     0.771
264     244     0.771
221     44      0.771
41      9       0.771
302     178     0.771
262     24      0.771
312     163     0.771
544     247     0.771
185     36      0.771
719     263     0.770
246     108     0.770
485     40      0.770
241     19      0.770
199     57      0.770
223     36      0.770
538     264     0.770
331     231     0.770
677     42      0.770
683     297     0.770
333     224     0.770
219     163     0.770
231     200     0.769
713     677     0.769
270     162     0.769
310     197     0.769
231     43      0.769
264     223     0.769
387     332     0.769
221     25      0.769
540     222     0.769
185     43      0.769
264     247     0.769
162     151     0.769
458     323     0.769
719     186     0.768
78      53      0.768
187     36      0.768
332     223     0.768
199     158     0.768
294     79      0.768
326     178     0.768
264     37      0.768
262     120     0.768
324     25      0.768
326     214     0.768
319     251     0.768
321     232     0.768
270     36      0.767
273     90      0.767
692     178     0.767
485     178     0.767
262     201     0.767
244     178     0.767
719     39      0.767
687     485     0.767
665     222     0.767
334     36      0.767
247     199     0.767
688     232     0.767
675     333     0.767
713     486     0.766
686     269     0.766
324     163     0.766
265     242     0.766
319     214     0.766
685     109     0.766
308     241     0.766
664     273     0.766
330     183     0.766
386     236     0.766
538     265     0.766
458     268     0.766
686     43      0.766
199     134     0.766
332     265     0.765
331     223     0.765
485     24      0.765
162     90      0.765
332     324     0.765
264     221     0.765
390     330     0.765
483     262     0.765
241     99      0.765
458     199     0.765
484     185     0.765
241     232     0.765
262     186     0.765
236     36      0.765
333     221     0.764
267     236     0.764
686     104     0.764
725     232     0.764
393     162     0.764
678     44      0.764
386     270     0.764
222     215     0.764
246     36      0.764
350     247     0.764
722     151     0.764
261     164     0.764
270     186     0.764
332     244     0.764
247     236     0.764
329     234     0.763
675     222     0.763
687     273     0.763
484     331     0.763
236     99      0.763
485     39      0.763
215     163     0.763
538     37      0.762
185     44      0.762
270     108     0.762
665     332     0.762
197     79      0.762
330     28      0.762
312     267     0.762
273     251     0.762
486     44      0.762
664     264     0.762
246     236     0.761
675     36      0.761
386     267     0.761
325     232     0.761
386     233     0.761
224     195     0.761
675     270     0.761
326     151     0.761
689     270     0.761
334     284     0.761
222     104     0.761
326     297     0.761
222     134     0.761
675     387     0.761
330     90      0.761
386     96      0.761
486     9       0.761
336     308     0.760
713     244     0.760
686     386     0.760
676     186     0.760
221     185     0.760
386     187     0.760
393     43      0.760
676     185     0.760
386     163     0.760
486     388     0.760
264     77      0.760
675     265     0.760
393     197     0.760
269     232     0.760
262     158     0.759
227     162     0.759
331     178     0.759
485     223     0.759
263     44      0.759
686     221     0.759
409     199     0.759
334     297     0.759
330     245     0.759
264     79      0.759
232     187     0.759
331     56      0.759
715     162     0.759
386     99      0.759
538     233     0.759
247     214     0.759
331     187     0.759
333     36      0.758
302     77      0.758
332     267     0.758
485     323     0.758
273     262     0.758
713     321     0.758
538     188     0.758
262     178     0.758
266     222     0.758
106     40      0.758
720     332     0.758
264     41      0.757
333     270     0.757
689     220     0.757
720     43      0.757
267     231     0.757
324     247     0.757
323     302     0.756
725     241     0.756
262     197     0.756
199     151     0.756
715     486     0.756
99      79      0.756
686     37      0.756
319     232     0.756
42      9       0.755
326     162     0.755
336     214     0.755
386     375     0.755
678     43      0.755
262     187     0.755
332     161     0.755
222     31      0.755
222     37      0.755
108     42      0.755
688     222     0.755
346     273     0.755
270     164     0.755
538     36      0.755
713     483     0.755
225     196     0.755
562     232     0.755
222     106     0.755
331     321     0.755
312     199     0.755
686     40      0.755
325     199     0.755
298     200     0.754
720     222     0.754
262     194     0.754
321     214     0.754
485     297     0.754
326     246     0.754
458     203     0.754
720     221     0.754
486     268     0.754
677     185     0.754
323     267     0.754
486     330     0.754
330     243     0.754
458     376     0.754
393     200     0.754
485     321     0.754
483     221     0.753
262     104     0.753
386     269     0.753
675     220     0.753
262     31      0.753
236     77      0.753
222     99      0.753
185     31      0.753
686     25      0.753
264     199     0.753
308     247     0.753
537     262     0.753
326     247     0.753
677     331     0.752
544     336     0.752
267     162     0.752
678     41      0.752
363     199     0.752
684     385     0.752
161     106     0.752
715     184     0.752
246     161     0.751
677     107     0.751
270     185     0.751
664     232     0.751
675     22      0.751
538     222     0.751
162     44      0.751
485     387     0.751
318     232     0.751
485     35      0.751
262     40      0.751
458     161     0.751
722     538     0.751
677     41      0.751
330     233     0.751
262     161     0.751
544     163     0.750
246     215     0.750
675     32      0.750
713     267     0.750
485     239     0.750
330     108     0.750
458     184     0.750
246     77      0.750
223     162     0.750
163     108     0.750
262     247     0.750
336     163     0.750
232     215     0.750
334     214     0.750
332     104     0.750
485     265     0.749
232     185     0.749
336     262     0.749
720     330     0.749
222     57      0.749
692     324     0.749
537     332     0.749
486     163     0.749
487     263     0.749
215     200     0.749
236     178     0.749
294     199     0.749
722     25      0.748
538     44      0.748
686     106     0.748
686     678     0.748
323     151     0.748
723     325     0.748
483     245     0.748
178     77      0.748
483     9       0.748
37      9       0.748
386     223     0.748
484     262     0.748
239     232     0.748
244     187     0.748
677     106     0.747
298     199     0.747
664     271     0.747
486     223     0.747
538     330     0.747
329     297     0.747
297     222     0.747
199     187     0.747
104     40      0.747
332     99      0.747
386     37      0.747
185     163     0.747
264     224     0.747
685     108     0.746
332     268     0.746
99      25      0.746
273     232     0.746
713     104     0.746
331     236     0.746
715     264     0.746
264     104     0.746
267     223     0.746
713     214     0.746
184     162     0.746
44      37      0.745
246     214     0.745
330     22      0.745
680     162     0.745
264     230     0.745
688     264     0.745
267     214     0.745
329     232     0.745
719     221     0.745
222     52      0.744
161     90      0.744
191     25      0.744
184     104     0.744
106     38      0.744
321     246     0.744
262     241     0.744
331     184     0.744
692     25      0.744
321     25      0.744
323     247     0.744
540     262     0.744
484     162     0.744
224     164     0.744
321     99      0.744
680     388     0.744
713     90      0.744
692     215     0.744
720     486     0.744
386     321     0.744
538     270     0.744
236     223     0.744
221     163     0.743
386     31      0.743
332     187     0.743
263     162     0.743
323     246     0.743
108     96      0.743
227     25      0.743
331     302     0.743
106     39      0.743
686     161     0.743
680     40      0.743
320     236     0.743
236     162     0.743
221     162     0.743
221     197     0.742
106     42      0.742
336     241     0.742
386     151     0.742
720     268     0.742
713     386     0.742
262     64      0.742
187     163     0.742
680     233     0.742
687     224     0.742
483     162     0.742
720     232     0.742
163     90      0.742
294     247     0.742
675     331     0.742
680     262     0.742
245     178     0.742
678     485     0.742
298     179     0.741
664     331     0.741
686     109     0.741
713     162     0.741
264     106     0.741
676     222     0.741
686     486     0.741
692     236     0.741
686     245     0.741
330     246     0.741
676     43      0.741
686     677     0.741
161     44      0.741
722     201     0.741
677     221     0.741
680     386     0.741
324     232     0.741
264     186     0.741
270     46      0.741
664     262     0.740
297     199     0.740
332     269     0.740
485     263     0.740
323     201     0.740
268     232     0.740
262     250     0.740
686     42      0.740
386     323     0.740
329     269     0.740
713     300     0.740
680     104     0.740
537     326     0.740
485     201     0.740
108     77      0.740
310     233     0.740
245     151     0.740
39      9       0.740
686     484     0.740
713     484     0.740
326     227     0.740
323     25      0.740
336     79      0.740
562     25      0.740
715     232     0.740
680     486     0.739
675     273     0.739
537     331     0.739
538     163     0.739
386     46      0.739
45      36      0.739
715     485     0.739
680     484     0.739
267     178     0.739
391     234     0.739
386     213     0.739
321     236     0.739
302     52      0.739
264     251     0.739
184     41      0.739
247     77      0.739
105     43      0.739
725     222     0.739
330     199     0.739
692     302     0.739
538     25      0.738
162     53      0.738
675     298     0.738
677     105     0.738
262     44      0.738
332     233     0.738
386     244     0.738
722     244     0.738
162     83      0.738
324     246     0.738
104     90      0.738
483     163     0.738
232     99      0.738
162     75      0.738
331     134     0.737
713     215     0.737
675     611     0.737
312     245     0.737
236     79      0.737
236     201     0.737
387     331     0.737
263     36      0.737
108     39      0.737
197     104     0.737
332     241     0.737
104     41      0.737
402     200     0.737
250     215     0.737
267     246     0.737
386     79      0.737
330     185     0.737
236     90      0.736
263     222     0.736
563     242     0.736
686     263     0.736
330     273     0.736
231     161     0.736
692     222     0.736
721     332     0.736
246     199     0.736
312     200     0.736
262     203     0.736
540     331     0.736
324     162     0.736
715     185     0.736
725     246     0.736
265     9       0.736
231     151     0.736
719     387     0.736
686     186     0.736
332     300     0.735
333     200     0.735
331     37      0.735
719     234     0.735
308     232     0.735
273     134     0.735
334     27      0.735
538     201     0.735
325     200     0.735
483     271     0.735
250     162     0.735
185     35      0.735
270     221     0.735
266     232     0.735
486     106     0.735
325     245     0.734
320     199     0.734
333     106     0.734
333     162     0.734
236     151     0.734
268     163     0.734
336     247     0.734
333     263     0.734
333     245     0.734
245     90      0.734
685     263     0.734
332     271     0.734
329     303     0.734
332     255     0.734
332     221     0.734
330     215     0.734
677     44      0.734
267     43      0.733
388     31      0.733
162     37      0.733
483     90      0.733
330     231     0.733
263     108     0.733
538     197     0.733
458     251     0.733
331     197     0.733
713     37      0.733
676     485     0.733
105     9       0.733
331     52      0.733
236     66      0.733
713     184     0.733
664     44      0.733
458     236     0.733
485     319     0.733
268     222     0.732
333     108     0.732
264     187     0.732
332     215     0.732
244     191     0.732
677     9       0.732
77      52      0.732
486     41      0.732
458     326     0.732
178     151     0.732
678     222     0.732
298     240     0.732
675     538     0.732
483     199     0.732
719     38      0.732
231     99      0.731
332     9       0.731
334     300     0.731
262     254     0.731
273     247     0.731
326     224     0.731
485     99      0.731
336     326     0.731
486     37      0.731
334     246     0.731
722     99      0.731
326     267     0.731
611     458     0.731
187     151     0.731
300     246     0.730
222     109     0.730
90      79      0.730
246     134     0.730
336     77      0.730
106     25      0.730
222     178     0.730
333     264     0.730
332     106     0.729
262     156     0.729
692     321     0.729
264     161     0.729
325     222     0.729
250     222     0.729
45      38      0.729
664     185     0.729
722     326     0.729
713     161     0.729
236     57      0.729
719     332     0.729
677     108     0.729
680     487     0.729
214     163     0.729
402     251     0.729
393     163     0.729
386     201     0.729
486     271     0.729
222     39      0.729
185     161     0.729
229     37      0.729
245     191     0.728
714     36      0.728
250     199     0.728
538     262     0.728
692     336     0.728
245     215     0.728
324     199     0.728
677     263     0.728
386     9       0.728
200     25      0.728
334     308     0.728
688     675     0.728
687     262     0.728
270     179     0.728
108     37      0.728
692     332     0.728
689     538     0.728
484     330     0.728
485     393     0.728
308     215     0.727
387     105     0.727
713     271     0.727
714     483     0.727
161     77      0.727
263     9       0.727
336     36      0.727
343     232     0.727
185     104     0.727
334     52      0.727
214     200     0.727
330     178     0.727
485     105     0.727
244     197     0.727
197     90      0.727
387     223     0.727
484     386     0.727
720     678     0.727
483     104     0.727
388     331     0.727
720     484     0.727
680     108     0.727
324     200     0.727
714     677     0.727
336     323     0.727
679     331     0.726
484     44      0.726
539     331     0.726
331     268     0.726
326     312     0.726
343     215     0.726
720     713     0.726
687     38      0.726
270     45      0.726
302     79      0.726
680     270     0.726
719     162     0.726
713     330     0.726
333     44      0.726
232     44      0.726
331     75      0.726
245     231     0.726
393     201     0.726
688     163     0.726
723     197     0.726
297     246     0.725
485     330     0.725
714     185     0.725
297     236     0.725
246     151     0.725
246     216     0.725
678     232     0.725
330     266     0.725
331     9       0.724
232     178     0.724
680     232     0.724
458     241     0.724
715     268     0.724
223     185     0.724
713     269     0.724
680     107     0.723
331     233     0.723
675     485     0.723
714     45      0.723
324     201     0.723
335     261     0.723
325     164     0.723
458     284     0.723
722     386     0.723
298     235     0.723
486     43      0.722
186     37      0.722
319     245     0.722
231     201     0.722
485     107     0.722
246     201     0.722
485     191     0.722
267     24      0.722
725     163     0.722
687     331     0.722
227     185     0.722
332     227     0.722
544     25      0.722
664     221     0.721
264     191     0.721
486     265     0.721
486     273     0.721
330     268     0.721
719     676     0.721
336     244     0.721
323     162     0.721
326     300     0.721
485     334     0.721
247     162     0.721
388     162     0.721
565     336     0.721
393     247     0.721
333     231     0.721
293     273     0.720
692     246     0.720
244     56      0.720
725     247     0.720
486     25      0.720
241     178     0.720
714     263     0.720
686     162     0.720
715     36      0.720
484     232     0.720
483     106     0.720
262     57      0.720
458     312     0.720
320     222     0.720
485     343     0.720
335     266     0.720
688     538     0.720
326     195     0.719
688     297     0.719
487     269     0.719
665     262     0.719
485     79      0.719
336     222     0.719
678     483     0.719
537     163     0.719
331     288     0.719
336     321     0.719
561     162     0.719
266     241     0.719
323     57      0.719
308     273     0.719
244     90      0.719
537     43      0.719
665     232     0.719
246     221     0.719
678     332     0.719
544     324     0.719
332     236     0.719
458     273     0.719
391     241     0.719
485     250     0.718
161     57      0.718
485     38      0.718
236     31      0.718
687     43      0.718
688     386     0.718
332     200     0.718
386     297     0.718
267     90      0.718
214     162     0.718
326     36      0.718
666     264     0.718
421     222     0.718
678     185     0.718
200     156     0.718