Prediction Made with CORNET:
a Neural Network based method trained using Correlated Mutations,
Sequence Conservation, Predicted Secondary structure of Proteins and
Evolutionary Information.
Authors Fariselli Piero, Olmea Osvaldo, Valencia Alfonso, Rita Casadio.
This method is an extension of the two following methods

Olmea O. and Valencia A. (1997) Fold. Des. 2: S25-32.

Fariselli P and Casadio R. (1999) Prot. Engng 12:15-21

#================================================================#

PREDICTION

Couple          Reliability
i       j
315     273     0.835
316     211     0.823
313     209     0.810
316     209     0.803
316     273     0.796
99      88      0.788
315     35      0.786
339     266     0.786
313     211     0.785
417     99      0.783
417     316     0.778
336     269     0.777
313     205     0.777
316     205     0.774
315     205     0.773
315     99      0.771
97      88      0.768
312     211     0.764
315     37      0.763
315     210     0.761
312     210     0.760
420     114     0.757
336     275     0.753
415     99      0.752
313     37      0.752
315     88      0.752
419     99      0.751
312     209     0.748
419     316     0.747
418     103     0.747
315     39      0.747
314     209     0.745
102     37      0.745
114     88      0.744
324     273     0.741
315     209     0.740
273     266     0.738
312     205     0.737
205     97      0.735
315     211     0.734
416     98      0.734
339     269     0.732
418     115     0.732
315     102     0.731
337     261     0.728
104     35      0.728
341     273     0.727
99      37      0.727
97      39      0.727
314     35      0.724
316     39      0.723
103     32      0.722
313     99      0.722
99      35      0.722
312     39      0.721
316     88      0.721
210     37      0.718
314     39      0.717
315     103     0.715
314     37      0.713
314     205     0.713
114     39      0.712
98      36      0.712
315     261     0.711
205     37      0.711
209     37      0.708
98      38      0.708
209     99      0.707
313     88      0.706
312     99      0.706
417     35      0.703
205     35      0.701
339     312     0.701
315     38      0.701
337     269     0.701
313     207     0.699
210     103     0.699
419     313     0.699
313     35      0.699
341     312     0.698
103     36      0.697
116     39      0.697
417     37      0.697
104     33      0.697
419     37      0.697
339     286     0.696
116     37      0.696
313     210     0.696
99      39      0.696
210     35      0.695
104     88      0.694
419     315     0.694
205     104     0.693
314     99      0.692
115     39      0.692
419     88      0.692
339     284     0.691
420     88      0.691
347     269     0.691
313     33      0.690
419     114     0.690
316     271     0.689
335     266     0.689
314     273     0.688
420     312     0.688
419     312     0.688
315     207     0.688
104     37      0.687
205     39      0.687
339     277     0.687
103     35      0.687
417     315     0.686
312     270     0.686
205     88      0.686
312     208     0.685
312     272     0.685
316     37      0.685
315     97      0.685
115     37      0.684
104     31      0.684
205     99      0.684
102     35      0.683
415     39      0.683
313     275     0.682
97      35      0.682
417     116     0.682
315     208     0.681
313     273     0.681
419     209     0.680
315     34      0.680
101     35      0.680
114     28      0.679
316     114     0.679
314     38      0.679
100     36      0.678
206     103     0.678
102     39      0.678
211     88      0.678
418     315     0.677
312     273     0.676
336     286     0.675
419     34      0.675
314     206     0.675
341     316     0.675
418     316     0.675
88      39      0.675
419     115     0.675
313     270     0.674
419     314     0.674
116     102     0.673
316     206     0.673
314     211     0.672
310     270     0.672
209     35      0.671
416     115     0.671
314     36      0.671
115     38      0.670
273     211     0.670
315     115     0.669
316     28      0.669
313     206     0.669
417     97      0.668
114     99      0.668
316     261     0.667
261     182     0.667
211     39      0.666
88      28      0.666
341     205     0.666
273     261     0.666
205     102     0.666
209     102     0.665
316     35      0.665
315     114     0.665
104     34      0.664
418     35      0.664
314     104     0.663
315     98      0.663
341     211     0.663
418     36      0.662
115     103     0.662
420     39      0.661
211     114     0.661
418     38      0.661
312     37      0.661
100     38      0.660
315     206     0.660
209     101     0.660
97      37      0.660
316     99      0.660
116     88      0.660
416     38      0.659
420     316     0.659
419     35      0.659
339     273     0.658
104     36      0.658
115     88      0.658
419     33      0.658
207     101     0.657
347     261     0.657
210     115     0.656
341     269     0.656
417     103     0.655
418     98      0.654
315     28      0.654
313     208     0.654
419     117     0.653
420     28      0.653
115     99      0.653
420     99      0.653
37      28      0.653
312     88      0.652
420     117     0.652
337     275     0.652
336     272     0.652
419     101     0.652
417     34      0.651
98      35      0.651
284     182     0.651
421     97      0.650
210     99      0.650
114     97      0.650
341     270     0.650
417     39      0.650
418     312     0.650
341     272     0.649
342     210     0.649
115     35      0.649
416     35      0.649
314     34      0.648
116     35      0.648
210     39      0.648
336     284     0.648
339     182     0.647
313     116     0.647
209     38      0.647
208     37      0.646
313     38      0.645
339     331     0.645
102     36      0.645
362     337     0.645
209     39      0.643
324     211     0.643
116     38      0.643
312     274     0.643
418     33      0.643
101     33      0.643
415     312     0.642
316     38      0.642
315     270     0.641
347     324     0.641
314     98      0.641
339     272     0.640
416     312     0.640
316     102     0.640
312     28      0.640
416     36      0.640
418     116     0.640
284     261     0.640
315     104     0.639
209     114     0.639
315     36      0.639
315     116     0.639
415     313     0.638
384     284     0.638
39      28      0.638
98      33      0.638
316     104     0.637
316     210     0.637
419     102     0.637
316     270     0.637
324     310     0.637
273     205     0.636
420     101     0.634
420     313     0.634
210     98      0.634
103     33      0.634
315     286     0.633
316     117     0.633
273     182     0.633
210     34      0.633
356     312     0.633
35      28      0.633
417     38      0.633
114     37      0.633
101     37      0.632
211     28      0.632
362     269     0.632
100     35      0.632
313     34      0.632
316     207     0.632
115     102     0.631
420     315     0.631
416     314     0.631
416     313     0.631
208     100     0.631
315     101     0.631
419     87      0.630
420     37      0.630
209     36      0.630
419     211     0.629
314     210     0.629
210     38      0.629
418     209     0.629
210     97      0.629
314     207     0.628
417     314     0.628
101     88      0.628
417     205     0.627
99      34      0.627
418     100     0.627
313     97      0.627
310     261     0.627
211     97      0.627
416     104     0.627
210     88      0.626
208     39      0.626
417     117     0.626
420     97      0.626
343     273     0.626
209     88      0.626
209     116     0.625
104     39      0.625
312     269     0.624
114     35      0.624
415     316     0.624
419     36      0.624
312     102     0.624
339     332     0.624
286     266     0.623
418     313     0.623
208     115     0.623
269     182     0.622
351     312     0.622
362     286     0.622
310     269     0.622
419     205     0.621
336     324     0.621
336     261     0.621
347     270     0.621
341     261     0.621
208     32      0.620
273     233     0.620
314     102     0.619
102     28      0.618
350     312     0.618
315     100     0.618
206     39      0.618
269     73      0.618
206     36      0.618
419     39      0.618
312     275     0.617
206     37      0.617
314     97      0.617
415     315     0.617
333     284     0.617
98      89      0.617
39      31      0.617
116     98      0.616
342     211     0.616
339     257     0.616
417     312     0.616
310     273     0.616
311     211     0.615
314     115     0.615
269     261     0.615
324     261     0.615
205     116     0.615
314     28      0.615
314     101     0.614
286     261     0.614
521     261     0.613
205     114     0.613
417     88      0.613
347     275     0.613
114     38      0.613
316     36      0.613
277     266     0.613
339     275     0.613
314     114     0.613
313     261     0.613
419     38      0.613
418     210     0.612
205     38      0.612
315     31      0.612
521     336     0.612
315     87      0.612
116     34      0.611
286     219     0.611
341     275     0.611
356     269     0.611
312     116     0.611
324     270     0.610
102     33      0.610
211     37      0.610
341     284     0.610
313     100     0.610
316     33      0.610
313     102     0.609
313     28      0.609
416     272     0.609
417     313     0.609
312     38      0.609
416     34      0.609
102     34      0.609
103     38      0.608
205     28      0.608
97      28      0.608
419     210     0.608
115     36      0.607
312     35      0.607
105     88      0.607
384     275     0.607
421     88      0.607
315     33      0.607
419     98      0.606
347     312     0.606
313     269     0.606
205     147     0.606
204     96      0.606
342     312     0.605
209     34      0.605
314     88      0.605
270     182     0.605
270     211     0.604
332     324     0.604
334     272     0.604
343     205     0.604
261     73      0.604
420     32      0.604
347     339     0.604
324     316     0.604
341     37      0.603
356     211     0.603
418     102     0.602
119     96      0.602
102     38      0.601
97      31      0.601
211     99      0.601
116     99      0.601
316     115     0.601
99      28      0.601
115     97      0.600
336     211     0.600
416     316     0.600
96      32      0.600
350     316     0.600
414     88      0.600
116     36      0.600
414     312     0.600
104     38      0.599
209     33      0.599
339     261     0.599
313     103     0.599
118     88      0.599
205     34      0.598
420     34      0.598
418     39      0.598
384     337     0.598
332     284     0.598
205     87      0.598
209     98      0.598
316     269     0.598
315     272     0.598
314     208     0.597
356     337     0.597
419     97      0.597
101     36      0.597
521     362     0.597
419     31      0.597
312     204     0.597
116     97      0.596
416     205     0.596
100     37      0.596
316     208     0.596
117     88      0.596
341     39      0.595
316     97      0.595
420     27      0.595
312     206     0.595
343     211     0.594
273     58      0.594
420     35      0.594
314     117     0.594
116     33      0.594
415     88      0.593
515     341     0.593
313     39      0.593
333     286     0.593
350     211     0.593
314     103     0.593
39      32      0.593
415     28      0.593
356     275     0.593
317     204     0.593
416     315     0.592
416     37      0.592
98      34      0.591
418     207     0.591
101     38      0.591
209     104     0.591
314     271     0.591
332     286     0.591
284     266     0.591
362     336     0.591
414     115     0.591
105     28      0.591
420     211     0.591
332     269     0.591
417     273     0.591
418     101     0.590
420     206     0.590
356     347     0.590
115     33      0.590
152     88      0.589
261     254     0.589
384     182     0.588
342     205     0.588
316     272     0.588
316     286     0.588
376     273     0.588
418     89      0.587
316     116     0.587
205     117     0.587
205     115     0.587
316     101     0.587
357     205     0.587
342     313     0.587
332     261     0.586
415     115     0.586
312     115     0.586
312     89      0.586
421     312     0.586
103     37      0.585
339     211     0.585
316     275     0.585
284     275     0.585
314     116     0.585
313     115     0.585
316     284     0.585
211     35      0.584
116     101     0.584
357     275     0.584
347     211     0.584
273     250     0.584
315     269     0.584
101     34      0.584
310     266     0.584
418     88      0.583
205     103     0.583
311     272     0.583
98      39      0.583
275     211     0.583
312     36      0.583
275     261     0.582
102     88      0.582
417     206     0.581
347     266     0.581
205     182     0.581
114     104     0.581
339     171     0.581
211     117     0.581
206     35      0.581
315     89      0.581
419     336     0.581
115     28      0.581
209     97      0.580
417     209     0.580
114     34      0.580
416     210     0.580
116     103     0.580
357     182     0.579
347     333     0.579
207     99      0.579
261     250     0.579
115     98      0.579
416     102     0.579
324     88      0.578
312     32      0.578
114     87      0.578
97      89      0.578
207     39      0.577
356     311     0.577
357     269     0.577
284     219     0.577
266     182     0.577
117     39      0.576
38      28      0.576
210     102     0.576
341     315     0.576
335     261     0.576
419     272     0.576
415     205     0.575
286     270     0.575
312     207     0.575
419     28      0.575
418     37      0.575
417     102     0.575
210     114     0.575
97      34      0.574
206     97      0.574
324     266     0.574
420     36      0.573
210     28      0.573
324     269     0.573
416     206     0.573
211     38      0.573
324     272     0.573
356     324     0.573
113     88      0.572
105     39      0.572
312     261     0.572
209     115     0.571
273     170     0.571
206     88      0.571
312     97      0.571
420     115     0.571
341     324     0.571
100     34      0.570
272     205     0.570
416     99      0.570
266     257     0.570
518     354     0.570
384     286     0.570
315     118     0.570
335     183     0.570
39      27      0.570
337     324     0.570
273     88      0.569
357     337     0.569
416     33      0.569
347     332     0.569
205     36      0.569
517     311     0.569
207     37      0.569
210     89      0.569
206     102     0.569
99      36      0.568
416     117     0.568
342     315     0.568
339     73      0.568
284     257     0.568
317     205     0.568
354     312     0.568
333     272     0.567
329     316     0.567
208     102     0.567
313     32      0.567
356     336     0.567
352     316     0.567
333     324     0.567
315     32      0.567
418     32      0.566
416     101     0.566
333     266     0.566
115     89      0.566
356     286     0.566
342     273     0.565
114     27      0.565
356     272     0.565
313     36      0.565
419     116     0.565
334     269     0.565
324     183     0.565
316     31      0.564
97      87      0.564
117     99      0.564
337     266     0.564
269     229     0.564
284     211     0.564
341     332     0.563
417     211     0.563
273     73      0.563
419     341     0.563
284     273     0.563
356     316     0.563
356     270     0.562
211     147     0.562
420     311     0.562
415     118     0.562
329     269     0.562
315     271     0.562
313     204     0.562
115     34      0.562
311     275     0.562
420     146     0.561
310     272     0.561
419     103     0.561
205     58      0.561
286     182     0.560
419     100     0.560
98      37      0.560
343     204     0.560
416     103     0.560
313     114     0.560
324     284     0.560
341     266     0.560
97      38      0.559
211     115     0.559
420     98      0.559
117     34      0.559
207     115     0.559
415     36      0.559
312     33      0.559
283     269     0.559
210     33      0.559
103     89      0.558
286     254     0.558
419     147     0.558
313     272     0.558
211     102     0.558
333     273     0.558
117     28      0.557
420     116     0.557
335     284     0.557
417     28      0.557
99      38      0.557
117     36      0.557
206     34      0.557
103     88      0.557
420     341     0.557
336     182     0.557
115     100     0.557
104     28      0.557
261     219     0.556
207     104     0.556
515     155     0.556
210     116     0.556
208     99      0.556
343     275     0.556
336     316     0.556
416     100     0.555
419     206     0.555
415     37      0.555
420     205     0.555
356     339     0.555
313     98      0.555
286     277     0.555
316     34      0.555
207     35      0.554
415     211     0.554
105     32      0.554
341     210     0.554
105     37      0.554
99      33      0.554
517     414     0.553
211     204     0.553
316     204     0.553
414     97      0.553
418     205     0.553
314     272     0.553
317     274     0.553
414     183     0.553
342     316     0.553
338     183     0.553
415     117     0.552
284     270     0.552
339     270     0.552
211     36      0.552
324     275     0.552
286     229     0.551
419     269     0.551
362     270     0.551
313     182     0.551
362     332     0.551
342     209     0.551
356     182     0.551
269     233     0.551
384     269     0.551
310     276     0.551
419     104     0.551
342     204     0.551
273     254     0.550
206     116     0.550
356     204     0.550
273     176     0.549
351     311     0.549
416     89      0.549
147     28      0.549
417     101     0.549
341     209     0.549
421     118     0.549
272     88      0.548
310     277     0.548
103     34      0.548
315     284     0.548
117     37      0.548
420     38      0.548
356     88      0.548
347     316     0.548
114     102     0.548
284     269     0.548
266     254     0.548
104     89      0.548
206     28      0.547
205     89      0.547
312     101     0.547
333     261     0.547
317     32      0.547
316     277     0.547
332     182     0.547
420     314     0.547
419     273     0.547
415     116     0.546
269     175     0.546
36      28      0.546
312     271     0.546
117     97      0.546
420     102     0.546
417     87      0.545
117     35      0.545
266     170     0.545
105     34      0.544
312     100     0.544
341     88      0.544
271     211     0.544
116     104     0.544
313     101     0.544
207     38      0.544
339     299     0.543
208     35      0.543
99      31      0.543
343     312     0.543
324     312     0.543
347     182     0.543
418     208     0.543
337     284     0.543
273     209     0.543
211     32      0.542
418     34      0.542
311     209     0.542
118     39      0.542
341     286     0.542
415     35      0.542
312     114     0.542
419     27      0.542
357     284     0.542
415     273     0.541
89      39      0.541
517     30      0.541
420     271     0.541
324     205     0.541
420     104     0.541
211     31      0.541
420     89      0.541
417     115     0.541
332     266     0.540
116     87      0.540
286     269     0.540
275     88      0.540
206     114     0.540
341     313     0.540
316     87      0.540
419     333     0.539
347     337     0.539
417     207     0.539
88      37      0.539
341     314     0.539
347     340     0.539
421     211     0.539
316     98      0.539
207     102     0.539
356     205     0.538
211     104     0.538
313     271     0.538
207     33      0.538
206     117     0.538
315     117     0.538
420     33      0.538
207     98      0.538
270     88      0.538
114     33      0.537
415     87      0.537
420     31      0.537
356     119     0.537
205     152     0.537
114     89      0.537
211     101     0.537
384     316     0.537
286     273     0.537
329     270     0.537
272     261     0.537
356     274     0.536
420     87      0.536
339     183     0.536
347     336     0.536
264     182     0.536
206     105     0.536
314     33      0.535
335     269     0.535
211     33      0.535
272     183     0.535
342     115     0.535
315     204     0.535
333     270     0.535
209     103     0.535
420     209     0.535
114     40      0.535
206     115     0.535
114     101     0.534
418     96      0.534
207     36      0.534
205     90      0.534
204     103     0.534
274     103     0.534
336     209     0.534
418     99      0.534
415     206     0.534
206     101     0.534
211     116     0.533
417     270     0.533
350     273     0.533
206     99      0.533
336     265     0.533
276     183     0.533
347     273     0.533
310     286     0.533
114     36      0.533
414     39      0.533
521     88      0.533
316     182     0.533
384     223     0.533
117     89      0.532
312     118     0.532
313     286     0.532
352     312     0.532
207     103     0.532
284     277     0.532
212     204     0.532
416     207     0.532
336     170     0.532
286     175     0.532
261     58      0.531
417     36      0.531
272     265     0.531
269     211     0.531
312     286     0.531
284     183     0.531
416     88      0.531
516     88      0.531
521     333     0.531
339     219     0.530
311     271     0.530
421     115     0.530
119     88      0.530
339     316     0.530
515     286     0.530
343     316     0.530
414     315     0.530
208     33      0.530
103     39      0.530
516     347     0.529
113     87      0.529
324     286     0.529
421     311     0.529
146     88      0.529
350     339     0.529
299     261     0.529
209     28      0.529
417     261     0.529
313     104     0.529
415     314     0.529
316     266     0.529
332     275     0.529
416     209     0.528
386     284     0.528
417     100     0.528
332     272     0.528
97      33      0.528
101     39      0.528
206     38      0.528
417     114     0.527
343     315     0.527
384     261     0.527
317     210     0.527
116     27      0.527
357     347     0.526
208     88      0.526
279     272     0.526
518     119     0.526
284     254     0.526
316     103     0.526
336     312     0.525
521     56      0.525
97      58      0.525
347     284     0.525
105     35      0.525
350     343     0.525
313     90      0.524
420     336     0.524
357     211     0.524
419     208     0.524
313     89      0.524
419     207     0.524
357     286     0.524
376     261     0.523
40      28      0.523
314     89      0.523
339     260     0.523
314     269     0.523
335     211     0.523
273     184     0.523
342     88      0.522
315     90      0.522
310     205     0.522
414     272     0.522
333     269     0.522
261     176     0.522
115     104     0.522
314     32      0.522
420     332     0.522
274     96      0.522
336     37      0.522
340     273     0.522
329     261     0.522
100     39      0.521
261     183     0.521
316     58      0.521
117     103     0.521
316     89      0.521
314     100     0.521
516     119     0.521
105     89      0.521
98      32      0.520
261     234     0.520
339     184     0.520
273     234     0.520
350     341     0.520
341     267     0.520
336     254     0.520
261     211     0.520
342     32      0.519
335     286     0.519
362     284     0.519
336     270     0.519
418     314     0.519
420     118     0.519
310     275     0.519
104     87      0.519
315     27      0.519
114     59      0.519
316     40      0.519
272     209     0.519
118     97      0.519
261     223     0.518
286     257     0.518
97      90      0.518