Prediction Made with CORNET:
a Neural Network based method trained using Correlated Mutations,
Sequence Conservation, Predicted Secondary structure of Proteins and
Evolutionary Information.
Authors Fariselli Piero, Olmea Osvaldo, Valencia Alfonso, Rita Casadio.
This method is an extension of the two following methods

Olmea O. and Valencia A. (1997) Fold. Des. 2: S25-32.

Fariselli P and Casadio R. (1999) Prot. Engng 12:15-21

#================================================================#

PREDICTION

Couple          Reliability
i       j
525     271     0.914
527     313     0.862
313     271     0.857
525     270     0.857
527     38      0.854
527     271     0.852
527     35      0.844
528     37      0.836
547     271     0.831
528     271     0.829
526     270     0.827
525     209     0.827
519     282     0.826
536     334     0.824
527     334     0.824
311     207     0.823
311     37      0.823
530     270     0.822
311     35      0.822
313     35      0.821
525     37      0.820
529     270     0.819
314     271     0.818
527     418     0.816
547     88      0.811
528     418     0.811
97      88      0.810
527     37      0.810
207     104     0.809
519     267     0.809
525     301     0.808
313     37      0.807
526     98      0.805
104     35      0.804
525     335     0.803
203     104     0.801
528     270     0.799
203     97      0.798
314     209     0.797
521     267     0.797
547     282     0.796
528     313     0.795
311     88      0.795
101     35      0.795
322     271     0.794
520     282     0.794
203     35      0.793
99      35      0.792
527     267     0.790
314     207     0.789
521     360     0.788
547     335     0.786
314     37      0.786
547     267     0.785
311     209     0.785
525     88      0.784
311     271     0.783
313     99      0.783
527     36      0.783
527     102     0.782
527     282     0.781
526     207     0.781
104     37      0.781
524     113     0.778
525     273     0.778
113     103     0.778
337     264     0.777
528     35      0.776
314     104     0.776
311     33      0.776
99      37      0.776
207     37      0.775
314     88      0.774
97      35      0.774
525     269     0.774
311     104     0.774
208     35      0.774
526     37      0.773
527     206     0.772
528     420     0.772
99      88      0.772
311     101     0.771
207     101     0.771
526     314     0.771
335     259     0.770
529     416     0.770
527     314     0.769
528     207     0.769
114     104     0.769
314     39      0.769
521     259     0.769
311     203     0.769
113     35      0.768
312     35      0.768
528     209     0.768
207     35      0.767
311     99      0.767
337     282     0.767
337     275     0.765
112     104     0.764
314     35      0.764
203     37      0.764
528     36      0.763
525     207     0.763
526     103     0.762
526     416     0.761
525     203     0.760
547     360     0.759
313     203     0.759
525     282     0.759
526     311     0.759
312     104     0.758
334     267     0.758
203     88      0.758
529     314     0.757
102     37      0.757
527     311     0.757
310     99      0.757
208     37      0.757
313     104     0.756
536     267     0.756
311     114     0.756
113     37      0.755
312     37      0.755
313     38      0.755
310     39      0.754
527     340     0.754
101     37      0.754
311     38      0.752
527     259     0.752
524     32      0.752
335     267     0.751
313     101     0.751
417     270     0.751
311     102     0.750
207     38      0.750
530     33      0.750
337     267     0.750
547     269     0.750
529     98      0.749
310     208     0.749
547     270     0.748
102     35      0.748
313     102     0.747
207     36      0.747
313     208     0.747
113     100     0.747
313     100     0.746
314     203     0.746
525     418     0.745
529     336     0.745
97      39      0.745
114     37      0.744
271     88      0.744
310     37      0.744
337     88      0.743
528     38      0.743
113     105     0.743
312     271     0.743
525     313     0.742
528     99      0.742
113     33      0.741
203     115     0.741
114     101     0.741
525     26      0.741
98      36      0.741
310     207     0.740
115     35      0.740
103     36      0.739
525     340     0.739
312     38      0.739
313     88      0.739
541     267     0.739
313     39      0.738
311     100     0.737
207     99      0.737
525     29      0.737
312     207     0.737
310     209     0.736
105     98      0.736
103     32      0.736
525     267     0.736
104     88      0.736
528     269     0.735
527     97      0.734
526     35      0.734
113     98      0.734
314     115     0.734
529     311     0.733
207     102     0.733
528     314     0.733
268     88      0.732
313     97      0.732
528     335     0.732
98      38      0.732
97      31      0.732
337     270     0.732
526     100     0.732
525     445     0.732
527     88      0.731
312     99      0.730
314     31      0.730
206     100     0.730
310     88      0.730
209     88      0.730
545     267     0.729
203     39      0.729
310     101     0.728
523     272     0.728
314     38      0.728
545     88      0.727
311     97      0.727
311     115     0.726
115     99      0.726
101     88      0.725
310     35      0.725
203     114     0.725
203     99      0.725
310     113     0.725
525     115     0.725
548     335     0.725
528     104     0.724
313     114     0.724
105     36      0.724
104     34      0.724
526     34      0.723
526     36      0.723
314     101     0.723
104     33      0.722
337     284     0.722
528     311     0.722
271     104     0.722
203     38      0.721
313     207     0.721
100     38      0.721
100     36      0.721
311     34      0.721
206     37      0.721
208     98      0.721
114     35      0.720
528     32      0.720
322     88      0.720
208     99      0.720
313     113     0.720
313     34      0.720
527     420     0.719
312     36      0.719
530     209     0.719
530     267     0.718
114     97      0.718
312     101     0.718
311     205     0.718
529     37      0.718
312     39      0.718
528     206     0.718
525     362     0.717
525     39      0.717
102     36      0.717
526     419     0.717
528     203     0.716
101     36      0.716
529     30      0.716
97      37      0.716
528     115     0.716
203     113     0.716
209     39      0.715
547     536     0.715
527     99      0.715
310     270     0.715
313     209     0.714
420     271     0.714
102     38      0.713
209     97      0.713
103     33      0.713
112     39      0.713
271     264     0.712
310     38      0.712
417     271     0.712
337     329     0.712
334     273     0.712
525     114     0.712
521     334     0.712
547     445     0.712
519     334     0.711
527     312     0.711
360     335     0.711
519     337     0.711
208     103     0.711
310     271     0.710
529     417     0.710
312     34      0.710
112     99      0.709
528     88      0.709
314     99      0.709
115     39      0.709
115     97      0.709
417     37      0.709
313     103     0.709
529     35      0.708
311     208     0.708
524     270     0.708
101     38      0.708
528     39      0.708
538     270     0.707
113     39      0.707
104     38      0.707
311     36      0.707
101     33      0.707
335     273     0.707
313     98      0.707
103     35      0.707
529     88      0.707
532     270     0.707
270     89      0.706
203     102     0.706
311     273     0.706
525     420     0.705
209     35      0.705
545     445     0.705
311     39      0.705
98      33      0.705
208     34      0.705
114     102     0.705
207     33      0.705
113     99      0.704
99      34      0.704
100     35      0.704
310     203     0.703
529     102     0.703
98      35      0.702
311     98      0.702
527     207     0.702
527     269     0.702
270     39      0.702
312     98      0.702
520     181     0.702
209     37      0.702
314     269     0.702
339     270     0.702
541     337     0.701
112     34      0.701
270     88      0.701
527     28      0.701
113     102     0.701
543     270     0.701
114     36      0.700
311     105     0.700
104     36      0.700
536     270     0.700
114     99      0.699
531     270     0.699
113     38      0.699
528     282     0.699
339     271     0.699
104     39      0.698
519     335     0.698
115     37      0.697
112     37      0.697
270     97      0.697
204     36      0.697
525     268     0.697
310     102     0.697
112     101     0.696
99      39      0.696
207     98      0.696
207     115     0.695
112     35      0.695
529     421     0.695
104     31      0.694
526     38      0.694
282     180     0.694
526     101     0.692
526     421     0.692
547     180     0.692
100     37      0.692
207     88      0.692
313     36      0.692
314     36      0.691
203     34      0.691
112     38      0.691
114     98      0.691
529     38      0.691
525     35      0.690
207     34      0.690
313     259     0.690
332     270     0.690
523     202     0.690
270     37      0.690
115     105     0.690
209     101     0.690
205     101     0.689
105     32      0.689
314     102     0.689
313     205     0.689
273     88      0.689
525     314     0.689
314     114     0.688
267     37      0.688
311     31      0.688
311     268     0.688
527     270     0.688
527     104     0.688
208     38      0.688
547     340     0.687
524     202     0.687
282     88      0.687
270     40      0.687
312     203     0.687
311     32      0.687
204     37      0.687
115     34      0.687
207     114     0.687
114     34      0.687
521     282     0.687
103     37      0.687
550     270     0.687
313     31      0.687
312     115     0.686
99      36      0.686
207     113     0.686
525     31      0.686
543     267     0.686
310     36      0.686
416     270     0.685
419     113     0.685
526     312     0.685
311     204     0.685
115     102     0.685
114     38      0.684
208     39      0.684
209     38      0.684
114     39      0.684
529     313     0.684
530     271     0.684
417     310     0.684
526     206     0.683
105     33      0.682
207     100     0.682
204     105     0.681
271     259     0.681
529     36      0.681
205     35      0.681
310     268     0.681
528     273     0.681
313     206     0.680
203     87      0.680
99      31      0.680
310     32      0.680
417     312     0.680
209     115     0.680
101     34      0.680
527     310     0.679
520     322     0.679
204     102     0.679
339     88      0.679
208     97      0.679
337     310     0.679
311     206     0.679
420     314     0.679
529     103     0.678
310     100     0.678
208     113     0.678
113     104     0.678
526     102     0.678
310     206     0.678
527     103     0.678
525     116     0.678
521     268     0.678
314     33      0.678
322     270     0.678
112     97      0.677
525     168     0.677
308     271     0.677
88      39      0.677
547     268     0.676
312     102     0.676
103     38      0.676
313     115     0.676
314     98      0.676
519     270     0.675
536     282     0.675
417     39      0.675
529     100     0.675
354     88      0.675
528     334     0.675
419     270     0.675
529     34      0.675
102     31      0.674
115     33      0.674
547     529     0.673
206     32      0.673
102     39      0.672
520     88      0.672
519     264     0.672
209     99      0.672
267     88      0.672
204     101     0.672
259     180     0.672
114     33      0.671
208     101     0.671
115     101     0.671
337     180     0.671
547     331     0.671
203     36      0.670
312     97      0.670
527     30      0.670
310     272     0.670
527     113     0.670
519     181     0.669
524     446     0.669
105     37      0.669
531     32      0.669
523     27      0.669
282     259     0.669
360     334     0.668
545     335     0.668
204     39      0.668
417     267     0.668
524     30      0.668
312     103     0.668
345     267     0.668
529     312     0.667
309     270     0.667
529     181     0.667
112     88      0.667
267     87      0.666
420     270     0.666
417     203     0.666
527     205     0.666
271     209     0.666
207     39      0.666
115     31      0.666
313     33      0.666
209     114     0.666
312     114     0.666
528     29      0.666
115     38      0.666
545     270     0.666
547     322     0.665
312     204     0.665
525     337     0.665
547     264     0.665
98      34      0.665
113     101     0.665
113     88      0.665
115     36      0.665
545     322     0.665
529     101     0.664
418     103     0.664
207     97      0.664
102     33      0.664
203     101     0.663
308     268     0.663
530     105     0.663
270     71      0.663
417     313     0.662
525     322     0.662
310     33      0.662
334     88      0.662
313     270     0.661
334     37      0.661
529     105     0.661
417     35      0.661
203     105     0.661
520     267     0.661
525     311     0.661
39      31      0.661
547     525     0.660
545     333     0.660
311     270     0.660
421     310     0.660
314     204     0.660
418     314     0.659
310     97      0.659
267     180     0.659
112     87      0.659
547     337     0.659
524     116     0.658
204     35      0.658
334     282     0.658
526     105     0.658
312     113     0.658
206     39      0.657
545     360     0.657
205     37      0.657
526     313     0.657
97      38      0.657
528     341     0.657
542     305     0.657
311     113     0.657
527     203     0.657
282     270     0.656
209     32      0.656
202     96      0.656
526     336     0.656
548     271     0.656
527     105     0.656
524     207     0.656
529     209     0.656
527     209     0.655
524     27      0.655
100     34      0.655
99      38      0.655
105     38      0.655
312     209     0.655
270     35      0.655
333     264     0.654
113     36      0.654
360     267     0.654
310     114     0.654
529     115     0.654
545     114     0.654
525     176     0.653
259     88      0.653
539     267     0.652
105     35      0.652
101     39      0.652
273     209     0.652
525     104     0.652
322     209     0.652
526     271     0.652
206     35      0.651
312     100     0.651
528     106     0.651
310     104     0.651
545     282     0.651
541     270     0.651
418     38      0.651
421     38      0.650
271     37      0.650
315     32      0.650
209     102     0.650
313     204     0.650
524     181     0.650
313     32      0.650
322     273     0.649
419     310     0.649
528     284     0.649
519     275     0.649
525     334     0.649
208     104     0.649
102     34      0.649
528     301     0.649
527     33      0.649
538     181     0.648
525     312     0.648
112     105     0.648
205     115     0.648
421     270     0.648
271     39      0.648
527     115     0.648
528     417     0.648
335     282     0.648
270     259     0.648
337     255     0.648
526     30      0.648
112     98      0.647
113     34      0.647
524     88      0.647
308     270     0.647
524     239     0.647
208     33      0.647
208     100     0.647
525     205     0.647
528     113     0.647
106     97      0.647
525     331     0.646
205     99      0.646
209     113     0.646
310     115     0.646
534     267     0.646
270     263     0.646
113     32      0.646
96      32      0.646
536     337     0.646
311     103     0.646
420     88      0.645
337     37      0.645
528     101     0.645
99      33      0.645
270     203     0.645
524     258     0.645
526     332     0.645
529     33      0.644
420     112     0.644
314     100     0.644
314     270     0.644
527     268     0.644
420     39      0.644
545     528     0.644
528     312     0.643
209     104     0.643
530     340     0.643
527     173     0.643
419     98      0.643
528     340     0.643
39      32      0.643
114     103     0.643
97      34      0.643
203     31      0.642
540     335     0.642
205     102     0.642
115     88      0.642
528     97      0.642
537     428     0.641
205     33      0.641
311     90      0.641
547     275     0.641
308     259     0.641
533     305     0.641
114     88      0.641
547     528     0.641
547     429     0.641
530     203     0.641
113     97      0.641
112     91      0.641
418     311     0.640
310     98      0.640
524     313     0.640
526     113     0.640
273     259     0.640
310     89      0.640
545     301     0.640
97      89      0.640
98      32      0.640
209     36      0.639
331     282     0.639
205     113     0.639
526     417     0.639
312     270     0.639
340     88      0.639
525     360     0.639
545     331     0.639
209     33      0.639
204     34      0.639
206     34      0.638
308     267     0.638
530     332     0.638
208     102     0.638
313     112     0.638
97      87      0.638
339     267     0.638
322     282     0.638
525     36      0.637
547     341     0.637
529     32      0.637
209     31      0.637
529     271     0.637
105     34      0.637
360     284     0.637
524     336     0.636
114     100     0.636
527     332     0.636
521     333     0.636
205     98      0.636
345     331     0.636
530     98      0.636
270     181     0.636
530     113     0.636
525     284     0.636
524     89      0.636
333     282     0.635
314     97      0.635
547     91      0.635
206     99      0.635
334     270     0.635
534     334     0.635
114     105     0.635
527     100     0.635
548     284     0.635
207     103     0.635
205     36      0.635
267     259     0.634
337     273     0.634
314     113     0.634
115     104     0.634
525     430     0.634
322     259     0.634
205     114     0.634
314     103     0.633
526     204     0.633
204     99      0.633
98      39      0.633
527     114     0.633
508     259     0.632
382     282     0.632
541     275     0.632
282     271     0.632
322     308     0.632
529     419     0.632
267     73      0.632
528     204     0.632
208     114     0.632
521     87      0.631
311     28      0.631
418     310     0.631
208     31      0.631
547     294     0.631
337     271     0.631
345     259     0.631
528     114     0.631
282     35      0.630
547     259     0.630
313     268     0.630
525     275     0.630
420     35      0.630
204     114     0.630
539     332     0.630
524     272     0.630
311     267     0.630
112     36      0.629
528     310     0.629
205     39      0.629
205     38      0.629
530     305     0.629
536     268     0.629
308     97      0.629
208     88      0.628
206     33      0.628
548     337     0.628
536     259     0.628
206     102     0.628
314     34      0.627
205     100     0.627
312     205     0.627
207     105     0.627
270     116     0.627
528     268     0.627
314     259     0.627
528     34      0.627
339     282     0.626
206     104     0.626
259     37      0.626
374     271     0.626
417     311     0.626
524     419     0.626
546     444     0.626
418     270     0.625
282     273     0.625
206     113     0.625
547     37      0.625
308     88      0.625
417     314     0.625
205     104     0.625
335     264     0.625
417     38      0.624
272     96      0.624
284     35      0.624
546     537     0.624
547     121     0.624
209     112     0.623
547     520     0.623
203     98      0.623
206     98      0.623
271     203     0.623
270     207     0.623
419     34      0.623
527     284     0.623
341     271     0.622
112     102     0.622
330     88      0.622
204     38      0.622
345     88      0.622
418     36      0.622
528     267     0.622
528     322     0.622
524     332     0.622
204     33      0.622
314     208     0.622
203     100     0.621
102     88      0.621
337     73      0.621
530     418     0.621
530     334     0.621
526     208     0.620
314     205     0.620
101     31      0.620
354     334     0.620
522     322     0.620
312     208     0.620
428     270     0.620
98      37      0.620
112     31      0.620
533     270     0.620
420     203     0.619
418     112     0.619
311     259     0.619
73      35      0.619
528     28      0.619
331     270     0.618
530     339     0.618
105     97      0.618
310     34      0.618
416     310     0.618
525     341     0.618
203     106     0.618
309     209     0.618
526     39      0.618
520     336     0.618
530     32      0.618
282     255     0.618
282     217     0.617
527     4       0.617
312     269     0.617
38      28      0.617
524     271     0.617
106     31      0.617
547     334     0.616
418     35      0.616
420     99      0.616
310     116     0.616
429     271     0.616
528     100     0.616
313     87      0.616
542     270     0.615
529     310     0.615
268     209     0.615
268     180     0.615
311     269     0.615
271     180     0.615
526     263     0.615
203     90      0.615
207     32      0.615
314     268     0.615
419     115     0.614
330     282     0.614
330     259     0.614
521     322     0.614
315     97      0.614
530     114     0.614
547     367     0.614
522     181     0.614
545     305     0.614
547     281     0.614
313     116     0.613
337     330     0.613
335     88      0.613
528     331     0.613
547     258     0.613
537     524     0.613
529     39      0.613
205     103     0.613
417     259     0.613
530     103     0.613
104     97      0.613
116     39      0.612
312     33      0.612
314     282     0.612
204     115     0.612
337     72      0.612
417     99      0.612
418     105     0.612
527     101     0.612
548     259     0.612
334     259     0.612
311     89      0.612
282     209     0.612
529     27      0.612
39      28      0.612
208     115     0.611
547     116     0.611
524     203     0.611
417     97      0.611
418     98      0.611
311     40      0.610
539     270     0.610
314     32      0.610
100     39      0.610
537     270     0.610
273     97      0.610
529     208     0.610
335     322     0.610
525     99      0.610
525     28      0.610
97      33      0.610
529     71      0.610
536     330     0.610
204     97      0.609
322     267     0.609
314     28      0.609
106     33      0.609
103     34      0.609
271     35      0.609
313     105     0.609
345     322     0.609
308     274     0.609
204     113     0.609
322     268     0.608
528     208     0.608
536     322     0.608
349     310     0.608
524     28      0.608
525     272     0.608
421     314     0.608
526     267     0.608
420     313     0.608
310     28      0.608
282     264     0.608
116     97      0.608
310     273     0.608
339     273     0.608
417     88      0.608
537     96      0.607
547     168     0.607
521     71      0.607
269     88      0.607
545     271     0.607
530     428     0.607
547     418     0.606
526     116     0.606
284     217     0.606
322     264     0.606
282     267     0.606
206     101     0.606
203     89      0.606
417     101     0.605
209     34      0.605
209     28      0.605
360     282     0.605
534     332     0.605
526     334     0.605
337     39      0.604
37      28      0.604
205     32      0.604
525     32      0.604
541     517     0.604
112     32      0.604
537     342     0.604
98      89      0.604
529     112     0.603
528     103     0.603
100     33      0.603
547     301     0.603
529     338     0.603
525     89      0.603
259     35      0.603
419     313     0.603
525     417     0.602
204     31      0.602
420     311     0.602
203     91      0.602
420     37      0.602
35      28      0.602
528     102     0.602
419     101     0.602
113     89      0.602
535     181     0.602
337     259     0.602
102     32      0.601
259     73      0.601
420     310     0.601
282     275     0.601
520     71      0.601
337     4       0.600
259     252     0.600
419     312     0.600
315     202     0.600
525     38      0.600
345     337     0.600
115     98      0.600
527     341     0.600
360     330     0.600
417     104     0.599
313     28      0.599
312     88      0.599
337     269     0.599
354     310     0.599
528     26      0.599
419     38      0.599
112     33      0.599
116     98      0.599
417     28      0.598
339     310     0.598
519     4       0.598
308     264     0.598
545     90      0.598
354     273     0.598
547     526     0.597
348     209     0.597
523     270     0.597
526     310     0.597
547     217     0.597
528     116     0.597
529     113     0.596
548     330     0.596
526     205     0.596
519     322     0.596
547     181     0.596
545     275     0.596
312     206     0.596
309     273     0.596
340     271     0.596
333     181     0.595
528     508     0.595
529     319     0.595
524     410     0.595
548     275     0.595
352     96      0.595
360     268     0.594
528     205     0.594
545     337     0.594
530     27      0.594
529     114     0.594
446     96      0.594