Prediction Made with CORNET:
a Neural Network based method trained using Correlated Mutations,
Sequence Conservation, Predicted Secondary structure of Proteins and
Evolutionary Information.
Authors Fariselli Piero, Olmea Osvaldo, Valencia Alfonso, Rita Casadio.
This method is an extension of the two following methods

Olmea O. and Valencia A. (1997) Fold. Des. 2: S25-32.

Fariselli P and Casadio R. (1999) Prot. Engng 12:15-21

#================================================================#

PREDICTION

Couple          Reliability
i       j
313     209     0.814
493     261     0.810
315     273     0.805
514     261     0.805
316     211     0.804
316     209     0.784
315     35      0.781
313     211     0.775
337     261     0.774
313     205     0.773
493     336     0.771
313     37      0.770
104     35      0.769
324     273     0.766
102     37      0.764
104     37      0.764
314     37      0.763
99      35      0.761
103     32      0.761
205     37      0.761
316     273     0.761
336     269     0.760
316     205     0.755
315     205     0.753
315     99      0.753
337     269     0.753
314     35      0.753
513     286     0.750
313     35      0.747
313     33      0.746
314     104     0.745
316     37      0.745
312     210     0.744
312     211     0.743
493     362     0.742
339     266     0.741
114     99      0.740
315     37      0.740
101     35      0.739
493     324     0.738
114     39      0.738
312     209     0.737
114     37      0.735
339     284     0.734
315     102     0.734
104     31      0.734
315     210     0.732
209     37      0.729
316     31      0.729
314     209     0.725
517     88      0.723
317     32      0.722
312     205     0.720
103     36      0.719
315     209     0.716
101     37      0.715
315     211     0.715
514     336     0.713
315     39      0.713
313     104     0.710
100     36      0.709
99      37      0.709
513     269     0.709
315     104     0.709
273     266     0.709
313     273     0.708
209     104     0.706
284     182     0.706
315     38      0.705
315     31      0.704
312     39      0.704
339     286     0.703
339     269     0.702
316     114     0.702
39      31      0.702
105     36      0.701
114     35      0.701
314     39      0.700
312     99      0.700
362     337     0.699
514     324     0.698
493     286     0.697
102     35      0.697
475     261     0.696
339     312     0.696
206     37      0.696
315     114     0.696
313     207     0.694
336     275     0.693
339     277     0.693
315     261     0.693
315     34      0.692
314     205     0.692
104     33      0.690
205     104     0.690
99      31      0.689
114     104     0.689
261     182     0.688
115     39      0.687
99      39      0.686
209     35      0.686
337     275     0.686
114     31      0.686
208     100     0.686
514     286     0.685
205     35      0.684
316     35      0.684
314     99      0.682
315     36      0.681
316     39      0.681
313     210     0.680
205     39      0.679
312     37      0.678
517     347     0.678
103     35      0.678
273     261     0.677
211     114     0.677
284     261     0.676
313     99      0.676
347     269     0.676
312     208     0.675
211     31      0.674
310     261     0.673
315     207     0.673
517     286     0.671
341     312     0.671
102     31      0.671
514     269     0.669
339     331     0.669
315     103     0.669
315     100     0.668
493     97      0.668
341     272     0.667
114     101     0.666
210     35      0.666
314     114     0.665
104     34      0.665
115     37      0.665
205     102     0.665
313     206     0.664
341     273     0.664
114     102     0.664
209     114     0.663
362     336     0.663
115     35      0.662
514     362     0.661
269     73      0.661
432     336     0.661
315     208     0.660
362     269     0.660
312     272     0.660
493     269     0.660
515     261     0.660
284     272     0.658
314     211     0.658
102     36      0.658
514     284     0.657
102     39      0.656
315     115     0.656
314     273     0.656
517     114     0.656
313     208     0.656
310     273     0.656
205     114     0.655
209     101     0.655
493     211     0.654
339     272     0.654
315     101     0.654
210     37      0.653
314     206     0.653
316     206     0.653
316     261     0.653
336     284     0.653
324     310     0.653
334     272     0.652
205     99      0.652
115     104     0.652
314     34      0.652
100     38      0.652
114     38      0.651
105     37      0.651
211     39      0.649
116     37      0.649
105     32      0.648
514     59      0.647
316     99      0.647
205     36      0.647
514     335     0.647
517     275     0.646
493     272     0.645
432     261     0.645
347     333     0.645
209     36      0.644
316     33      0.644
114     34      0.644
205     34      0.644
341     205     0.644
313     114     0.643
342     210     0.643
362     286     0.643
206     39      0.643
114     77      0.643
209     99      0.642
115     38      0.642
324     261     0.642
284     219     0.641
115     103     0.641
313     275     0.641
324     272     0.641
324     211     0.641
313     101     0.641
337     284     0.640
351     312     0.640
517     337     0.639
312     273     0.639
104     36      0.638
101     33      0.637
284     269     0.637
211     37      0.636
478     37      0.636
113     100     0.636
313     38      0.636
341     211     0.636
100     35      0.635
337     324     0.635
347     324     0.635
314     38      0.635
517     272     0.634
269     182     0.633
336     272     0.633
335     266     0.633
312     32      0.632
206     36      0.632
336     261     0.632
102     33      0.631
376     273     0.631
106     98      0.630
515     286     0.630
333     284     0.630
339     182     0.630
284     266     0.629
210     99      0.629
210     114     0.629
384     284     0.629
100     37      0.629
103     38      0.629
210     103     0.628
515     272     0.628
310     270     0.628
324     284     0.628
347     261     0.627
284     257     0.627
105     35      0.626
315     206     0.626
475     284     0.626
284     211     0.626
493     90      0.625
312     270     0.625
515     269     0.625
272     265     0.625
514     175     0.625
284     273     0.624
275     261     0.624
310     272     0.624
284     275     0.624
493     99      0.624
314     36      0.623
313     270     0.623
337     266     0.623
209     33      0.622
517     254     0.622
206     35      0.622
211     99      0.622
269     261     0.622
312     274     0.622
313     261     0.622
315     98      0.622
116     39      0.621
313     34      0.621
284     270     0.621
261     254     0.620
342     211     0.620
313     31      0.620
210     31      0.619
314     207     0.619
335     284     0.619
356     336     0.619
204     98      0.618
517     73      0.618
493     273     0.618
205     31      0.618
350     312     0.618
316     271     0.617
103     37      0.616
104     39      0.615
356     312     0.614
513     333     0.614
286     219     0.614
316     77      0.614
493     475     0.614
493     284     0.613
312     114     0.613
316     284     0.613
100     34      0.612
101     31      0.612
339     257     0.612
208     32      0.611
316     210     0.610
209     102     0.610
311     211     0.610
362     284     0.610
312     36      0.609
310     269     0.609
347     339     0.609
106     31      0.609
313     39      0.609
336     286     0.608
417     336     0.608
517     183     0.608
341     316     0.607
324     275     0.607
116     31      0.607
115     99      0.606
341     269     0.606
515     337     0.606
104     38      0.606
493     24      0.606
316     36      0.606
97      31      0.606
339     273     0.606
350     211     0.605
517     493     0.605
284     183     0.605
205     105     0.605
316     104     0.604
501     77      0.604
101     34      0.604
99      74      0.604
115     105     0.603
205     97      0.603
208     37      0.603
341     284     0.603
339     73      0.603
272     183     0.603
493     73      0.602
313     36      0.602
342     313     0.602
114     97      0.602
102     38      0.602
39      32      0.602
114     36      0.602
209     39      0.602
98      32      0.601
342     312     0.601
312     35      0.601
114     33      0.601
115     31      0.601
207     35      0.601
513     163     0.601
314     210     0.601
210     115     0.601
116     33      0.601
513     261     0.600
112     39      0.600
347     312     0.599
316     207     0.599
101     36      0.599
102     34      0.599
492     98      0.599
114     74      0.599
314     31      0.599
206     114     0.599
284     254     0.598
113     33      0.598
99      34      0.598
324     266     0.598
336     37      0.598
314     102     0.597
210     34      0.597
315     286     0.597
493     416     0.597
478     35      0.597
103     33      0.597
312     115     0.596
316     38      0.596
517     261     0.596
313     102     0.595
332     261     0.595
284     277     0.595
339     261     0.594
514     303     0.594
513     77      0.594
206     102     0.594
98      39      0.594
333     272     0.594
272     261     0.593
113     98      0.593
273     182     0.593
314     101     0.593
470     272     0.592
206     101     0.592
313     32      0.591
312     31      0.591
284     74      0.591
517     303     0.590
315     33      0.590
514     73      0.590
493     478     0.590
335     183     0.589
286     261     0.589
261     73      0.589
207     37      0.589
38      31      0.589
205     38      0.589
284     73      0.589
339     211     0.588
312     204     0.588
207     114     0.588
514     275     0.588
312     100     0.588
314     208     0.588
513     332     0.588
324     183     0.587
313     269     0.587
514     176     0.587
312     206     0.587
343     205     0.587
336     73      0.587
493     333     0.587
312     101     0.586
209     34      0.586
493     31      0.586
324     270     0.585
99      77      0.585
207     101     0.585
205     182     0.585
210     98      0.585
98      38      0.585
273     74      0.585
332     284     0.584
334     269     0.584
115     98      0.584
513     335     0.584
493     77      0.583
513     284     0.583
206     31      0.583
513     73      0.583
339     74      0.583
205     77      0.583
205     115     0.583
324     269     0.583
104     73      0.582
210     33      0.582
210     39      0.582
343     211     0.582
414     269     0.582
113     31      0.582
99      33      0.582
286     182     0.582
493     316     0.581
114     98      0.581
313     115     0.581
269     37      0.581
313     73      0.581
343     273     0.581
314     103     0.581
313     105     0.581
115     36      0.580
313     100     0.580
347     337     0.580
513     302     0.580
114     73      0.580
206     32      0.580
105     38      0.580
493     88      0.579
356     211     0.579
514     183     0.579
347     270     0.579
342     205     0.579
316     208     0.579
205     116     0.579
211     35      0.578
115     100     0.578
206     99      0.578
342     32      0.578
517     74      0.578
336     265     0.578
207     104     0.578
324     5       0.577
337     286     0.577
347     211     0.577
310     266     0.577
266     182     0.577
339     72      0.577
347     336     0.576
310     276     0.576
209     38      0.576
312     113     0.576
116     98      0.576
316     74      0.576
354     312     0.576
317     204     0.576
333     273     0.575
115     32      0.575
350     333     0.575
513     303     0.575
261     77      0.575
336     211     0.575
314     115     0.575
356     337     0.574
362     270     0.574
106     38      0.574
272     205     0.574
316     115     0.574
312     207     0.574
336     312     0.574
354     333     0.574
417     261     0.574
324     316     0.574
341     261     0.573
316     73      0.573
207     99      0.572
317     205     0.572
273     73      0.571
357     182     0.571
384     275     0.571
284     175     0.571
493     342     0.571
342     273     0.570
341     270     0.570
101     38      0.570
362     211     0.570
515     74      0.570
512     272     0.570
315     32      0.570
99      73      0.570
312     261     0.569
261     37      0.569
356     347     0.569
272     77      0.569
339     275     0.569
337     260     0.569
343     31      0.569
269     229     0.569
470     183     0.568
316     101     0.568
517     273     0.568
284     178     0.567
106     39      0.567
312     104     0.567
343     204     0.567
269     233     0.567
311     272     0.567
98      36      0.567
313     98      0.567
101     39      0.566
106     37      0.566
414     284     0.566
266     257     0.566
513     272     0.565
209     32      0.565
339     171     0.565
207     115     0.565
284     234     0.564
105     31      0.564
362     332     0.564
315     77      0.564
315     284     0.564
356     311     0.563
97      39      0.563
333     286     0.563
115     34      0.563
350     316     0.563
357     205     0.563
208     115     0.562
286     254     0.562
206     34      0.562
362     182     0.562
515     88      0.562
284     250     0.562
362     275     0.562
105     33      0.562
261     74      0.562
517     59      0.562
314     98      0.561
115     102     0.561
478     284     0.561
347     284     0.561
313     182     0.560
342     315     0.560
335     269     0.560
313     284     0.560
207     39      0.560
384     337     0.559
286     266     0.559
273     72      0.559
517     90      0.559
493     312     0.559
261     250     0.559
347     77      0.559
357     284     0.559
312     275     0.558
105     34      0.558
40      31      0.558
106     33      0.558
501     342     0.558
347     275     0.557
314     100     0.557
310     77      0.557
269     175     0.557
266     254     0.557
315     272     0.556
339     76      0.556
273     233     0.556
335     211     0.556
210     102     0.556
493     40      0.555
493     335     0.555
284     229     0.555
313     204     0.555
333     77      0.555
333     270     0.554
279     272     0.554
207     31      0.554
514     475     0.554
334     268     0.554
115     106     0.554
312     269     0.554
312     116     0.554
312     102     0.553
517     353     0.553
313     272     0.553
273     211     0.553
515     254     0.553
324     286     0.553
265     183     0.553
113     99      0.552
312     38      0.552
316     270     0.552
493     107     0.552
513     232     0.552
313     103     0.551
99      36      0.551
508     334     0.551
339     332     0.551
116     35      0.551
272     71      0.551
105     39      0.551
210     104     0.550
114     32      0.550
338     183     0.550
347     182     0.550
98      35      0.550
316     102     0.550
337     175     0.550
324     296     0.549
284     170     0.549
207     100     0.549
315     270     0.549
211     77      0.549
316     286     0.549
518     354     0.549
316     32      0.549
347     266     0.548
514     337     0.548
315     113     0.548
316     34      0.548
332     273     0.548
114     106     0.548
313     116     0.548
316     98      0.548
324     312     0.548
310     284     0.548
315     73      0.548
493     91      0.548
343     312     0.548
316     275     0.548
310     205     0.548
299     261     0.547
356     269     0.547
362     333     0.547
273     205     0.547
342     209     0.547
517     339     0.547
376     333     0.547
310     73      0.547
376     266     0.547
492     334     0.547
106     32      0.547
376     284     0.547
266     170     0.546
112     98      0.546
114     105     0.546
341     324     0.546
273     77      0.546
211     101     0.546
517     312     0.546
341     37      0.546
493     175     0.546
493     270     0.545
97      74      0.545
347     332     0.545
211     204     0.545
357     337     0.545
261     183     0.545
116     105     0.545
211     113     0.544
205     106     0.544
312     33      0.544
514     478     0.544
103     34      0.544
208     33      0.543
493     74      0.543
332     266     0.543
269     77      0.543
210     38      0.543
384     182     0.543
329     269     0.542
335     261     0.542
339     299     0.542
514     72      0.542
266     72      0.542
272     37      0.542
364     261     0.542
517     11      0.542
114     100     0.542
286     229     0.542
414     77      0.542
205     103     0.541
98      30      0.541
341     210     0.541
211     104     0.541
205     32      0.541
335     272     0.541
518     119     0.541
261     219     0.541
310     286     0.541
272     182     0.541
113     37      0.541
311     209     0.540
513     275     0.540
284     176     0.540
501     336     0.540
417     284     0.540
284     77      0.540
313     286     0.540
493     435     0.540
340     272     0.540
208     34      0.540
513     336     0.540
514     272     0.540
329     272     0.540
204     106     0.539
335     286     0.539
493     114     0.539
495     119     0.539
270     182     0.539
341     314     0.539
324     205     0.538
339     271     0.538
493     357     0.538
315     269     0.538
316     277     0.538
98      33      0.538
209     31      0.537
324     267     0.537
517     229     0.537
513     266     0.537
350     339     0.537
314     32      0.537
337     223     0.537
335     77      0.537
347     335     0.536
332     286     0.536
341     315     0.536
261     176     0.536
206     104     0.536
116     101     0.535
112     31      0.535
106     35      0.535
356     324     0.535
376     261     0.535
316     204     0.535
299     284     0.535
205     73      0.535
275     211     0.535
493     414     0.535
513     289     0.535
207     33      0.535
339     264     0.535
205     113     0.534
515     73      0.534
286     175     0.534
495     354     0.534
342     204     0.534
517     475     0.534
338     272     0.534
517     335     0.534
514     260     0.534
115     33      0.533
310     277     0.533
286     257     0.533
316     105     0.533
514     229     0.533
207     38      0.533
356     272     0.532
272     73      0.532
284     171     0.532
356     182     0.532
207     32      0.532
513     364     0.532
350     273     0.532
341     275     0.532
351     311     0.531
211     36      0.531
115     101     0.531
261     223     0.531
270     211     0.531
114     103     0.531
336     182     0.531
335     324     0.530
277     266     0.530
493     76      0.530
272     74      0.530
470     265     0.530
211     32      0.530
333     266     0.530
376     286     0.530
384     261     0.529
336     270     0.529
284     271     0.529
332     324     0.529
337     330     0.529
261     211     0.529
208     39      0.529
493     275     0.529
517     205     0.529
314     105     0.529
269     76      0.529
515     11      0.529
341     39      0.529
324     73      0.529
336     183     0.527
116     102     0.527
515     336     0.527
337     277     0.527
206     115     0.527
314     272     0.526
343     314     0.526
493     315     0.526
356     339     0.525
362     77      0.525
516     354     0.525
209     115     0.525
356     204     0.525
211     115     0.525
500     265     0.525
211     74      0.525
315     105     0.524
211     98      0.524
312     105     0.524
513     329     0.524
339     77      0.524
515     59      0.524
353     336     0.524
97      73      0.524
343     313     0.524
356     275     0.524
500     272     0.524
517     433     0.524
501     286     0.524
350     341     0.524
336     316     0.524
105     98      0.523
286     269     0.523
352     312     0.523
517     310     0.523
513     183     0.523
99      76      0.523
337     273     0.523
386     284     0.523
347     273     0.523
97      77      0.523
261     205     0.523
316     269     0.522
208     35      0.522
104     88      0.522
113     35      0.522
384     286     0.522
284     5       0.522
514     334     0.522
339     183     0.521
517     284     0.521
310     97      0.521
341     332     0.521
210     113     0.521
357     336     0.521
493     59      0.521
324     313     0.520
332     182     0.520
266     175     0.520
286     277     0.520
364     284     0.520
311     275     0.520
209     113     0.520
324     77      0.520
316     272     0.520
333     324     0.520
314     271     0.519
347     340     0.519
269     211     0.519
337     182     0.519
113     39      0.519
517     76      0.519
341     209     0.519
335     73      0.519
261     234     0.519
312     284     0.519
338     269     0.519
209     103     0.519
284     177     0.519
98      37      0.518
206     103     0.518
104     32      0.518
501     493     0.518
266     76      0.517
342     37      0.517
284     260     0.517
337     74      0.517
210     101     0.517
347     74      0.517
273     250     0.517
207     102     0.517
329     73      0.517
324     182     0.517
286     273     0.517
513     268     0.516
362     37      0.516
356     286     0.516
516     32      0.516
317     115     0.516
317     274     0.516
112     32      0.516
331     266     0.516
310     254     0.516
337     211     0.516
357     275     0.516
312     98      0.515
376     270     0.515
343     114     0.515
100     39      0.515
114     40      0.514
493     432     0.514
336     324     0.514
478     337     0.514
273     254     0.514
209     105     0.514
513     334     0.514
514     5       0.514
331     182     0.514
273     170     0.514
432     286     0.514
211     38      0.514
356     334     0.514
284     223     0.513
514     90      0.513
329     316     0.513
513     493     0.513
515     175     0.513
514     88      0.513
411     272     0.513
517     279     0.513
310     211     0.512
495     32      0.512
331     269     0.512
204     103     0.512
324     179     0.512
333     73      0.512
386     339     0.512
113     103     0.512
116     36      0.512
261     170     0.512
414     74      0.511
336     315     0.511
209     98      0.511
494     114     0.511
493     339     0.511
343     315     0.511
517     175     0.511
342     316     0.511
312     34      0.511
334     261     0.511
475     316     0.511
493     183     0.511
336     76      0.511
286     170     0.511
209     116     0.511
517     419     0.510
517     266     0.510
207     36      0.510
316     103     0.510
276     183     0.510
376     182     0.510
513     176     0.510
209     100     0.510
376     277     0.509
376     272     0.509
493     5       0.509
365     337     0.509
515     303     0.509
500     183     0.508
112     99      0.508
340     273     0.508
314     113     0.508
333     316     0.508
330     272     0.508
517     336     0.508
416     336     0.508
357     333     0.508
210     100     0.508
299     286     0.507
517     31      0.507
313     271     0.507
208     102     0.507
114     76      0.507
362     324     0.507
357     211     0.507
317     210     0.507
100     32      0.506
206     33      0.506
315     204     0.506
329     270     0.506
206     105     0.506
356     310     0.506
313     274     0.506
342     272     0.506
351     205     0.505
492     333     0.505