Prediction Made with CORNET:
a Neural Network based method trained using Correlated Mutations,
Sequence Conservation, Predicted Secondary structure of Proteins and
Evolutionary Information.
Authors Fariselli Piero, Olmea Osvaldo, Valencia Alfonso, Rita Casadio.
This method is an extension of the two following methods

Olmea O. and Valencia A. (1997) Fold. Des. 2: S25-32.

Fariselli P and Casadio R. (1999) Prot. Engng 12:15-21

#================================================================#

PREDICTION

Couple          Reliability
i       j
333     325     0.947
323     229     0.944
362     161     0.939
129     6       0.937
311     256     0.935
298     258     0.934
303     220     0.928
303     228     0.927
258     161     0.925
324     222     0.924
331     226     0.922
256     159     0.922
303     224     0.922
303     258     0.921
324     256     0.921
323     258     0.919
333     226     0.918
256     17      0.918
256     222     0.917
303     52      0.917
114     53      0.917
303     53      0.916
333     303     0.915
333     257     0.915
312     258     0.914
333     159     0.913
239     161     0.913
333     161     0.913
324     52      0.912
258     52      0.911
324     258     0.911
324     90      0.910
229     52      0.910
314     229     0.909
328     161     0.908
258     159     0.908
323     303     0.907
311     18      0.907
300     226     0.907
311     229     0.907
368     258     0.906
333     324     0.906
324     113     0.906
113     52      0.905
113     90      0.905
328     312     0.904
257     222     0.904
325     258     0.903
333     258     0.903
311     258     0.902
323     161     0.901
323     159     0.901
298     8       0.900
220     114     0.899
362     182     0.899
300     161     0.898
303     116     0.898
303     222     0.898
362     324     0.897
222     90      0.896
220     53      0.895
333     51      0.895
226     114     0.894
303     257     0.894
325     114     0.894
333     65      0.894
333     52      0.894
324     312     0.893
300     52      0.893
222     52      0.893
303     114     0.893
331     161     0.892
323     222     0.892
300     257     0.892
331     179     0.892
258     18      0.890
256     161     0.890
333     242     0.890
324     303     0.889
303     256     0.889
333     222     0.889
329     258     0.889
323     90      0.889
303     18      0.888
328     18      0.888
303     127     0.888
257     52      0.888
331     312     0.888
114     52      0.887
362     159     0.887
312     52      0.887
257     159     0.887
323     312     0.887
312     161     0.886
333     311     0.886
303     51      0.886
303     229     0.886
257     223     0.886
325     229     0.885
323     256     0.885
323     114     0.885
303     119     0.885
114     25      0.884
256     90      0.884
275     258     0.884
128     110     0.883
257     90      0.883
256     51      0.883
368     159     0.883
389     6       0.882
333     220     0.882
324     229     0.882
303     25      0.881
323     257     0.881
128     91      0.881
223     114     0.881
301     222     0.880
229     53      0.880
303     90      0.880
311     17      0.880
314     18      0.879
97      52      0.879
314     161     0.879
116     52      0.879
222     114     0.879
331     314     0.879
228     220     0.879
324     159     0.878
314     277     0.877
301     226     0.877
222     53      0.876
362     312     0.876
333     256     0.876
258     182     0.876
228     52      0.876
52      25      0.876
298     159     0.876
389     325     0.876
257     229     0.875
300     224     0.875
337     23      0.875
298     6       0.874
324     223     0.874
389     83      0.874
333     119     0.874
366     229     0.874
324     257     0.874
257     113     0.874
113     6       0.873
258     65      0.873
334     226     0.873
323     52      0.873
181     159     0.872
182     161     0.872
229     18      0.872
325     222     0.872
303     159     0.870
323     277     0.870
311     159     0.870
331     242     0.869
312     18      0.869
362     160     0.869
129     92      0.868
220     23      0.868
331     246     0.868
90      52      0.868
312     229     0.868
303     242     0.868
333     323     0.867
222     113     0.867
324     53      0.867
221     110     0.867
362     257     0.867
256     223     0.867
309     161     0.866
362     303     0.866
334     325     0.866
52      18      0.866
311     182     0.866
363     325     0.865
389     324     0.865
362     323     0.865
303     113     0.865
328     229     0.865
324     181     0.865
223     116     0.865
362     256     0.865
367     312     0.865
160     18      0.865
303     227     0.865
258     114     0.865
257     53      0.865
108     22      0.865
333     160     0.865
368     114     0.865
389     312     0.864
301     257     0.864
220     52      0.864
328     256     0.864
323     226     0.863
389     264     0.863
257     220     0.863
256     160     0.863
367     256     0.863
223     52      0.863
333     228     0.862
311     277     0.862
182     159     0.862
368     53      0.862
159     52      0.862
229     220     0.862
97      90      0.861
256     18      0.861
323     311     0.861
228     161     0.861
334     300     0.861
363     161     0.861
129     53      0.861
366     225     0.861
325     159     0.860
229     161     0.860
362     258     0.860
311     52      0.860
368     333     0.860
324     97      0.860
333     53      0.860
303     129     0.859
258     222     0.859
325     303     0.859
323     182     0.859
325     53      0.858
114     90      0.858
389     309     0.858
239     220     0.858
331     65      0.858
331     303     0.857
221     91      0.857
331     258     0.857
113     23      0.857
363     159     0.857
325     256     0.857
331     18      0.857
230     54      0.857
363     323     0.857
311     303     0.857
389     378     0.856
368     324     0.856
223     25      0.856
97      53      0.856
337     6       0.856
333     272     0.855
119     53      0.855
324     220     0.855
258     129     0.855
362     18      0.855
129     90      0.855
324     18      0.855
300     222     0.854
314     258     0.854
368     119     0.854
325     52      0.854
323     239     0.854
301     259     0.854
337     229     0.854
337     52      0.853
323     129     0.853
368     325     0.853
90      18      0.853
231     27      0.852
298     182     0.852
362     325     0.852
303     97      0.852
331     159     0.852
302     257     0.852
389     18      0.852
256     113     0.851
368     312     0.851
329     159     0.851
114     6       0.851
389     350     0.851
333     312     0.851
323     223     0.851
329     312     0.851
323     18      0.851
362     333     0.850
258     229     0.850
368     51      0.850
366     54      0.850
324     17      0.850
363     257     0.849
220     51      0.849
229     114     0.849
302     23      0.849
300     227     0.849
256     52      0.849
389     161     0.849
368     303     0.849
181     161     0.849
312     159     0.848
331     229     0.848
298     83      0.848
362     222     0.848
368     228     0.848
257     227     0.848
333     229     0.848
333     182     0.847
119     18      0.847
284     159     0.847
314     182     0.847
323     160     0.846
323     275     0.846
366     302     0.846
51      18      0.846
95      53      0.846
309     285     0.846
363     324     0.846
301     114     0.846
159     83      0.846
363     229     0.846
337     301     0.845
300     258     0.845
329     161     0.845
222     23      0.845
224     25      0.845
367     229     0.845
331     182     0.844
229     162     0.844
227     24      0.844
272     182     0.844
129     23      0.844
226     90      0.844
311     3       0.844
389     139     0.843
303     161     0.843
362     331     0.843
300     114     0.843
314     159     0.842
331     119     0.842
362     275     0.842
113     18      0.842
222     6       0.841
322     229     0.841
323     51      0.841
300     256     0.841
331     260     0.841
159     114     0.841
17      3       0.841
223     109     0.841
303     248     0.841
362     329     0.840
331     300     0.840
331     156     0.840
362     311     0.840
363     53      0.840
223     159     0.840
229     159     0.840
220     161     0.840
258     223     0.840
52      6       0.839
227     53      0.839
324     114     0.839
303     95      0.839
333     116     0.839
367     18      0.839
311     220     0.839
363     303     0.839
320     312     0.839
334     302     0.838
303     27      0.838
325     312     0.838
368     52      0.838
220     90      0.838
365     303     0.837
367     52      0.837
366     110     0.837
97      23      0.837
389     190     0.837
325     90      0.837
336     110     0.836
331     52      0.836
114     92      0.835
300     229     0.835
337     230     0.835
257     97      0.835
256     220     0.835
127     90      0.835
227     126     0.835
109     23      0.834
258     220     0.834
272     161     0.834
325     181     0.834
250     161     0.834
287     258     0.834
328     239     0.834
333     314     0.834
365     301     0.834
257     181     0.834
159     18      0.834
332     257     0.834
314     160     0.833
367     90      0.833
366     101     0.833
114     51      0.833
314     3       0.833
389     258     0.833
301     258     0.833
298     161     0.833
223     90      0.833
363     129     0.833
222     25      0.833
314     8       0.833
108     7       0.833
129     8       0.833
303     17      0.833
300     220     0.832
301     229     0.832
258     239     0.832
119     51      0.832
117     53      0.832
298     229     0.832
300     53      0.832
298     264     0.832
300     50      0.832
389     65      0.832
325     223     0.832
224     53      0.832
368     257     0.832
389     257     0.832
277     256     0.832
320     18      0.832
337     302     0.831
314     65      0.831
160     52      0.831
324     284     0.831
365     52      0.831
331     311     0.831
256     182     0.831
284     275     0.831
228     53      0.831
323     220     0.830
275     248     0.830
314     256     0.830
119     52      0.830
222     97      0.830
299     257     0.830
331     160     0.830
239     6       0.830
222     161     0.830
300     90      0.829
108     5       0.829
223     24      0.829
160     65      0.829
325     226     0.829
324     166     0.829
287     264     0.829
228     18      0.829
220     159     0.829
329     182     0.828
301     110     0.828
274     156     0.828
337     258     0.828
323     113     0.828
303     250     0.828
309     220     0.828
221     101     0.828
301     223     0.828
226     53      0.828
333     298     0.828
90      17      0.827
303     24      0.827
363     312     0.827
159     129     0.827
314     23      0.827
362     181     0.827
256     114     0.826
271     247     0.826
314     114     0.826
331     256     0.826
127     6       0.826
300     23      0.826
302     114     0.826
314     17      0.826
362     229     0.826
325     239     0.826
98      53      0.825
337     257     0.825
222     65      0.825
301     100     0.825
220     18      0.825
257     162     0.825
323     291     0.825
129     109     0.825
333     300     0.825
122     110     0.825
337     51      0.825
367     220     0.825
312     17      0.825
366     301     0.824
311     161     0.824
323     300     0.824
23      6       0.824
331     272     0.824
314     179     0.824
368     331     0.824
239     159     0.824
275     18      0.824
260     161     0.824
334     222     0.824
224     114     0.824
362     246     0.823
368     161     0.823
243     161     0.823
256     190     0.823
287     159     0.823
366     335     0.823
287     83      0.823
325     246     0.823
328     159     0.823
114     97      0.823
324     239     0.823
362     65      0.823
220     119     0.823
311     257     0.822
303     287     0.822
325     161     0.822
324     224     0.822
323     314     0.822
299     227     0.822
365     27      0.822
367     258     0.822
221     54      0.822
363     114     0.822
116     97      0.822
113     51      0.821
334     229     0.821
223     113     0.821
331     324     0.821
331     257     0.821
239     90      0.821
331     275     0.821
364     54      0.821
389     239     0.820
324     51      0.820
129     83      0.820
337     53      0.820
298     243     0.820
365     229     0.820
366     108     0.820
224     90      0.820
302     227     0.820
368     242     0.820
323     17      0.820
257     114     0.820
229     65      0.820
362     314     0.820
227     115     0.820
367     303     0.819
337     300     0.819
311     160     0.819
324     161     0.819
320     161     0.819
227     116     0.819
312     303     0.819
329     239     0.819
368     314     0.819
329     162     0.818
257     18      0.818
337     312     0.818
312     160     0.818
389     74      0.818
368     256     0.818
53      18      0.818
335     227     0.817
368     229     0.817
229     222     0.817
298     239     0.817
230     52      0.817
363     239     0.817
223     181     0.817
333     246     0.817
389     23      0.817
256     239     0.816
239     8       0.816
50      18      0.816
161     83      0.816
364     301     0.816
227     52      0.816
108     91      0.815
257     243     0.815
333     244     0.815
366     99      0.815
324     54      0.815
324     311     0.815
298     171     0.815
303     100     0.814
367     222     0.814
229     116     0.814
302     54      0.814
314     119     0.814
256     229     0.814
222     160     0.814
368     18      0.814
302     223     0.814
303     50      0.814
116     90      0.814
324     128     0.814
302     52      0.814
302     229     0.814
239     160     0.814
300     223     0.814
333     158     0.813
303     3       0.813
287     139     0.813
368     323     0.813
325     257     0.813
119     23      0.813
223     127     0.813
220     6       0.813
367     311     0.813
223     51      0.812
324     182     0.812
310     259     0.812
303     158     0.812
323     224     0.812
303     115     0.812
367     333     0.812
337     114     0.812
367     323     0.812
256     226     0.812
303     223     0.812
53      23      0.812
362     52      0.812
258     160     0.811
323     301     0.811
366     227     0.811
368     311     0.811
258     162     0.811
329     257     0.811
223     161     0.811
368     239     0.811
329     18      0.811
324     115     0.811
332     229     0.811
389     329     0.811
219     114     0.811
323     23      0.811
363     258     0.811
311     231     0.810
161     18      0.810
331     114     0.810
365     161     0.810
333     25      0.810
223     112     0.810
362     83      0.810
328     52      0.810
325     179     0.810
337     228     0.810
330     257     0.810
337     159     0.810
246     65      0.810
90      27      0.809
324     6       0.809
284     182     0.809
312     257     0.809
95      51      0.809
324     227     0.809
389     368     0.808
112     101     0.808
302     221     0.808
241     6       0.808
323     272     0.808
364     227     0.808
228     65      0.808
328     162     0.808
312     220     0.808
301     22      0.808
239     114     0.808
323     285     0.807
311     284     0.807
222     116     0.807
97      18      0.807
301     90      0.807
108     24      0.807
311     51      0.807
129     52      0.807
181     160     0.807
333     50      0.807
314     275     0.807
114     18      0.807
333     18      0.807
226     52      0.807
323     246     0.807
303     65      0.807
226     23      0.807
116     25      0.806
367     113     0.806
159     3       0.806
220     25      0.806
363     90      0.806
223     53      0.806
329     263     0.806
220     160     0.806
250     239     0.806
324     246     0.806
229     90      0.806
98      25      0.806
328     258     0.806
303     239     0.806
300     246     0.806
52      17      0.805
222     83      0.805
363     181     0.805
325     242     0.805
337     220     0.805
301     225     0.805
123     53      0.805
115     26      0.805
275     163     0.805
333     224     0.805
323     54      0.805
329     179     0.805
302     226     0.804
220     50      0.804
312     51      0.804
362     300     0.804
333     223     0.804
363     52      0.804
312     222     0.804
159     65      0.804
302     225     0.804
314     52      0.804
334     53      0.804
270     161     0.804
309     52      0.804
228     159     0.804
389     250     0.803
159     17      0.803
287     171     0.803
331     50      0.803
119     3       0.803
309     182     0.802
116     53      0.802
334     223     0.802
334     220     0.802
314     260     0.802
314     301     0.802
257     239     0.802
335     54      0.802
363     223     0.802
116     51      0.802
299     162     0.802
257     17      0.802
324     160     0.802
389     328     0.802
225     115     0.801
363     256     0.801
256     162     0.801
128     22      0.801
311     90      0.801
298     162     0.801
113     83      0.801
365     222     0.801
129     111     0.800
362     272     0.800
324     299     0.800
100     53      0.800
338     23      0.800
112     91      0.800
97      6       0.800
224     97      0.800
331     222     0.800
258     53      0.799
333     114     0.799
113     97      0.799
311     275     0.799
325     23      0.799
223     97      0.799
366     111     0.799
226     179     0.799
323     25      0.799
302     128     0.799
128     7       0.799