Prediction Made with CORNET:
a Neural Network based method trained using Correlated Mutations,
Sequence Conservation, Predicted Secondary structure of Proteins and
Evolutionary Information.
Authors Fariselli Piero, Olmea Osvaldo, Valencia Alfonso, Rita Casadio.
This method is an extension of the two following methods

Olmea O. and Valencia A. (1997) Fold. Des. 2: S25-32.

Fariselli P and Casadio R. (1999) Prot. Engng 12:15-21

#================================================================#

PREDICTION

Couple          Reliability
i       j
315     273     0.840
316     211     0.813
420     316     0.811
313     209     0.810
339     266     0.798
324     273     0.790
316     209     0.787
316     273     0.785
418     100     0.783
313     211     0.783
315     35      0.779
313     205     0.777
315     90      0.777
337     261     0.774
419     316     0.769
337     269     0.768
316     205     0.767
459     205     0.766
315     205     0.766
420     90      0.763
421     90      0.762
313     37      0.759
273     266     0.759
420     209     0.757
339     284     0.756
339     269     0.754
336     269     0.754
315     210     0.752
205     99      0.751
312     210     0.750
420     38      0.750
313     90      0.749
315     37      0.749
312     211     0.747
99      90      0.746
316     90      0.744
106     37      0.744
459     103     0.742
315     209     0.741
90      28      0.740
103     90      0.739
421     316     0.738
420     313     0.738
313     35      0.738
420     315     0.736
517     286     0.735
315     211     0.734
420     119     0.734
339     286     0.733
420     102     0.733
312     209     0.732
314     209     0.732
420     103     0.732
420     120     0.728
316     103     0.728
209     103     0.728
312     205     0.727
420     312     0.727
339     277     0.727
315     89      0.726
206     107     0.725
313     273     0.725
315     106     0.725
459     35      0.725
421     315     0.722
421     89      0.721
119     103     0.720
209     37      0.719
459     118     0.719
99      39      0.719
418     121     0.718
119     90      0.717
313     103     0.717
315     102     0.716
106     35      0.716
315     103     0.715
459     420     0.715
420     35      0.714
313     207     0.714
284     182     0.712
101     90      0.712
341     273     0.712
420     314     0.711
313     210     0.711
315     261     0.710
459     90      0.710
205     35      0.710
421     119     0.709
461     90      0.708
119     99      0.708
209     106     0.707
420     36      0.706
461     103     0.705
316     28      0.705
106     90      0.703
205     106     0.702
418     206     0.700
210     37      0.700
103     35      0.699
519     261     0.699
102     35      0.699
459     316     0.699
314     205     0.699
119     37      0.698
118     39      0.698
419     35      0.698
459     37      0.698
107     100     0.698
420     28      0.697
459     99      0.697
421     313     0.696
89      39      0.696
118     37      0.696
261     182     0.696
315     99      0.695
458     39      0.695
416     315     0.695
316     39      0.695
420     89      0.695
102     38      0.694
459     119     0.694
312     39      0.694
118     35      0.692
459     273     0.692
118     99      0.692
39      27      0.691
314     106     0.690
339     272     0.690
460     420     0.690
459     315     0.689
418     36      0.689
420     37      0.689
209     118     0.689
416     312     0.689
420     118     0.689
324     310     0.689
315     208     0.688
118     89      0.688
459     210     0.687
315     118     0.687
315     207     0.687
341     272     0.687
89      37      0.687
339     331     0.686
314     35      0.686
106     28      0.685
341     269     0.685
284     261     0.684
209     90      0.684
461     315     0.683
315     119     0.683
347     269     0.683
314     36      0.683
417     316     0.682
313     34      0.682
459     211     0.681
118     90      0.681
312     208     0.681
205     39      0.681
420     105     0.681
314     37      0.680
459     286     0.680
205     37      0.679
313     206     0.679
459     313     0.679
459     38      0.679
517     175     0.678
421     39      0.678
460     316     0.678
459     314     0.678
459     106     0.677
420     210     0.677
313     28      0.677
521     284     0.675
419     37      0.675
210     35      0.675
312     28      0.675
420     106     0.675
120     106     0.674
313     208     0.674
119     28      0.674
120     99      0.673
417     119     0.672
90      39      0.672
103     36      0.672
90      35      0.672
205     90      0.671
421     37      0.671
314     38      0.670
209     35      0.670
324     211     0.670
119     101     0.670
461     421     0.670
284     234     0.669
105     36      0.669
517     362     0.669
313     106     0.669
419     273     0.668
416     211     0.668
90      37      0.668
362     337     0.668
314     103     0.668
458     103     0.668
459     421     0.668
459     102     0.668
461     28      0.668
324     261     0.668
523     337     0.667
312     37      0.667
460     38      0.667
313     33      0.667
211     99      0.666
421     208     0.666
337     275     0.666
99      37      0.666
461     99      0.666
419     315     0.666
519     284     0.666
210     99      0.666
460     91      0.666
460     102     0.665
314     211     0.665
315     28      0.665
339     182     0.665
420     101     0.665
99      89      0.664
420     99      0.664
273     261     0.664
421     118     0.664
314     206     0.663
313     38      0.662
316     118     0.662
210     119     0.662
205     118     0.661
316     206     0.661
314     273     0.661
459     120     0.661
103     37      0.661
342     210     0.661
315     39      0.660
121     107     0.660
315     104     0.660
315     34      0.660
120     90      0.659
120     35      0.659
461     118     0.659
421     209     0.659
206     90      0.658
417     28      0.658
313     104     0.658
461     273     0.657
205     28      0.657
421     261     0.657
119     35      0.657
341     211     0.657
107     36      0.657
313     102     0.657
420     104     0.657
420     39      0.657
316     261     0.657
341     284     0.657
269     261     0.656
314     118     0.656
313     270     0.656
210     103     0.656
419     101     0.656
313     99      0.656
119     39      0.655
416     39      0.655
460     312     0.655
102     37      0.654
104     37      0.654
324     266     0.654
341     205     0.654
421     99      0.653
211     118     0.653
458     118     0.653
417     313     0.653
421     28      0.653
420     211     0.653
316     119     0.653
104     35      0.653
100     38      0.652
37      28      0.652
272     261     0.652
335     266     0.652
419     103     0.652
103     38      0.652
459     312     0.651
517     183     0.651
421     269     0.651
120     38      0.651
211     28      0.651
209     38      0.651
459     39      0.651
119     106     0.651
314     39      0.651
35      28      0.650
339     312     0.650
104     90      0.650
284     269     0.649
120     102     0.649
460     418     0.649
315     38      0.648
101     35      0.648
336     275     0.648
461     205     0.648
312     273     0.648
310     261     0.648
339     273     0.647
310     273     0.647
119     38      0.647
419     102     0.647
312     270     0.647
417     103     0.647
211     90      0.647
208     37      0.646
105     33      0.646
421     210     0.646
39      28      0.646
419     90      0.645
316     35      0.645
517     324     0.645
316     106     0.645
458     420     0.645
269     182     0.645
419     38      0.645
419     205     0.645
107     90      0.645
324     284     0.645
100     36      0.645
316     37      0.645
460     119     0.644
341     312     0.644
339     332     0.644
521     337     0.644
106     34      0.644
118     103     0.644
119     102     0.644
460     314     0.644
347     261     0.644
208     102     0.644
417     39      0.643
324     272     0.643
523     183     0.643
337     284     0.642
416     272     0.642
421     205     0.642
314     34      0.642
458     119     0.642
99      35      0.642
421     103     0.641
419     99      0.641
461     211     0.641
421     120     0.641
313     118     0.640
461     420     0.640
89      35      0.640
460     120     0.640
347     333     0.640
284     272     0.640
315     120     0.640
459     104     0.640
210     38      0.640
416     316     0.639
458     316     0.639
458     312     0.639
460     209     0.638
120     103     0.638
461     88      0.638
284     219     0.638
316     99      0.638
102     90      0.638
118     34      0.637
339     257     0.637
284     273     0.637
102     28      0.637
120     89      0.637
461     312     0.637
461     316     0.637
315     105     0.637
315     206     0.637
106     36      0.637
312     103     0.636
284     211     0.636
314     89      0.636
362     269     0.636
119     104     0.635
418     102     0.635
208     32      0.635
333     284     0.635
314     90      0.635
315     36      0.635
417     120     0.635
384     284     0.635
459     28      0.635
313     275     0.635
421     211     0.634
209     101     0.634
206     104     0.634
342     211     0.634
105     90      0.634
104     36      0.634
211     103     0.634
419     104     0.633
324     269     0.633
517     261     0.633
460     210     0.633
420     208     0.633
341     316     0.632
420     91      0.632
210     34      0.632
310     270     0.632
420     341     0.631
460     36      0.631
517     234     0.631
101     37      0.631
99      28      0.631
209     36      0.631
316     210     0.631
315     101     0.631
460     100     0.630
339     238     0.630
316     38      0.630
211     39      0.630
461     209     0.630
461     313     0.630
316     271     0.630
458     315     0.630
284     257     0.630
419     120     0.630
313     261     0.629
209     39      0.629
458     313     0.629
419     118     0.628
417     101     0.628
347     324     0.628
120     39      0.628
119     34      0.628
118     28      0.628
517     284     0.628
316     89      0.627
104     38      0.627
336     284     0.627
284     266     0.627
420     205     0.627
104     28      0.626
210     91      0.626
103     28      0.626
312     99      0.626
312     274     0.626
458     209     0.626
337     324     0.626
275     261     0.626
204     98      0.626
119     36      0.626
332     261     0.626
314     119     0.625
284     238     0.625
211     119     0.625
316     207     0.624
313     269     0.624
337     266     0.624
458     38      0.624
312     38      0.624
310     269     0.624
119     89      0.624
205     89      0.624
460     34      0.624
459     416     0.624
210     120     0.624
312     89      0.623
449     261     0.623
458     35      0.623
90      36      0.623
324     316     0.623
312     90      0.622
416     119     0.622
517     11      0.622
416     89      0.621
118     38      0.621
460     118     0.621
314     28      0.621
459     284     0.621
417     89      0.621
120     100     0.621
314     101     0.621
341     261     0.621
335     284     0.621
105     38      0.620
459     89      0.620
261     234     0.620
461     416     0.620
91      37      0.620
314     210     0.620
312     272     0.620
341     37      0.619
459     272     0.619
314     207     0.619
272     183     0.619
105     35      0.619
209     102     0.618
459     101     0.618
324     270     0.618
421     284     0.618
311     211     0.618
459     419     0.618
421     38      0.618
341     270     0.618
89      38      0.617
420     27      0.617
337     260     0.617
99      91      0.616
341     332     0.616
418     105     0.616
458     28      0.616
101     34      0.616
459     342     0.616
316     284     0.615
286     219     0.615
314     99      0.615
461     119     0.615
103     89      0.615
316     36      0.615
205     38      0.615
418     103     0.615
205     119     0.615
362     286     0.614
206     36      0.614
314     105     0.614
102     34      0.614
106     99      0.614
313     120     0.614
315     270     0.613
210     90      0.613
284     270     0.613
421     273     0.613
210     89      0.613
460     105     0.613
107     35      0.613
517     272     0.613
461     39      0.613
417     37      0.612
313     101     0.612
118     27      0.612
420     273     0.612
416     90      0.611
458     90      0.611
418     37      0.611
284     275     0.610
458     211     0.609
421     341     0.609
460     103     0.609
419     272     0.609
461     342     0.609
210     118     0.609
103     39      0.609
334     272     0.609
261     254     0.609
324     275     0.608
209     119     0.608
272     265     0.608
91      38      0.608
313     36      0.608
521     261     0.608
206     89      0.608
421     314     0.607
120     37      0.607
460     313     0.607
92      35      0.607
209     33      0.607
332     284     0.607
459     27      0.606
119     107     0.606
315     33      0.606
261     238     0.606
102     36      0.606
100     91      0.606
420     207     0.606
347     339     0.605
422     121     0.605
449     324     0.605
211     89      0.605
339     261     0.605
313     119     0.605
336     261     0.605
418     314     0.605
313     107     0.604
122     99      0.604
210     100     0.604
421     102     0.604
376     273     0.604
418     38      0.604
416     118     0.603
123     98      0.603
207     103     0.603
107     32      0.603
273     211     0.603
312     102     0.603
458     314     0.603
284     183     0.602
460     211     0.602
350     211     0.602
460     98      0.602
208     39      0.602
324     183     0.602
315     91      0.602
419     119     0.602
421     336     0.601
205     27      0.601
205     107     0.601
210     39      0.601
517     337     0.600
419     314     0.600
356     211     0.600
121     89      0.600
121     99      0.600
315     286     0.600
420     33      0.599
316     33      0.599
461     35      0.599
339     299     0.599
517     273     0.598
273     182     0.598
100     89      0.598
342     205     0.598
211     35      0.598
120     27      0.597
106     33      0.597
339     211     0.597
459     208     0.597
343     205     0.597
101     89      0.597
460     39      0.597
417     261     0.597
461     40      0.596
459     91      0.596
417     205     0.596
384     275     0.596
421     106     0.596
458     102     0.596
205     103     0.595
118     106     0.595
418     34      0.595
460     315     0.595
206     99      0.595
420     261     0.595
314     102     0.595
210     102     0.595
416     341     0.595
310     272     0.594
121     90      0.594
106     38      0.594
210     28      0.594
315     107     0.594
460     33      0.594
284     250     0.594
335     183     0.594
342     273     0.594
339     171     0.593
209     89      0.593
460     207     0.593
91      35      0.593
313     30      0.593
422     32      0.593
460     205     0.593
206     28      0.593
104     89      0.593
207     105     0.592
100     33      0.592
314     208     0.592
108     89      0.592
416     210     0.592
339     260     0.592
316     208     0.592
362     336     0.592
312     35      0.592
122     108     0.591
208     119     0.591
206     37      0.591
284     277     0.591
38      28      0.591
419     209     0.590
343     273     0.590
206     39      0.590
458     37      0.590
310     276     0.590
419     106     0.589
273     234     0.589
103     34      0.589
351     312     0.589
356     312     0.589
316     270     0.589
275     211     0.589
209     27      0.588
209     28      0.588
458     34      0.588
416     37      0.588
36      28      0.588
89      36      0.588
332     266     0.588
418     35      0.588
206     35      0.588
107     28      0.588
118     33      0.587
357     205     0.587
329     269     0.587
418     106     0.587
106     39      0.587
356     347     0.587
356     269     0.587
314     100     0.587
205     182     0.587
311     272     0.587
357     182     0.587
417     312     0.587
461     419     0.586
210     101     0.586
206     106     0.586
261     219     0.586
519     269     0.586
461     38      0.586
312     118     0.586
312     206     0.586
462     211     0.585
208     90      0.585
356     337     0.585
517     334     0.585
312     119     0.585
206     103     0.585
209     104     0.585
121     98      0.585
273     205     0.585
312     36      0.585
273     238     0.584
519     337     0.584
315     269     0.584
333     270     0.584
313     91      0.584
461     286     0.584
211     36      0.584
211     37      0.584
343     211     0.584
118     102     0.583
517     260     0.583
273     250     0.583
339     275     0.583
461     210     0.583
420     98      0.582
99      27      0.582
417     209     0.582
460     89      0.582
102     89      0.582
272     205     0.582
336     286     0.582
416     313     0.582
420     284     0.582
313     32      0.581
39      31      0.581
458     272     0.581
461     89      0.581
418     119     0.581
517     266     0.581
90      33      0.580
339     264     0.580
119     27      0.580
107     34      0.580
90      38      0.580
314     104     0.580
347     332     0.580
342     313     0.580
354     333     0.579
211     38      0.579
317     204     0.579
107     33      0.579
384     182     0.579
521     286     0.579
420     32      0.578
356     336     0.578
316     102     0.578
417     99      0.578
324     267     0.578
286     266     0.578
312     269     0.578
461     117     0.578
316     269     0.578
337     286     0.578
332     273     0.578
462     98      0.577
461     120     0.577
286     234     0.577
208     99      0.577
460     37      0.577
313     27      0.577
209     99      0.577
312     204     0.577
210     105     0.577
105     37      0.577
416     342     0.577
335     269     0.577
211     120     0.577
208     106     0.577
384     316     0.576
313     89      0.576
350     333     0.576
314     91      0.576
419     312     0.576
270     182     0.576
341     324     0.576
461     417     0.576
266     182     0.576
315     27      0.576
324     179     0.575
205     102     0.575
417     90      0.575
336     234     0.575
417     106     0.575
89      28      0.575
420     269     0.575
341     275     0.575
286     261     0.574
416     209     0.574
269     260     0.574
284     178     0.574
460     35      0.574
211     106     0.574
347     270     0.574
89      27      0.574
324     296     0.574
459     341     0.574
284     175     0.573
421     337     0.573
98      32      0.573
312     207     0.573
209     34      0.572
460     341     0.572
362     332     0.572
102     33      0.572
350     316     0.572
460     121     0.572
205     120     0.572
100     35      0.572
422     206     0.572
458     89      0.572
324     286     0.572
310     266     0.571
421     104     0.571
99      38      0.571
418     104     0.571
107     37      0.571
384     337     0.571
209     120     0.571
459     33      0.571
119     33      0.571
460     101     0.571
316     105     0.571
418     32      0.571
207     102     0.571
316     100     0.571
350     312     0.570
118     36      0.570
416     273     0.570
419     207     0.570
269     211     0.570
460     32      0.570
460     90      0.570
356     339     0.570
517     342     0.570
421     35      0.570
334     269     0.569
458     416     0.569
210     106     0.569
460     99      0.569
420     272     0.569
336     272     0.569
517     336     0.569
457     312     0.568
460     107     0.568
459     100     0.568
417     34      0.568
90      27      0.567
416     28      0.567
269     175     0.567
284     260     0.567
342     315     0.567
261     211     0.566
102     27      0.566
333     286     0.566
384     234     0.566
339     219     0.566
333     272     0.566
266     257     0.565
420     107     0.565
324     205     0.565
101     39      0.565
333     273     0.565
272     182     0.565
417     210     0.565
211     27      0.565
205     108     0.565
460     28      0.565
458     120     0.565
206     91      0.564
419     39      0.564
518     324     0.564
317     205     0.564
205     34      0.564
101     36      0.564
266     254     0.563
93      29      0.563
313     272     0.563
416     99      0.563
357     284     0.563
416     205     0.563
458     91      0.563
315     272     0.563
332     286     0.563
462     28      0.563
265     183     0.562
418     274     0.562
386     339     0.562
209     105     0.562
313     182     0.562
284     254     0.562
420     100     0.562
99      31      0.562
39      32      0.562
102     39      0.562
313     284     0.562
461     37      0.562
205     101     0.562
347     211     0.561
362     284     0.561
35      27      0.561
317     99      0.561
416     35      0.561
342     209     0.561
449     269     0.561
449     357     0.561
206     34      0.561
315     31      0.561
332     182     0.561
347     284     0.561
418     316     0.560
208     103     0.560
107     99      0.560
420     340     0.560
419     89      0.560
521     269     0.560
458     418     0.560
120     33      0.560
420     336     0.560
117     90      0.560
324     238     0.560
428     211     0.560
315     284     0.560
460     417     0.560
92      38      0.560
417     38      0.559
356     316     0.559
341     210     0.559
347     337     0.559
122     30      0.559
459     418     0.558
458     341     0.558
350     341     0.558
209     100     0.558
342     312     0.558
416     38      0.558
458     100     0.558
105     34      0.557
356     274     0.557
205     104     0.557
459     209     0.557
422     100     0.557
332     324     0.557
279     272     0.557
329     272     0.556
338     272     0.556
517     333     0.556
459     92      0.556
339     183     0.556
417     35      0.556
286     182     0.556
356     273     0.556
270     211     0.555
416     208     0.555
89      34      0.555
117     89      0.555
313     286     0.555
459     417     0.555
459     34      0.555
269     233     0.555
341     333     0.555
337     175     0.555
261     205     0.555
420     34      0.554
315     100     0.554
206     101     0.554
100     34      0.554
338     183     0.554
316     104     0.554
314     121     0.554
107     89      0.554
462     118     0.554
341     39      0.554
459     40      0.553
386     284     0.553
417     315     0.553
335     234     0.553
284     240     0.553
211     102     0.553
421     27      0.553
419     313     0.553
419     210     0.552
315     92      0.552
207     37      0.552
284     171     0.552
458     27      0.552
521     336     0.551
204     30      0.551
343     204     0.551
312     101     0.551
357     337     0.551
117     99      0.551
460     421     0.551
338     269     0.551
460     106     0.551
313     39      0.551
284     170     0.551
206     119     0.550
120     104     0.550
316     120     0.550
332     269     0.550
316     272     0.550
458     32      0.550
429     121     0.550
341     266     0.549
450     324     0.549
261     176     0.549
312     261     0.549
461     121     0.549
210     107     0.549
207     90      0.549
418     120     0.549
277     266     0.549
205     88      0.549
261     183     0.548