Prediction Made with CORNET:
a Neural Network based method trained using Correlated Mutations,
Sequence Conservation, Predicted Secondary structure of Proteins and
Evolutionary Information.
Authors Fariselli Piero, Olmea Osvaldo, Valencia Alfonso, Rita Casadio.
This method is an extension of the two following methods

Olmea O. and Valencia A. (1997) Fold. Des. 2: S25-32.

Fariselli P and Casadio R. (1999) Prot. Engng 12:15-21

#================================================================#

PREDICTION

Couple          Reliability
i       j
315     273     0.860
316     273     0.850
316     211     0.838
316     209     0.811
316     104     0.809
205     104     0.805
313     209     0.805
205     97      0.803
209     104     0.802
273     266     0.796
315     99      0.791
339     266     0.791
315     35      0.789
316     205     0.788
313     211     0.783
324     273     0.780
313     205     0.776
416     272     0.776
312     99      0.773
209     101     0.772
312     211     0.771
314     104     0.770
315     104     0.768
315     205     0.768
313     273     0.763
315     101     0.760
316     117     0.760
315     37      0.760
315     210     0.759
313     104     0.757
312     210     0.755
313     101     0.754
420     88      0.754
315     100     0.753
315     102     0.751
341     273     0.751
313     99      0.751
339     269     0.748
312     209     0.747
315     97      0.747
314     209     0.746
316     101     0.746
420     312     0.745
312     205     0.745
336     275     0.745
336     269     0.745
420     316     0.743
97      88      0.742
104     35      0.742
313     37      0.741
316     99      0.741
312     101     0.740
316     271     0.740
314     99      0.739
315     88      0.737
315     209     0.737
209     99      0.736
312     273     0.736
314     273     0.735
417     272     0.734
315     211     0.733
316     116     0.731
205     116     0.730
420     28      0.730
208     100     0.729
209     102     0.728
205     99      0.728
339     272     0.726
104     37      0.726
210     99      0.725
316     39      0.725
273     211     0.725
315     261     0.724
314     101     0.724
99      88      0.724
313     97      0.723
313     102     0.723
209     116     0.722
211     97      0.721
209     37      0.721
420     114     0.721
316     131     0.721
339     277     0.720
315     39      0.720
341     272     0.720
313     116     0.719
316     88      0.719
339     284     0.718
210     98      0.717
337     261     0.717
315     103     0.716
312     39      0.716
273     104     0.715
316     102     0.714
314     205     0.714
315     98      0.714
210     103     0.713
313     100     0.712
312     116     0.712
339     312     0.711
420     336     0.711
115     97      0.711
419     88      0.711
105     98      0.710
205     102     0.710
417     316     0.709
97      39      0.709
210     37      0.708
420     273     0.708
314     98      0.708
116     101     0.708
315     116     0.707
101     35      0.707
420     261     0.706
205     35      0.706
312     102     0.705
314     35      0.703
314     37      0.703
205     117     0.702
417     37      0.702
102     37      0.700
316     114     0.700
337     269     0.700
211     117     0.700
316     261     0.699
209     98      0.698
313     207     0.698
313     35      0.697
116     102     0.696
312     270     0.695
418     103     0.695
210     115     0.694
417     315     0.694
419     313     0.694
98      36      0.693
314     39      0.693
117     101     0.693
210     97      0.693
312     274     0.693
417     99      0.692
211     101     0.692
316     98      0.691
314     97      0.691
99      35      0.691
418     272     0.691
211     116     0.691
312     272     0.690
313     210     0.690
117     99      0.690
205     37      0.690
272     97      0.690
209     117     0.689
98      38      0.689
273     261     0.688
269     131     0.688
315     118     0.688
207     101     0.688
116     39      0.688
420     315     0.687
273     205     0.686
313     88      0.686
316     28      0.686
206     105     0.686
116     37      0.686
315     38      0.686
315     207     0.686
209     100     0.685
204     96      0.685
420     269     0.685
88      28      0.685
312     100     0.685
312     208     0.685
313     98      0.684
341     312     0.684
313     117     0.684
420     39      0.683
206     102     0.682
312     104     0.682
312     97      0.682
104     88      0.680
102     35      0.680
205     39      0.680
117     97      0.680
314     211     0.679
313     105     0.679
210     35      0.679
103     36      0.679
339     286     0.679
101     37      0.679
210     101     0.679
99      37      0.679
315     34      0.678
315     208     0.678
316     206     0.678
314     36      0.678
211     99      0.678
119     96      0.678
205     131     0.677
314     102     0.677
420     313     0.677
417     273     0.677
205     105     0.676
118     104     0.676
209     35      0.675
316     97      0.674
347     269     0.674
313     34      0.674
314     103     0.674
206     101     0.674
315     28      0.673
116     97      0.673
210     104     0.673
419     272     0.673
314     38      0.672
314     206     0.672
313     33      0.672
417     35      0.672
336     284     0.672
100     38      0.671
312     37      0.671
420     271     0.670
314     116     0.670
205     88      0.670
417     269     0.670
313     270     0.670
261     182     0.670
523     272     0.669
419     315     0.669
211     114     0.669
205     101     0.669
341     316     0.668
418     313     0.668
117     102     0.667
310     273     0.667
313     118     0.666
419     205     0.666
316     270     0.665
316     37      0.665
417     206     0.665
419     99      0.664
115     88      0.664
339     182     0.664
313     206     0.664
420     272     0.664
315     115     0.663
419     269     0.663
339     273     0.663
316     272     0.663
313     275     0.663
211     88      0.663
417     39      0.662
116     88      0.662
101     88      0.662
417     34      0.662
341     269     0.662
101     36      0.662
417     211     0.662
312     118     0.661
420     97      0.660
116     98      0.659
311     272     0.659
310     270     0.659
209     97      0.659
39      28      0.658
37      28      0.658
117     105     0.658
316     100     0.658
416     115     0.658
104     33      0.657
211     102     0.657
101     38      0.657
316     35      0.657
118     97      0.657
418     312     0.657
205     115     0.657
206     117     0.657
88      39      0.656
315     206     0.656
269     182     0.656
100     35      0.656
419     28      0.655
419     312     0.655
336     286     0.655
116     35      0.654
316     115     0.654
341     205     0.654
102     36      0.653
272     261     0.653
417     270     0.653
310     261     0.652
116     104     0.652
316     103     0.652
104     34      0.652
211     104     0.652
384     284     0.652
420     332     0.651
314     117     0.651
314     100     0.651
341     211     0.651
115     103     0.651
418     316     0.650
313     115     0.650
273     131     0.650
315     270     0.650
272     205     0.650
205     147     0.650
312     28      0.650
313     208     0.650
418     33      0.649
205     28      0.649
273     182     0.649
312     98      0.648
105     36      0.648
315     272     0.648
418     35      0.648
99      39      0.648
324     131     0.647
420     37      0.647
419     117     0.647
207     104     0.647
210     118     0.646
313     38      0.646
207     98      0.646
105     97      0.646
210     34      0.646
316     210     0.646
206     116     0.646
342     210     0.645
343     273     0.645
269     261     0.645
207     99      0.645
211     39      0.645
210     100     0.645
104     36      0.644
314     34      0.644
104     28      0.644
312     119     0.643
269     73      0.643
275     211     0.642
117     98      0.642
417     205     0.642
208     37      0.642
316     207     0.642
211     115     0.642
310     272     0.641
312     117     0.641
418     315     0.641
211     131     0.641
115     98      0.641
103     35      0.641
211     28      0.640
210     102     0.640
102     28      0.640
208     115     0.640
316     38      0.640
209     131     0.639
272     131     0.639
207     102     0.639
310     131     0.639
339     331     0.639
315     36      0.639
313     147     0.638
313     28      0.638
105     39      0.637
114     97      0.637
273     233     0.637
103     32      0.637
316     284     0.637
100     37      0.636
420     339     0.636
312     88      0.635
206     99      0.635
272     183     0.635
284     182     0.635
115     39      0.635
310     269     0.635
324     211     0.635
419     211     0.634
207     100     0.634
420     341     0.634
315     117     0.634
117     37      0.634
418     98      0.634
341     270     0.634
208     99      0.634
420     211     0.634
339     257     0.633
208     104     0.633
105     28      0.633
117     28      0.632
420     105     0.632
417     314     0.632
272     265     0.632
347     261     0.632
205     114     0.631
117     34      0.631
117     39      0.631
103     33      0.631
209     103     0.631
209     36      0.631
116     105     0.630
420     35      0.630
209     38      0.629
314     207     0.628
347     324     0.628
324     272     0.628
205     98      0.628
205     100     0.628
102     39      0.628
336     211     0.628
314     210     0.627
314     271     0.627
209     39      0.627
523     261     0.627
210     38      0.627
419     34      0.627
272     211     0.626
98      35      0.626
324     310     0.626
274     96      0.626
317     97      0.626
98      33      0.625
208     32      0.625
97      35      0.625
208     98      0.625
39      27      0.625
316     275     0.625
337     275     0.625
115     101     0.625
419     97      0.625
117     100     0.625
384     275     0.624
418     36      0.624
115     104     0.624
207     103     0.624
106     97      0.624
35      28      0.624
417     312     0.624
384     337     0.624
210     39      0.624
97      28      0.623
417     105     0.623
116     38      0.622
97      37      0.622
105     34      0.622
102     38      0.622
118     88      0.621
105     37      0.621
206     97      0.621
419     314     0.621
211     118     0.620
523     336     0.620
103     38      0.620
342     273     0.620
341     284     0.619
356     312     0.619
310     97      0.619
114     88      0.619
210     117     0.619
99      34      0.619
207     115     0.619
342     211     0.619
208     102     0.618
316     118     0.618
418     115     0.618
419     316     0.618
339     332     0.618
98      89      0.618
209     88      0.618
207     116     0.617
314     28      0.617
116     99      0.616
419     87      0.616
115     99      0.616
417     116     0.616
336     324     0.616
419     37      0.615
420     116     0.615
417     97      0.615
316     33      0.615
517     420     0.614
351     312     0.614
272     96      0.614
272     118     0.614
100     36      0.614
311     211     0.614
312     275     0.614
104     97      0.613
339     275     0.613
204     97      0.613
316     36      0.613
205     38      0.613
418     210     0.612
420     205     0.612
209     33      0.612
324     316     0.612
117     88      0.612
324     147     0.611
312     105     0.611
273     116     0.611
208     39      0.611
210     88      0.611
414     272     0.611
316     269     0.611
211     147     0.610
116     33      0.610
119     105     0.610
272     209     0.610
284     261     0.610
210     116     0.610
313     103     0.609
341     117     0.609
419     273     0.609
104     39      0.608
336     261     0.608
420     99      0.608
312     115     0.608
314     272     0.608
343     205     0.607
101     33      0.607
116     100     0.607
350     312     0.607
419     35      0.607
347     339     0.606
324     261     0.606
206     36      0.606
312     38      0.606
270     211     0.606
316     208     0.606
115     105     0.605
211     37      0.605
275     261     0.605
415     272     0.605
313     131     0.605
312     35      0.605
117     104     0.604
419     101     0.604
420     27      0.604
152     88      0.604
418     207     0.604
104     38      0.604
339     261     0.604
417     271     0.603
206     37      0.603
115     96      0.603
269     211     0.603
208     101     0.603
419     104     0.603
114     99      0.603
342     312     0.603
205     106     0.603
317     115     0.603
261     73      0.602
315     269     0.602
315     87      0.602
118     99      0.602
341     37      0.602
313     269     0.601
261     254     0.601
420     101     0.601
341     104     0.601
105     88      0.601
420     270     0.601
347     270     0.601
419     209     0.601
207     117     0.601
416     89      0.601
273     97      0.600
519     311     0.600
347     312     0.600
269     229     0.600
416     312     0.600
341     275     0.600
315     33      0.599
339     211     0.599
350     316     0.599
416     38      0.599
270     182     0.599
336     272     0.599
208     117     0.599
384     182     0.599
420     32      0.598
211     98      0.598
419     147     0.598
416     35      0.598
324     266     0.597
417     117     0.597
339     171     0.597
39      31      0.597
420     34      0.597
314     208     0.596
209     105     0.596
315     105     0.596
269     233     0.596
117     35      0.596
332     284     0.596
316     277     0.595
312     204     0.595
317     204     0.595
316     119     0.595
273     170     0.595
313     272     0.595
341     261     0.595
315     271     0.594
335     266     0.594
343     211     0.594
116     34      0.594
416     205     0.594
419     102     0.594
417     209     0.594
421     312     0.594
415     269     0.594
339     271     0.594
324     97      0.594
417     28      0.593
312     36      0.593
416     315     0.593
376     273     0.592
105     35      0.592
116     103     0.592
517     341     0.592
420     350     0.592
206     114     0.592
273     209     0.592
206     104     0.592
206     39      0.592
316     147     0.592
342     205     0.591
206     103     0.591
339     73      0.591
313     261     0.591
418     116     0.591
114     101     0.591
324     270     0.590
313     271     0.590
519     272     0.590
415     39      0.590
272     182     0.590
419     115     0.590
312     206     0.590
205     87      0.589
312     269     0.589
519     30      0.589
354     96      0.589
314     88      0.589
315     31      0.589
341     39      0.589
419     341     0.589
312     89      0.588
209     118     0.588
420     31      0.588
211     105     0.587
342     118     0.587
356     269     0.587
421     88      0.587
279     272     0.587
357     275     0.587
38      28      0.587
116     27      0.587
315     114     0.587
357     205     0.587
417     87      0.587
115     102     0.587
210     114     0.586
350     211     0.586
284     272     0.586
205     118     0.586
114     104     0.585
99      36      0.585
316     266     0.585
97      31      0.585
416     98      0.584
418     100     0.584
315     89      0.584
39      32      0.584
420     131     0.584
286     219     0.584
210     28      0.584
98      34      0.584
324     275     0.584
316     105     0.584
315     286     0.584
286     261     0.583
419     33      0.583
341     116     0.583
272     88      0.583
498     261     0.583
205     103     0.583
273     250     0.583
520     272     0.583
357     284     0.582
347     211     0.582
420     117     0.582
115     89      0.582
101     34      0.582
207     97      0.582
357     182     0.582
266     182     0.582
316     286     0.582
105     32      0.581
362     337     0.581
275     131     0.581
420     182     0.581
211     35      0.581
418     32      0.581
272     116     0.580
523     269     0.580
342     313     0.580
336     182     0.580
116     28      0.579
420     206     0.579
102     33      0.579
284     273     0.579
312     103     0.579
211     100     0.579
114     98      0.578
418     38      0.578
419     210     0.578
312     207     0.578
418     89      0.578
313     36      0.578
105     89      0.578
324     118     0.578
311     271     0.578
336     270     0.578
211     119     0.577
352     316     0.577
117     36      0.577
312     271     0.577
273     254     0.577
416     316     0.577
329     272     0.577
329     269     0.576
324     269     0.576
339     264     0.576
272     106     0.576
356     316     0.576
275     97      0.576
311     275     0.576
209     115     0.575
205     182     0.575
266     257     0.575
212     97      0.575
204     116     0.575
206     35      0.575
416     104     0.575
116     36      0.575
342     316     0.575
418     101     0.575
210     89      0.574
313     30      0.574
100     34      0.574
417     104     0.574
206     115     0.574
118     98      0.574
313     32      0.573
317     205     0.573
362     269     0.573
310     276     0.573
421     97      0.573
332     324     0.573
347     131     0.573
415     312     0.573
211     36      0.573
356     272     0.572
204     98      0.572
117     27      0.572
211     38      0.572
114     106     0.572
114     91      0.572
205     34      0.572
386     284     0.571
209     34      0.571
332     286     0.571
101     39      0.571
206     34      0.570
273     73      0.570
419     116     0.570
114     28      0.570
314     105     0.570
419     114     0.570
420     311     0.570
337     266     0.569
310     147     0.569
347     275     0.569
272     104     0.569
261     250     0.569
341     101     0.569
356     211     0.569
419     131     0.568
420     87      0.568
324     284     0.568
105     33      0.568
317     119     0.568
316     204     0.568
212     119     0.567
147     131     0.567
313     114     0.567
420     275     0.567
419     27      0.566
330     272     0.566
115     33      0.566
269     175     0.566
204     106     0.566
36      28      0.566
342     315     0.566
417     88      0.566
314     115     0.565
356     336     0.565
97      89      0.565
284     211     0.565
209     147     0.564
356     311     0.564
265     183     0.564
273     88      0.564
421     115     0.564
347     147     0.564
420     209     0.563
332     261     0.563
417     38      0.563
329     316     0.563
104     31      0.563
273     176     0.563
418     88      0.563
324     116     0.563
210     96      0.562
317     274     0.562
118     39      0.562
117     38      0.561
206     98      0.561
312     32      0.561
341     315     0.561
315     131     0.561
284     219     0.561
102     88      0.560
415     28      0.560
419     271     0.560
341     131     0.560
96      32      0.560
336     131     0.560
384     286     0.560
336     209     0.560
315     27      0.559
339     183     0.558
206     88      0.558
313     204     0.558
102     34      0.558
115     38      0.558
284     266     0.558
316     182     0.558
269     209     0.558
208     103     0.558
266     254     0.557
357     337     0.557
147     96      0.557
207     37      0.557
313     39      0.557
339     316     0.557
347     316     0.557
206     28      0.557
340     273     0.557
312     261     0.557
343     204     0.557
261     219     0.556
205     27      0.556
336     170     0.556
312     33      0.556
211     204     0.556
114     102     0.556
272     89      0.556
520     354     0.555
316     31      0.555
115     100     0.555
148     119     0.555
347     266     0.555
351     311     0.555
317     114     0.555
277     266     0.554
357     211     0.554
420     284     0.554
212     204     0.554
310     266     0.554
418     96      0.554
118     101     0.554
416     88      0.554
317     116     0.554
157     88      0.554
420     146     0.553
420     286     0.553
205     89      0.553
116     87      0.553
339     299     0.553
273     147     0.553
286     266     0.553
339     219     0.553
337     284     0.553
315     32      0.553
419     39      0.552
354     312     0.552
336     316     0.552
272     115     0.552
341     324     0.552
147     117     0.552
342     97      0.552
419     98      0.552
315     284     0.552
204     105     0.552
272     98      0.551
384     273     0.551
97      27      0.551
205     152     0.551
284     269     0.551
284     257     0.551
338     272     0.550
101     28      0.550
208     97      0.550
418     104     0.550
336     254     0.550
275     147     0.550
316     34      0.549
342     272     0.549
416     313     0.549
418     205     0.549
341     105     0.549
324     183     0.549
356     347     0.549
114     27      0.549
100     39      0.549
362     286     0.549
266     170     0.549
350     273     0.548
316     274     0.548
420     36      0.548
421     311     0.548
103     37      0.548
336     273     0.548
209     27      0.548
98      37      0.548
342     204     0.548
209     28      0.548
99      28      0.547
207     118     0.547
272     71      0.547
103     34      0.547
342     209     0.547
339     131     0.547
97      38      0.547
272     37      0.547
336     234     0.547
118     27      0.546
416     34      0.546
286     254     0.546
105     38      0.546
337     324     0.546
340     272     0.545
312     114     0.545
517     155     0.545
117     89      0.545
339     260     0.545
313     274     0.545
351     115     0.544
115     28      0.544
419     31      0.544
88      37      0.544
314     114     0.544
114     39      0.544
106     89      0.544
97      87      0.543
99      38      0.543
315     147     0.543
206     38      0.543
350     147     0.543
384     223     0.543
316     87      0.543
147     116     0.543
312     131     0.543
341     266     0.542
356     273     0.542
347     284     0.542
208     116     0.542
206     100     0.542
205     36      0.542
341     267     0.542
311     115     0.541
208     35      0.541
356     275     0.541
273     101     0.541
353     272     0.541
311     209     0.541
324     267     0.541
343     316     0.541
98      39      0.541
420     147     0.541
106     88      0.540
118     100     0.540
314     269     0.540
312     95      0.540
418     274     0.540
336     265     0.540
419     105     0.540
356     274     0.540
273     184     0.540
273     234     0.539
114     89      0.539
273     114     0.539
210     33      0.539
311     147     0.539
211     33      0.539
270     261     0.539
100     28      0.538
324     205     0.538
356     270     0.538
261     211     0.538
88      35      0.538
343     312     0.538
357     324     0.538
316     89      0.537
336     229     0.537
523     56      0.537
313     27      0.537
211     32      0.537
336     37      0.537
271     211     0.537
284     270     0.537
211     103     0.537
204     115     0.537
205     113     0.537
314     33      0.536
286     269     0.536
286     270     0.536
324     88      0.536
204     156     0.536
336     312     0.536
519     414     0.536
207     35      0.536
204     30      0.536
329     261     0.536
324     312     0.536
356     119     0.536
284     275     0.536
347     273     0.535
313     182     0.535
356     182     0.535
286     182     0.535
415     205     0.535
207     39      0.535
339     270     0.534
336     232     0.534
416     36      0.534
339     95      0.534