Prediction Made with CORNET:
a Neural Network based method trained using Correlated Mutations,
Sequence Conservation, Predicted Secondary structure of Proteins and
Evolutionary Information.
Authors Fariselli Piero, Olmea Osvaldo, Valencia Alfonso, Rita Casadio.
This method is an extension of the two following methods

Olmea O. and Valencia A. (1997) Fold. Des. 2: S25-32.

Fariselli P and Casadio R. (1999) Prot. Engng 12:15-21

#================================================================#

PREDICTION

Couple          Reliability
i       j
528     334     0.857
527     335     0.830
311     207     0.819
313     271     0.814
528     267     0.813
314     209     0.813
528     330     0.792
311     209     0.791
313     35      0.789
314     207     0.788
527     282     0.784
334     267     0.780
314     271     0.775
531     270     0.773
104     31      0.769
335     267     0.767
311     35      0.767
311     203     0.762
525     88      0.760
337     264     0.756
312     35      0.755
311     37      0.754
103     32      0.751
313     208     0.750
311     33      0.749
310     208     0.748
530     333     0.747
528     104     0.747
525     282     0.746
104     35      0.746
527     360     0.746
310     209     0.745
101     35      0.745
337     282     0.745
102     37      0.744
99      35      0.743
314     203     0.743
337     267     0.741
322     271     0.740
313     203     0.737
312     37      0.736
530     314     0.735
530     267     0.735
527     270     0.730
310     207     0.730
335     259     0.730
313     99      0.730
312     207     0.729
311     271     0.725
313     207     0.724
313     209     0.723
530     360     0.722
39      31      0.720
313     31      0.719
313     38      0.718
313     37      0.718
530     334     0.718
102     35      0.716
104     37      0.715
528     270     0.715
531     181     0.713
530     341     0.712
313     39      0.711
313     102     0.711
339     271     0.711
360     335     0.711
530     271     0.709
312     104     0.709
314     37      0.708
315     32      0.708
339     270     0.708
282     180     0.707
311     208     0.706
311     205     0.706
314     31      0.704
312     39      0.703
271     264     0.703
528     297     0.702
530     322     0.702
345     267     0.701
530     282     0.701
527     273     0.701
313     34      0.700
103     36      0.699
209     31      0.698
337     275     0.698
314     35      0.697
310     203     0.697
208     35      0.697
531     154     0.696
203     104     0.696
337     284     0.696
203     145     0.696
203     37      0.696
310     39      0.696
100     36      0.695
531     272     0.693
527     267     0.693
530     259     0.692
101     37      0.691
207     37      0.689
311     268     0.689
528     282     0.688
451     270     0.688
207     104     0.687
314     39      0.686
99      37      0.685
102     31      0.684
99      31      0.684
313     36      0.683
207     35      0.682
530     337     0.681
530     455     0.679
313     100     0.679
529     103     0.679
311     104     0.678
313     101     0.678
332     270     0.676
360     267     0.675
311     101     0.675
525     335     0.674
313     104     0.673
310     270     0.671
337     270     0.671
530     88      0.671
208     103     0.671
337     329     0.671
334     273     0.670
423     310     0.670
311     38      0.670
204     37      0.670
312     203     0.670
530     181     0.670
209     145     0.669
527     181     0.669
337     310     0.669
313     206     0.668
360     334     0.668
103     35      0.668
422     314     0.667
310     268     0.666
312     99      0.666
312     271     0.666
313     205     0.666
308     268     0.665
339     268     0.665
311     204     0.664
530     268     0.664
339     267     0.664
102     36      0.664
310     206     0.664
312     209     0.664
528     422     0.663
311     36      0.663
335     273     0.662
525     331     0.662
527     284     0.662
525     337     0.661
530     209     0.661
528     335     0.661
308     271     0.660
311     206     0.660
311     273     0.659
314     269     0.659
530     313     0.658
422     37      0.657
525     360     0.656
422     270     0.656
314     204     0.655
313     103     0.654
525     333     0.654
207     101     0.654
527     271     0.654
100     38      0.654
360     284     0.654
208     37      0.653
334     282     0.653
282     267     0.653
312     34      0.653
206     100     0.653
521     334     0.653
282     259     0.652
333     264     0.652
311     34      0.652
530     422     0.651
528     128     0.651
99      39      0.649
203     35      0.649
203     97      0.648
339     209     0.647
527     331     0.647
271     259     0.647
282     268     0.647
313     259     0.647
312     36      0.647
339     310     0.647
207     102     0.646
340     208     0.646
209     39      0.646
525     271     0.645
102     39      0.645
100     35      0.645
310     104     0.645
270     181     0.645
310     99      0.644
203     39      0.643
531     149     0.643
313     98      0.643
282     270     0.643
104     33      0.643
310     271     0.643
311     99      0.643
312     204     0.642
525     301     0.641
101     36      0.641
525     72      0.641
335     282     0.641
339     282     0.641
312     38      0.640
322     308     0.640
334     270     0.640
207     36      0.639
528     269     0.639
525     227     0.639
267     180     0.638
337     180     0.637
331     282     0.636
204     39      0.636
308     267     0.635
322     270     0.634
282     271     0.634
311     267     0.634
345     331     0.634
311     102     0.634
525     180     0.634
203     102     0.633
530     456     0.633
310     37      0.632
208     31      0.631
322     282     0.631
354     334     0.631
333     282     0.631
422     32      0.631
313     268     0.630
282     88      0.630
322     209     0.630
525     77      0.630
531     202     0.629
102     38      0.628
282     255     0.628
104     39      0.628
104     34      0.628
313     204     0.628
282     264     0.627
339     203     0.627
314     208     0.627
528     265     0.627
314     268     0.626
309     270     0.625
345     322     0.625
101     33      0.625
340     209     0.625
530     310     0.624
282     217     0.624
528     284     0.624
422     203     0.624
311     31      0.624
100     34      0.624
208     34      0.624
99      34      0.624
322     267     0.624
312     208     0.624
530     273     0.623
204     36      0.622
314     99      0.622
337     271     0.622
207     99      0.622
308     270     0.622
282     209     0.622
525     59      0.622
525     322     0.622
100     37      0.622
339     314     0.621
322     268     0.621
529     147     0.621
309     209     0.621
525     273     0.621
382     282     0.621
530     146     0.621
530     336     0.619
335     264     0.619
337     330     0.619
530     420     0.619
103     38      0.619
310     272     0.618
335     322     0.618
203     31      0.617
530     114     0.617
527     334     0.617
528     338     0.617
270     263     0.617
207     33      0.617
312     102     0.617
422     310     0.617
530     331     0.616
314     282     0.616
209     99      0.615
270     203     0.615
101     31      0.615
209     37      0.614
349     310     0.614
310     32      0.613
423     203     0.613
313     270     0.613
259     180     0.612
528     113     0.612
330     282     0.612
267     73      0.612
311     100     0.612
312     31      0.611
97      39      0.611
203     99      0.611
527     485     0.611
531     116     0.610
530     263     0.610
314     205     0.609
209     35      0.609
202     103     0.608
332     267     0.608
360     282     0.608
334     284     0.608
101     38      0.607
354     335     0.607
99      33      0.607
314     38      0.607
530     145     0.607
531     340     0.607
530     421     0.606
308     259     0.606
101     34      0.606
322     264     0.606
282     181     0.605
312     205     0.605
354     310     0.605
311     270     0.605
204     35      0.605
204     31      0.604
331     268     0.604
270     259     0.604
310     100     0.603
105     32      0.603
98      38      0.603
422     339     0.603
311     39      0.603
334     79      0.603
314     36      0.602
313     33      0.602
208     98      0.602
312     101     0.601
525     294     0.601
354     267     0.601
452     422     0.600
284     217     0.600
360     330     0.600
360     268     0.600
525     264     0.600
310     35      0.599
530     330     0.599
313     145     0.599
207     38      0.599
315     202     0.599
206     32      0.598
322     145     0.598
527     333     0.598
341     209     0.598
282     252     0.598
348     209     0.598
337     255     0.597
98      39      0.597
207     39      0.597
314     33      0.597
530     232     0.597
333     181     0.596
310     102     0.596
313     284     0.596
99      36      0.596
103     33      0.596
208     39      0.596
531     332     0.596
374     271     0.595
312     100     0.595
525     265     0.595
282     275     0.595
527     362     0.594
102     34      0.594
145     39      0.594
282     273     0.594
345     337     0.594
528     39      0.594
268     209     0.594
527     338     0.593
203     34      0.593
314     101     0.593
98      32      0.593
340     310     0.593
103     37      0.593
208     33      0.593
333     267     0.593
518     270     0.593
530     270     0.593
525     455     0.592
527     294     0.592
311     98      0.592
336     270     0.592
310     267     0.592
267     259     0.592
208     99      0.592
208     104     0.591
150     31      0.591
528     77      0.591
384     335     0.591
310     36      0.591
525     11      0.591
209     104     0.591
456     322     0.590
204     101     0.590
527     264     0.590
348     310     0.589
206     37      0.589
527     88      0.589
282     168     0.589
423     209     0.589
527     322     0.588
330     271     0.587
528     271     0.587
312     206     0.587
322     259     0.587
310     101     0.587
355     203     0.586
312     270     0.586
345     268     0.586
204     99      0.585
267     227     0.585
421     100     0.585
308     274     0.585
421     31      0.585
521     282     0.585
98      36      0.585
527     74      0.585
104     88      0.584
322     181     0.584
327     267     0.584
528     150     0.584
98      35      0.584
422     313     0.583
354     209     0.583
310     204     0.583
528     263     0.583
421     310     0.583
39      32      0.583
207     145     0.583
207     34      0.583
530     113     0.583
530     207     0.582
202     145     0.582
530     150     0.582
102     33      0.582
313     267     0.582
528     327     0.582
334     88      0.582
270     71      0.582
322     273     0.581
420     29      0.581
284     264     0.581
525     334     0.581
529     342     0.580
335     284     0.580
422     208     0.580
204     102     0.580
202     98      0.580
422     322     0.580
207     31      0.580
267     231     0.579
98      30      0.579
355     180     0.578
310     202     0.578
339     330     0.578
422     312     0.578
314     259     0.578
528     337     0.578
208     38      0.577
527     59      0.577
209     101     0.577
313     32      0.576
525     354     0.576
354     270     0.576
277     270     0.576
203     36      0.576
530     483     0.576
527     483     0.576
38      31      0.575
282     232     0.575
528     420     0.575
528     209     0.575
314     206     0.575
322     314     0.575
97      31      0.574
322     88      0.574
339     322     0.574
340     32      0.574
327     270     0.574
263     181     0.574
331     271     0.574
308     264     0.574
311     145     0.573
314     267     0.573
530     31      0.573
526     272     0.573
330     270     0.573
422     104     0.572
345     259     0.572
146     32      0.572
530     97      0.572
530     102     0.571
282     173     0.571
311     180     0.571
334     209     0.571
337     88      0.571
203     150     0.571
271     180     0.571
422     271     0.571
145     115     0.570
527     180     0.570
270     207     0.570
352     310     0.570
99      88      0.570
282     176     0.570
331     284     0.570
341     203     0.569
521     284     0.569
311     103     0.569
341     271     0.569
345     209     0.569
268     180     0.568
331     270     0.568
350     145     0.568
310     38      0.568
360     209     0.568
340     311     0.568
511     334     0.568
309     207     0.568
267     173     0.568
314     270     0.568
530     355     0.568
207     32      0.567
330     284     0.567
525     270     0.567
337     209     0.566
348     331     0.566
340     203     0.566
312     269     0.566
205     101     0.566
273     259     0.566
354     345     0.566
204     32      0.566
530     37      0.565
422     39      0.565
112     98      0.565
530     311     0.565
310     31      0.565
348     314     0.565
334     259     0.565
528     72      0.565
264     180     0.564
528     268     0.564
264     252     0.564
530     264     0.564
314     145     0.564
311     282     0.564
330     322     0.564
528     181     0.564
311     32      0.564
352     331     0.564
528     354     0.564
267     79      0.564
340     271     0.563
530     77      0.563
528     360     0.563
340     313     0.563
360     180     0.563
313     282     0.563
330     264     0.563
209     36      0.563
311     259     0.563
330     180     0.562
337     181     0.562
267     209     0.562
205     35      0.562
345     330     0.562
312     103     0.562
527     150     0.562
529     181     0.562
340     270     0.561
422     209     0.561
528     300     0.561
528     273     0.561
525     267     0.561
339     208     0.561
114     31      0.560
530     72      0.560
527     313     0.560
345     335     0.560
529     145     0.560
527     114     0.560
282     227     0.560
422     311     0.559
330     259     0.559
345     282     0.559
524     332     0.559
527     72      0.559
104     36      0.558
422     102     0.558
310     205     0.558
528     259     0.558
334     268     0.558
335     258     0.558
150     88      0.558
271     209     0.558
314     102     0.557
348     337     0.557
420     270     0.557
422     340     0.557
345     273     0.557
203     38      0.556
284     180     0.556
345     310     0.556
204     34      0.556
355     282     0.556
101     39      0.556
328     270     0.555
208     101     0.555
204     103     0.555
314     202     0.555
337     297     0.555
330     267     0.554
423     339     0.554
423     338     0.554
530     208     0.554
314     34      0.554
422     101     0.553
335     173     0.553
315     203     0.553
98      33      0.553
528     322     0.553
339     273     0.553
336     181     0.553
423     202     0.553
421     37      0.553
259     73      0.553
360     273     0.552
270     180     0.552
337     273     0.552
348     271     0.552
355     335     0.551
334     73      0.551
99      38      0.551
311     202     0.551
530     338     0.551
208     102     0.550
531     114     0.550
423     32      0.550
423     314     0.550
97      35      0.550
208     100     0.550
308     252     0.550
204     38      0.550
382     180     0.550
203     180     0.550
336     267     0.550
354     309     0.549
528     88      0.549
339     207     0.549
103     34      0.549
333     209     0.549
284     268     0.549
322     284     0.549
333     284     0.549
284     227     0.549
360     331     0.549
530     354     0.548
334     310     0.548
339     313     0.548
322     265     0.548
337     269     0.548
310     273     0.548
311     284     0.547
530     347     0.547
422     206     0.547
311     269     0.547
354     268     0.547
264     255     0.547
527     354     0.546
104     32      0.546
530     301     0.546
334     263     0.546
525     155     0.546
314     284     0.545
209     202     0.545
340     207     0.545
270     209     0.545
145     113     0.545
354     273     0.545
282     174     0.544
525     268     0.544
332     266     0.544
382     88      0.544
284     275     0.544
104     38      0.544
273     209     0.544
308     282     0.543
206     34      0.543
528     347     0.543
314     32      0.543
531     336     0.543
530     71      0.542
531     411     0.542
40      31      0.542
335     88      0.542
337     72      0.542
341     202     0.542
284     267     0.542
205     37      0.542
335     270     0.541
527     68      0.541
522     181     0.541
339     259     0.541
422     207     0.540
202     105     0.540
209     102     0.540
273     145     0.540
330     88      0.540
337     259     0.540
525     338     0.540
527     268     0.540
112     30      0.539
308     284     0.539
308     203     0.539
271     231     0.539
518     322     0.539
334     180     0.539
206     39      0.539
113     98      0.539
528     76      0.539
337     79      0.539
345     180     0.539
422     31      0.539
284     259     0.538
333     322     0.538
329     267     0.538
421     204     0.538
205     31      0.538
527     209     0.538
264     168     0.538
354     180     0.538
259     252     0.538
530     91      0.537
525     209     0.537
530     345     0.537
282     175     0.537
97      88      0.537
530     275     0.537
530     203     0.537
282     72      0.537
530     332     0.537
530     11      0.537
271     203     0.536
209     38      0.536
455     88      0.536
527     9       0.536
527     265     0.536
340     202     0.536
268     88      0.536
527     301     0.536
331     264     0.535
421     38      0.535
525     181     0.535
354     337     0.535
205     39      0.535
284     252     0.535
530     104     0.535
423     207     0.534
282     258     0.534
310     145     0.534
308     275     0.534
314     273     0.534
384     282     0.533
339     331     0.533
146     113     0.533
204     104     0.533
314     98      0.533
421     103     0.533
354     322     0.533
422     267     0.532
422     334     0.532
527     248     0.532
528     145     0.532
527     347     0.532
206     35      0.532
100     39      0.532
312     98      0.532
526     332     0.532
282     248     0.532
322     203     0.532
337     262     0.532
270     39      0.532
205     100     0.531
527     11      0.531
112     97      0.531
275     264     0.531
363     335     0.531
355     273     0.531
334     37      0.530
527     79      0.530
209     97      0.530
334     313     0.530
327     268     0.529
335     328     0.529
345     145     0.529
153     31      0.529
205     38      0.529
354     284     0.529
207     100     0.529
271     31      0.528
337     73      0.528
334     181     0.528
312     267     0.528
354     271     0.528
525     483     0.528
528     331     0.527
527     337     0.527
423     311     0.527
100     33      0.527
421     145     0.527
345     334     0.527
337     169     0.527
297     282     0.526
345     264     0.526
335     180     0.526
282     269     0.526
339     39      0.526
322     294     0.526
330     268     0.526
317     270     0.526
267     37      0.526
354     332     0.526
97      37      0.525
521     267     0.525
209     34      0.525
451     181     0.525
423     271     0.525
349     309     0.525
334     314     0.525
203     113     0.524
454     270     0.524
282     207     0.524
529     322     0.524
525     362     0.524
530     30      0.524
529     267     0.524
355     267     0.524
315     208     0.524
284     173     0.524
308     145     0.523
327     314     0.523
312     32      0.523
310     269     0.523
530     451     0.523
339     181     0.523
209     113     0.523
423     208     0.523
209     98      0.523
531     352     0.523
337     322     0.522
206     33      0.522
274     181     0.522
205     99      0.522
313     269     0.522
419     270     0.522
339     264     0.522
112     38      0.522
531     36      0.522
284     255     0.522
338     270     0.521
207     103     0.521
374     282     0.521
309     269     0.521
354     272     0.521
528     310     0.521
455     322     0.521
330     172     0.521
530     265     0.520
528     97      0.520
145     31      0.520
528     362     0.520
112     104     0.520
284     271     0.520
209     32      0.520
210     202     0.520
520     181     0.520
115     39      0.519
297     267     0.519
382     335     0.519
348     267     0.519
422     29      0.519
530     153     0.519
331     322     0.519
335     275     0.519
314     275     0.519
311     272     0.519
309     145     0.518
338     271     0.518
527     345     0.518
530     155     0.518
327     282     0.518
202     96      0.518
322     310     0.518
527     258     0.518
311     30      0.518
527     87      0.518
421     35      0.518
348     268     0.517
525     74      0.517
429     282     0.517
339     312     0.517
532     271     0.517
323     267     0.517
355     334     0.517
331     314     0.517
420     310     0.517
348     270     0.517
105     98      0.517
348     339     0.517
98      37      0.516
322     177     0.516
527     73      0.516
308     150     0.516
267     258     0.516
313     202     0.516
291     271     0.515
308     114     0.515
521     335     0.515
114     97      0.515
374     264     0.515
532     148     0.514
333     268     0.514
528     51      0.514
313     97      0.514
98      34      0.514
525     422     0.514
341     310     0.514
362     282     0.514
527     259     0.514
282     79      0.514
345     333     0.514
270     258     0.513
529     270     0.513
422     282     0.513
202     152     0.513
311     168     0.513
337     168     0.513
267     175     0.513
528     221     0.513
421     33      0.513
424     209     0.513
322     180     0.513
374     268     0.512
310     34      0.512
341     31      0.512
309     273     0.512
267     207     0.512
354     331     0.512
144     39      0.511
530     59      0.511
531     89      0.511
334     322     0.511
338     203     0.511
205     32      0.511
337     268     0.511
202     154     0.511
335     271     0.511
268     79      0.511
332     259     0.511
308     209     0.511
348     341     0.511
204     145     0.511
310     282     0.511
455     337     0.510
270     199     0.510
271     88      0.510
530     312     0.510
203     103     0.510
202     30      0.510
528     161     0.510
204     98      0.510
337     217     0.510
315     272     0.510
354     340     0.509
206     102     0.509
281     267     0.509
362     259     0.509
113     35      0.509
291     252     0.509
207     98      0.508
529     421     0.508
314     103     0.508
333     88      0.508
530     5       0.508
282     221     0.508
271     72      0.508
312     268     0.508
423     145     0.508
258     180     0.507
531     30      0.507
333     270     0.507
150     37      0.507
527     104     0.507
524     270     0.507
452     338     0.507
530     335     0.507
209     115     0.507
528     333     0.507
205     33      0.507
354     339     0.507
382     259     0.507
111     39      0.507
311     88      0.506
354     203     0.506
349     209     0.506
98      31      0.506
360     322     0.506
314     180     0.506
282     74      0.506
525     176     0.506
515     117     0.506
527     177     0.505
360     270     0.505
337     76      0.505
424     339     0.505
382     284     0.505
308     97      0.505
315     204     0.505
530     374     0.505
456     422     0.505
525     269     0.505
282     265     0.505
341     270     0.505
291     282     0.505
528     312     0.505
155     31      0.505
337     175     0.504
281     270     0.504
348     330     0.504
113     39      0.504
313     30      0.504