Prediction Made with CORNET:
a Neural Network based method trained using Correlated Mutations,
Sequence Conservation, Predicted Secondary structure of Proteins and
Evolutionary Information.
Authors Fariselli Piero, Olmea Osvaldo, Valencia Alfonso, Rita Casadio.
This method is an extension of the two following methods

Olmea O. and Valencia A. (1997) Fold. Des. 2: S25-32.

Fariselli P and Casadio R. (1999) Prot. Engng 12:15-21

#================================================================#

PREDICTION

Couple          Reliability
i       j
485     246     0.891
485     247     0.873
199     25      0.861
232     222     0.857
735     246     0.848
108     36      0.846
331     232     0.844
331     222     0.841
331     297     0.840
331     247     0.840
245     232     0.840
222     108     0.839
331     264     0.837
222     36      0.836
331     323     0.836
386     247     0.836
386     36      0.835
232     25      0.835
485     162     0.833
604     247     0.833
331     262     0.830
386     222     0.830
485     25      0.829
262     232     0.829
300     246     0.828
246     200     0.827
236     222     0.826
222     25      0.824
244     236     0.823
719     680     0.823
300     247     0.823
483     247     0.821
323     163     0.821
386     199     0.820
485     222     0.820
323     200     0.819
262     163     0.819
485     264     0.818
162     25      0.817
331     271     0.814
485     36      0.813
485     9       0.813
333     298     0.813
106     36      0.812
485     245     0.810
692     247     0.810
386     232     0.807
245     201     0.806
733     247     0.806
231     222     0.806
485     232     0.803
244     199     0.802
199     79      0.802
686     247     0.801
485     108     0.800
604     323     0.800
485     331     0.800
163     25      0.800
236     199     0.799
604     246     0.799
107     37      0.798
458     247     0.797
184     163     0.797
221     36      0.795
331     199     0.794
264     43      0.794
664     247     0.794
386     331     0.794
264     232     0.794
735     300     0.793
222     163     0.793
221     9       0.792
323     214     0.791
686     222     0.790
458     222     0.790
458     246     0.789
161     99      0.789
686     36      0.789
386     300     0.789
232     162     0.789
245     163     0.789
485     161     0.789
386     271     0.788
245     25      0.788
232     108     0.787
334     163     0.787
331     246     0.787
236     163     0.786
331     245     0.785
246     232     0.785
386     273     0.785
262     222     0.785
331     273     0.785
264     36      0.783
162     36      0.783
386     161     0.783
236     25      0.783
246     25      0.783
244     200     0.782
686     108     0.782
36      25      0.782
323     236     0.781
162     108     0.781
713     222     0.781
262     245     0.780
458     323     0.778
713     300     0.778
386     264     0.778
323     296     0.778
246     163     0.777
231     36      0.777
386     41      0.777
244     163     0.776
332     232     0.776
686     44      0.775
294     247     0.775
385     272     0.775
713     247     0.774
485     333     0.774
687     264     0.774
264     9       0.773
323     251     0.773
298     246     0.773
680     333     0.772
485     323     0.772
713     36      0.772
90      25      0.772
323     199     0.771
246     57      0.771
713     485     0.771
458     162     0.771
332     247     0.771
273     108     0.771
222     41      0.771
323     247     0.771
687     36      0.770
323     245     0.770
245     57      0.770
222     162     0.770
232     36      0.770
458     200     0.769
162     57      0.769
713     232     0.769
331     300     0.769
458     163     0.768
331     200     0.767
458     245     0.766
485     106     0.766
675     333     0.765
331     25      0.765
458     25      0.765
331     162     0.764
264     222     0.764
36      9       0.763
323     297     0.763
678     108     0.763
330     298     0.762
163     36      0.761
483     222     0.761
713     25      0.761
222     187     0.760
232     199     0.759
336     300     0.759
161     25      0.759
604     232     0.758
227     163     0.758
386     108     0.757
485     332     0.757
44      36      0.757
386     246     0.757
247     99      0.756
199     99      0.756
266     234     0.756
273     99      0.755
485     221     0.754
678     36      0.754
244     232     0.754
486     332     0.754
687     222     0.753
485     300     0.753
222     199     0.753
199     163     0.753
222     201     0.753
222     185     0.752
485     231     0.752
458     300     0.752
485     44      0.751
267     247     0.751
604     25      0.751
246     197     0.750
386     245     0.749
485     199     0.749
245     200     0.747
323     267     0.747
715     222     0.747
604     77      0.747
331     163     0.746
221     37      0.746
199     77      0.746
686     273     0.746
685     105     0.746
185     25      0.745
687     485     0.745
386     262     0.745
332     262     0.745
200     161     0.744
458     251     0.744
388     222     0.744
236     215     0.744
677     36      0.744
236     214     0.744
486     222     0.744
222     77      0.744
185     162     0.743
231     199     0.743
331     296     0.743
241     25      0.743
483     232     0.742
686     232     0.742
78      53      0.742
604     162     0.742
604     251     0.741
222     200     0.740
323     300     0.740
263     107     0.739
262     151     0.739
604     244     0.739
262     199     0.738
262     231     0.738
200     162     0.738
273     246     0.738
386     231     0.737
222     151     0.737
332     222     0.737
725     246     0.737
323     262     0.736
604     199     0.736
236     200     0.736
331     267     0.736
604     151     0.736
604     245     0.736
330     265     0.735
199     52      0.735
713     245     0.735
330     262     0.735
45      37      0.735
231     25      0.735
241     79      0.734
458     244     0.734
273     262     0.734
264     200     0.734
262     200     0.734
221     108     0.734
333     261     0.734
186     36      0.734
41      25      0.733
332     323     0.733
323     77      0.732
720     485     0.732
720     232     0.731
231     214     0.731
604     200     0.731
231     108     0.731
162     99      0.731
43      36      0.730
323     246     0.730
221     200     0.730
294     79      0.730
225     197     0.729
245     162     0.729
41      9       0.729
388     264     0.729
333     164     0.729
236     99      0.729
331     270     0.729
323     244     0.728
185     108     0.728
685     108     0.728
246     162     0.728
264     163     0.728
262     77      0.728
331     185     0.727
199     134     0.727
604     300     0.727
323     232     0.727
678     106     0.727
604     163     0.727
236     77      0.727
485     215     0.726
483     264     0.726
199     57      0.726
231     162     0.726
458     231     0.726
245     222     0.725
221     43      0.725
733     200     0.724
486     232     0.724
332     300     0.723
386     185     0.723
686     271     0.722
244     214     0.722
266     187     0.722
332     163     0.722
108     99      0.721
232     221     0.721
262     25      0.721
108     41      0.721
686     41      0.721
725     247     0.720
387     186     0.720
299     246     0.720
335     298     0.720
722     247     0.720
334     232     0.720
332     25      0.720
236     151     0.720
199     108     0.720
386     375     0.719
245     199     0.719
483     9       0.719
296     247     0.719
333     270     0.719
244     231     0.719
262     108     0.719
264     246     0.717
42      9       0.717
485     185     0.717
222     214     0.717
686     106     0.717
485     200     0.717
387     263     0.716
680     222     0.716
39      9       0.716
715     331     0.716
37      9       0.716
232     163     0.716
185     41      0.716
331     214     0.716
197     81      0.715
236     201     0.715
385     269     0.715
244     151     0.714
308     247     0.714
236     178     0.714
458     232     0.713
162     77      0.713
386     9       0.713
299     245     0.713
715     9       0.713
686     38      0.712
231     163     0.712
733     25      0.712
262     214     0.712
262     36      0.712
335     266     0.712
184     25      0.712
713     264     0.712
236     57      0.711
247     236     0.711
264     185     0.711
486     9       0.711
262     223     0.711
458     197     0.711
330     222     0.711
199     151     0.711
664     222     0.710
388     331     0.710
715     485     0.709
106     43      0.709
246     99      0.709
294     199     0.709
675     247     0.708
244     25      0.708
733     163     0.708
231     200     0.708
458     236     0.708
331     244     0.708
161     52      0.708
330     270     0.708
264     247     0.708
333     264     0.708
485     347     0.708
222     90      0.707
334     300     0.707
244     215     0.707
221     104     0.707
185     9       0.707
226     37      0.707
604     222     0.707
247     199     0.706
231     43      0.706
385     263     0.706
485     244     0.706
199     162     0.706
331     251     0.706
686     264     0.706
35      9       0.706
246     222     0.706
329     242     0.705
334     323     0.705
300     267     0.705
246     77      0.705
713     231     0.705
184     36      0.705
388     332     0.705
241     99      0.705
713     163     0.704
232     9       0.704
684     385     0.704
232     214     0.704
486     331     0.704
294     264     0.704
232     200     0.703
178     77      0.703
688     222     0.703
688     331     0.703
241     222     0.703
227     215     0.702
308     273     0.702
331     161     0.702
677     485     0.702
386     40      0.702
677     43      0.701
247     214     0.701
692     246     0.701
687     43      0.701
298     245     0.701
385     262     0.701
486     221     0.701
223     36      0.701
675     233     0.701
262     244     0.701
245     236     0.701
262     246     0.700
719     232     0.700
225     9       0.700
244     162     0.700
232     77      0.700
719     330     0.700
236     90      0.700
163     99      0.700
331     324     0.700
686     262     0.699
273     162     0.699
677     106     0.699
77      52      0.698
323     151     0.698
713     331     0.698
720     36      0.698
265     9       0.698
333     37      0.698
692     323     0.697
485     90      0.697
604     316     0.697
331     90      0.697
247     25      0.697
688     232     0.697
733     199     0.697
244     178     0.697
232     185     0.697
686     485     0.697
263     44      0.697
604     241     0.696
715     221     0.696
722     232     0.696
187     43      0.696
346     247     0.696
220     9       0.695
386     25      0.695
331     265     0.695
331     77      0.695
486     162     0.695
263     162     0.695
334     262     0.695
332     36      0.695
108     43      0.695
686     40      0.695
308     300     0.695
296     265     0.694
733     201     0.694
686     333     0.694
713     108     0.694
266     225     0.694
386     221     0.693
388     185     0.693
677     9       0.693
734     323     0.693
219     163     0.693
264     108     0.693
485     43      0.693
185     36      0.692
458     199     0.692
719     266     0.692
714     333     0.692
162     134     0.692
385     265     0.692
687     185     0.692
686     231     0.692
161     108     0.692
232     161     0.692
298     214     0.691
246     215     0.691
106     41      0.691
715     232     0.691
385     298     0.691
485     271     0.690
105     9       0.690
246     236     0.690
330     264     0.690
323     201     0.690
263     9       0.690
686     678     0.690
354     246     0.690
386     10      0.690
686     386     0.690
221     106     0.690
386     90      0.690
664     36      0.690
720     264     0.689
452     247     0.689
483     323     0.689
223     162     0.689
225     196     0.689
43      25      0.689
675     222     0.688
692     241     0.688
485     41      0.688
483     36      0.687
262     43      0.687
199     158     0.687
432     298     0.687
332     185     0.687
720     222     0.687
387     9       0.687
604     320     0.687
713     200     0.687
331     268     0.686
334     236     0.686
484     222     0.686
686     37      0.686
224     195     0.686
332     223     0.686
687     108     0.686
334     245     0.686
735     323     0.686
247     77      0.686
686     161     0.686
687     38      0.685
713     246     0.685
655     323     0.685
680     36      0.685
108     44      0.685
236     74      0.685
733     232     0.685
108     25      0.685
735     247     0.684
222     44      0.684
264     245     0.684
485     261     0.684
719     222     0.684
687     273     0.684
221     25      0.684
201     163     0.684
104     9       0.683
680     38      0.683
715     162     0.683
333     269     0.683
264     44      0.683
262     247     0.683
178     163     0.683
264     178     0.683
300     264     0.683
686     185     0.683
187     36      0.683
385     39      0.682
686     331     0.682
604     458     0.682
680     246     0.682
222     161     0.682
333     221     0.680
722     151     0.680
713     199     0.680
215     200     0.680
236     36      0.680
687     41      0.680
714     36      0.680
331     221     0.680
45      36      0.680
262     236     0.680
678     232     0.679
108     40      0.679
458     36      0.679
99      25      0.679
485     273     0.679
236     75      0.679
385     37      0.679
221     185     0.679
244     222     0.678
262     90      0.678
604     134     0.678
264     223     0.678
680     185     0.678
483     245     0.678
603     247     0.677
108     38      0.677
678     221     0.677
484     108     0.677
299     199     0.677
294     201     0.677
178     151     0.677
675     36      0.677
263     222     0.677
722     266     0.677
715     332     0.677
246     134     0.676
264     215     0.676
486     247     0.676
676     222     0.676
733     323     0.676
162     151     0.676
273     25      0.676
332     264     0.676
386     332     0.676
385     264     0.676
222     43      0.676
686     43      0.676
231     151     0.675
692     178     0.675
199     36      0.675
432     335     0.675
725     241     0.675
323     316     0.675
675     9       0.675
104     90      0.675
334     222     0.674
664     232     0.674
105     43      0.674
246     214     0.674
186     37      0.674
733     246     0.673
277     199     0.673
714     232     0.673
686     42      0.673
264     227     0.673
713     686     0.673
221     44      0.673
245     161     0.673
300     163     0.673
262     215     0.673
677     42      0.673
263     108     0.672
162     90      0.672
604     161     0.672
685     109     0.672
263     36      0.672
686     245     0.672
191     25      0.672
678     9       0.672
333     262     0.672
389     331     0.672
485     268     0.671
483     90      0.671
214     200     0.671
332     162     0.671
390     330     0.671
294     215     0.671
185     163     0.671
247     163     0.671
332     246     0.671
331     44      0.671
676     186     0.671
222     37      0.671
688     231     0.671
388     9       0.670
604     214     0.670
686     221     0.670
735     162     0.670
264     236     0.670
485     163     0.670
333     246     0.670
323     57      0.670
236     162     0.670
294     151     0.670
687     224     0.670
686     25      0.669
222     134     0.669
715     36      0.669
231     221     0.669
363     199     0.669
333     232     0.669
331     215     0.669
244     56      0.669
485     386     0.669
714     108     0.668
734     246     0.668
735     236     0.668
294     178     0.668
346     199     0.668
483     332     0.668
232     151     0.668
483     246     0.668
486     163     0.668
245     178     0.668
184     162     0.668
231     161     0.668
675     221     0.667
680     330     0.667
77      57      0.667
687     40      0.667
178     59      0.667
685     37      0.666
427     247     0.666
610     247     0.666
735     215     0.666
734     236     0.666
323     25      0.666
222     215     0.666
40      9       0.666
246     191     0.666
334     223     0.665
722     331     0.665
688     163     0.665
719     187     0.665
334     321     0.665
323     52      0.665
161     77      0.665
677     108     0.665
330     232     0.665
731     251     0.665
393     246     0.665
246     53      0.664
231     201     0.664
333     271     0.664
715     262     0.664
245     151     0.664
386     162     0.664
676     9       0.664
232     41      0.664
483     163     0.664
323     56      0.664
223     185     0.664
326     297     0.664
336     25      0.663
485     10      0.663
675     335     0.663
486     10      0.663
386     38      0.663
333     245     0.663
486     185     0.663
247     222     0.663
486     262     0.663
323     254     0.663
687     386     0.663
387     37      0.663
483     331     0.663
324     246     0.663
665     222     0.662
268     247     0.662
261     164     0.662
486     388     0.662
331     108     0.662
687     105     0.662
241     162     0.662
722     25      0.662
187     163     0.662
264     186     0.662
331     308     0.662
332     90      0.661
184     9       0.661
273     251     0.661
300     25      0.661
186     40      0.661
245     77      0.661
333     224     0.661
262     185     0.661
680     233     0.661
688     675     0.660
713     221     0.660
264     99      0.660
713     332     0.660
486     36      0.660
332     44      0.660
722     201     0.660
187     9       0.659
713     687     0.659
261     37      0.659
277     247     0.659
677     232     0.659
604     90      0.659
331     320     0.659
680     162     0.658
273     106     0.658
264     37      0.658
458     161     0.658
720     221     0.658
232     187     0.658
162     53      0.658
485     178     0.658
388     162     0.658
241     77      0.658
266     222     0.658
688     485     0.657
331     231     0.657
486     236     0.657
247     108     0.657
332     41      0.657
486     223     0.657
333     222     0.657
109     44      0.657
264     221     0.657
484     332     0.657
236     59      0.657
687     387     0.656
191     151     0.656
44      37      0.656
294     245     0.656
679     37      0.656
231     99      0.656
677     107     0.656
246     199     0.655
483     162     0.655
163     90      0.655
386     37      0.655
227     162     0.655
333     266     0.655
734     245     0.655
323     222     0.655
484     185     0.655
246     201     0.655
333     268     0.655
389     330     0.655
715     104     0.655
687     332     0.654
246     216     0.654
239     232     0.654
484     36      0.654
262     162     0.654
692     347     0.654
386     214     0.654
232     44      0.654
676     185     0.654
737     266     0.654
300     232     0.654
686     162     0.653
241     232     0.653
221     197     0.653
485     241     0.653
214     57      0.653
388     221     0.653
483     199     0.653
722     300     0.653
266     196     0.653
197     151     0.653
388     271     0.653
333     263     0.653
300     241     0.653
186     105     0.653
298     179     0.653
333     200     0.652
686     104     0.652
330     162     0.652
334     297     0.652
722     244     0.652
722     264     0.652
271     264     0.652
675     22      0.652
200     156     0.652
713     273     0.652
686     9       0.652
245     215     0.652
458     241     0.652
214     201     0.651
302     246     0.651
678     222     0.651
485     236     0.651
334     25      0.651
308     246     0.651
713     688     0.651
246     151     0.651
299     266     0.651
688     9       0.651
678     300     0.650
715     246     0.650
335     261     0.650
676     485     0.650
244     77      0.650
678     331     0.650
227     25      0.650
686     199     0.650
222     57      0.650
321     199     0.650
675     611     0.650
603     337     0.650
245     52      0.650
336     247     0.649
458     266     0.649
714     222     0.649
713     185     0.649
245     108     0.649
185     161     0.649
323     284     0.649
388     300     0.649
686     677     0.649
236     52      0.649
483     244     0.649
332     265     0.649
298     267     0.649
722     297     0.649
264     25      0.649
680     261     0.648
610     323     0.648
675     261     0.648
308     267     0.648
350     247     0.648
106     10      0.648
722     245     0.648
735     245     0.648
333     9       0.648
331     36      0.647
323     308     0.647
692     316     0.647
332     271     0.647
715     264     0.647
680     232     0.647
389     332     0.647
222     9       0.647
458     262     0.647
332     37      0.647
332     268     0.647
386     268     0.647
331     201     0.647
305     163     0.646
323     312     0.646
223     161     0.646
215     77      0.646
713     10      0.646
688     332     0.646
222     106     0.646
262     75      0.646
244     201     0.646
388     268     0.646
222     99      0.646
331     241     0.646
215     163     0.645
386     236     0.645
232     223     0.645
347     323     0.645
386     187     0.645
241     178     0.645
732     200     0.645
331     298     0.645
687     232     0.645
267     200     0.645
331     321     0.645
333     325     0.645
264     10      0.644
375     99      0.644
677     41      0.644
386     334     0.644
334     231     0.644
333     231     0.644
323     74      0.644
715     244     0.644
713     323     0.644
161     90      0.644
458     347     0.644
692     215     0.644
245     36      0.644
107     39      0.644
273     161     0.644
713     161     0.644
331     269     0.644
336     246     0.644
713     266     0.643
331     223     0.643
106     9       0.643
162     83      0.643
486     264     0.643
163     108     0.643
264     41      0.643
265     232     0.643
692     300     0.643
266     241     0.643
197     90      0.643
484     162     0.643
713     223     0.643
722     99      0.643
692     236     0.643
680     386     0.642
485     42      0.642
186     38      0.642
611     458     0.642
221     163     0.642
331     250     0.642
334     244     0.642
263     221     0.642
678     485     0.642
686     109     0.642
186     108     0.642
731     19      0.641
221     162     0.641
665     232     0.641
246     96      0.641
186     43      0.641
316     236     0.641
264     251     0.641
687     262     0.641
458     333     0.641
331     184     0.640
720     10      0.640
221     10      0.640
271     246     0.640
300     162     0.640
458     214     0.640
604     231     0.640
222     40      0.640
108     10      0.640
224     164     0.640
331     10      0.640
713     41      0.640
713     244     0.640
245     187     0.639
229     37      0.639
604     236     0.639
485     99      0.639
676     232     0.639
236     79      0.639
604     485     0.639
677     37      0.639
713     262     0.639
725     323     0.639
232     215     0.639
333     162     0.639
246     161     0.639
262     251     0.639
244     197     0.639
387     105     0.638
236     167     0.638
685     387     0.638
485     388     0.638
715     106     0.638
264     162     0.638
692     163     0.638
264     104     0.638
454     247     0.637
350     273     0.637
162     75      0.637
335     295     0.637
686     263     0.637
725     222     0.637
686     246     0.637
161     57      0.637
222     46      0.637
483     300     0.637
735     199     0.637
331     151     0.636
247     151     0.636
246     52      0.636
386     333     0.636
713     90      0.636
331     266     0.636
484     232     0.636
236     53      0.636
715     333     0.636
241     19      0.636
222     52      0.635
334     79      0.635
321     300     0.635
333     297     0.635
676     36      0.635
664     273     0.635
162     44      0.635
723     240     0.635
485     262     0.635
161     106     0.635
713     9       0.635
486     333     0.634
720     330     0.634
321     246     0.634
720     9       0.634
108     37      0.634
261     246     0.634
200     25      0.634
675     231     0.634
677     105     0.634
722     485     0.634
245     99      0.634
162     37      0.633
733     245     0.633
485     201     0.633
333     272     0.633
90      10      0.633
458     334     0.633
298     238     0.633
294     236     0.633
245     134     0.633
680     108     0.633
713     44      0.633
687     231     0.633
688     247     0.633
185     31      0.633
692     25      0.633
106     44      0.633
264     230     0.633
244     191     0.632
603     196     0.632
246     237     0.632
688     223     0.632
321     200     0.632
99      79      0.632
680     388     0.632
273     222     0.632
432     329     0.632
366     323     0.632
109     36      0.632
713     37      0.632
334     264     0.631
106     40      0.631
221     201     0.631
721     8       0.631
486     37      0.631
246     108     0.631
264     244     0.631
680     247     0.631
604     354     0.631
385     232     0.630
678     41      0.630
263     42      0.630
486     90      0.630
458     332     0.630
187     151     0.630
687     389     0.630
46      36      0.630
331     43      0.630
725     232     0.630
678     44      0.630
687     186     0.630
268     163     0.630
459     222     0.630
266     238     0.630
386     233     0.629
483     221     0.629
688     36      0.629
677     185     0.629
107     36      0.629
686     332     0.629
108     9       0.629
733     347     0.629
485     104     0.629
323     255     0.629
264     224     0.629
722     242     0.629
273     244     0.628
167     52      0.628
245     79      0.628
483     25      0.628
484     333     0.628
725     300     0.628
611     246     0.628
683     333     0.628
334     246     0.628
265     242     0.628
200     178     0.627
665     162     0.627
261     221     0.627
201     25      0.627
731     99      0.627
299     244     0.627
236     150     0.627
108     42      0.627
688     242     0.627
245     90      0.627
334     162     0.627
458     201     0.627
223     163     0.627
244     52      0.627
323     270     0.627
687     331     0.627
486     104     0.627
331     9       0.627
241     90      0.627
713     347     0.627
485     298     0.627
713     677     0.627
251     199     0.627
332     241     0.627
687     9       0.627
221     90      0.626
331     187     0.626
713     236     0.626
223     37      0.626
247     52      0.626
197     9       0.626
163     134     0.626
316     178     0.626
678     37      0.626
686     388     0.626
486     246     0.625
332     245     0.625
719     162     0.625
231     79      0.625
675     485     0.625
680     266     0.625
297     246     0.625
232     99      0.625
454     323     0.625
687     221     0.625
162     96      0.625
715     185     0.625
483     185     0.625
332     161     0.625
222     178     0.625
687     679     0.625
331     236     0.625
604     273     0.624
241     151     0.624
720     162     0.624
212     99      0.624
221     184     0.624
719     234     0.624
236     83      0.624
332     236     0.624
604     215     0.624
261     237     0.624
454     297     0.623
104     43      0.623
247     134     0.623
714     677     0.623
388     36      0.623
333     265     0.623
715     484     0.623
679     485     0.623
223     9       0.623
237     162     0.623
232     106     0.623
197     79      0.622
332     9       0.622
685     263     0.622
236     134     0.622
330     238     0.622
185     44      0.622
604     52      0.622
294     158     0.622
675     240     0.622
386     134     0.622
485     214     0.622
723     197     0.622
733     485     0.621
221     40      0.621
221     191     0.621
298     236     0.621
687     333     0.621
246     36      0.621
336     323     0.621
294     255     0.621
714     37      0.621
298     199     0.621
685     272     0.621
262     52      0.621
273     245     0.620
610     25      0.620
230     222     0.620
261     233     0.620
295     270     0.620
677     221     0.620
688     221     0.620
722     197     0.620
333     323     0.620
244     75      0.620
604     297     0.620
385     109     0.620
714     45      0.620
689     222     0.619
222     75      0.619
713     162     0.619
322     298     0.619
262     41      0.619
184     43      0.619
713     214     0.619
604     331     0.619
104     40      0.619
268     232     0.619
386     24      0.619
221     41      0.619
332     104     0.619
678     43      0.618
483     273     0.618
725     163     0.618
388     108     0.618
271     232     0.618
483     44      0.618
680     106     0.618
265     233     0.618
336     215     0.618
244     90      0.618
187     37      0.618
221     186     0.618
388     297     0.618
224     163     0.617
332     244     0.617
686     679     0.617
458     156     0.617
333     311     0.617
222     184     0.617
332     201     0.617
334     267     0.617
688     266     0.617
675     331     0.617
603     186     0.617
244     150     0.617
199     169     0.617
715     245     0.617
686     186     0.617
719     603     0.616
215     57      0.616
687     10      0.616
713     483     0.616
677     333     0.616
246     83      0.616
90      77      0.616
231     185     0.616
687     106     0.616
688     386     0.616
388     245     0.616
326     200     0.616
244     187     0.616
271     222     0.616
720     90      0.616
264     201     0.615
236     197     0.615
334     151     0.615
692     232     0.615
688     604     0.615
199     187     0.615
298     266     0.615
108     24      0.615
386     269     0.615
686     105     0.615
680     37      0.615
386     215     0.615
485     316     0.615
330     234     0.615
333     273     0.615
222     10      0.615
687     247     0.615
224     37      0.615
106     42      0.615
604     74      0.614
107     40      0.614
223     35      0.614
385     329     0.614
386     77      0.614
486     25      0.614
677     44      0.614
388     330     0.614
300     236     0.614
664     163     0.614
264     8       0.614
294     25      0.614
263     45      0.614
483     262     0.614
458     90      0.614
486     271     0.614
483     104     0.614
186     44      0.613
687     680     0.613
677     263     0.613
231     77      0.613
323     250     0.613
231     215     0.613
689     220     0.613
714     162     0.613
722     224     0.613
387     233     0.613
678     246     0.613
261     247     0.613
185     10      0.613
714     185     0.613
323     156     0.613
611     247     0.613
241     199     0.613
679     221     0.612
485     266     0.612
300     273     0.612
246     156     0.612
485     375     0.612
609     335     0.612
714     485     0.612
334     200     0.612
656     323     0.612
231     223     0.612
246     75      0.612
178     156     0.612
388     31      0.612
266     242     0.612
331     41      0.612
320     236     0.612
241     163     0.612
270     232     0.612
688     297     0.612
186     107     0.611
687     677     0.611
323     75      0.611
321     215     0.611
300     200     0.611
485     40      0.611
720     713     0.611
386     104     0.611
262     213     0.611
236     161     0.611
323     268     0.611
686     45      0.611
692     151     0.611
603     220     0.611
603     32      0.611
388     262     0.611
664     245     0.611
604     99      0.611
387     333     0.611
296     245     0.611
485     191     0.611
604     375     0.611
680     40      0.611
486     44      0.611
713     215     0.611
222     186     0.611
331     288     0.610
105     41      0.610
714     40      0.610
185     90      0.610
334     27      0.610
735     25      0.610
185     43      0.610
675     306     0.610
686     240     0.610
215     99      0.610
677     222     0.610
385     36      0.610
723     295     0.610
677     231     0.609
294     213     0.609
689     197     0.609
227     134     0.609
245     214     0.609
721     332     0.609
688     264     0.609
268     162     0.609
336     99      0.609
331     312     0.609
458     77      0.609
675     220     0.609
268     246     0.609
687     37      0.609
485     326     0.609
433     247     0.609
214     163     0.609
221     179     0.609
187     105     0.609
231     90      0.609
676     43      0.608
386     197     0.608
108     77      0.608
388     333     0.608
734     215     0.608
385     160     0.608
713     43      0.608
386     106     0.608
186     162     0.608
386     297     0.608
263     185     0.608
264     231     0.608
390     232     0.608
454     331     0.608
296     199     0.608
298     200     0.607
331     57      0.607