Prediction Made with CORNET:
a Neural Network based method trained using Correlated Mutations,
Sequence Conservation, Predicted Secondary structure of Proteins and
Evolutionary Information.
Authors Fariselli Piero, Olmea Osvaldo, Valencia Alfonso, Rita Casadio.
This method is an extension of the two following methods

Olmea O. and Valencia A. (1997) Fold. Des. 2: S25-32.

Fariselli P and Casadio R. (1999) Prot. Engng 12:15-21

#================================================================#

PREDICTION

Couple          Reliability
i       j
315     273     0.823
316     211     0.817
313     209     0.815
508     261     0.810
508     336     0.805
508     272     0.800
316     209     0.798
315     39      0.794
506     499     0.792
499     88      0.792
313     37      0.790
315     37      0.789
104     37      0.787
315     35      0.785
511     272     0.782
99      35      0.781
497     74      0.779
313     211     0.777
336     269     0.776
315     99      0.776
337     261     0.774
313     205     0.772
315     205     0.772
316     273     0.772
497     269     0.771
337     269     0.770
104     35      0.770
316     37      0.766
497     77      0.766
324     273     0.764
315     38      0.764
316     205     0.762
497     273     0.761
314     35      0.761
314     37      0.755
315     102     0.753
315     210     0.753
103     36      0.753
497     272     0.753
100     36      0.752
497     316     0.751
314     39      0.750
102     37      0.749
312     210     0.749
99      37      0.747
312     209     0.747
312     211     0.746
314     104     0.745
205     37      0.744
498     272     0.744
508     284     0.744
315     104     0.742
498     338     0.741
315     211     0.740
314     209     0.740
339     266     0.739
339     284     0.739
315     209     0.738
313     35      0.736
508     183     0.735
316     38      0.734
101     37      0.732
508     286     0.731
314     38      0.731
508     56      0.724
497     337     0.724
339     269     0.723
499     73      0.723
315     261     0.722
269     73      0.722
210     37      0.722
497     339     0.721
511     183     0.721
104     39      0.721
497     261     0.720
312     205     0.720
497     31      0.713
497     73      0.712
209     37      0.712
497     284     0.711
101     35      0.710
316     35      0.710
114     37      0.710
313     273     0.708
313     104     0.707
273     266     0.706
314     205     0.705
312     99      0.705
499     77      0.704
517     88      0.701
499     284     0.700
104     38      0.700
362     337     0.699
508     77      0.699
339     312     0.699
314     99      0.699
209     104     0.698
336     275     0.697
347     269     0.697
499     74      0.696
99      39      0.696
497     286     0.696
261     254     0.695
317     32      0.695
205     104     0.694
339     277     0.693
313     207     0.693
104     31      0.693
284     182     0.692
508     88      0.691
315     103     0.691
261     182     0.690
337     275     0.690
114     39      0.690
339     286     0.690
497     76      0.690
497     11      0.689
508     275     0.689
315     207     0.688
313     99      0.687
315     114     0.687
315     34      0.686
508     59      0.685
312     39      0.684
313     210     0.684
114     38      0.684
508     90      0.683
315     208     0.680
314     273     0.680
362     269     0.680
316     271     0.680
97      31      0.680
508     497     0.678
102     35      0.678
103     32      0.678
210     35      0.677
312     208     0.677
339     331     0.677
314     211     0.676
313     38      0.676
316     261     0.676
209     38      0.675
273     261     0.675
497     32      0.675
205     102     0.674
210     39      0.674
514     336     0.674
498     334     0.674
506     77      0.673
100     38      0.672
497     72      0.672
499     31      0.672
102     38      0.672
497     266     0.672
341     312     0.672
312     37      0.670
497     333     0.670
499     56      0.670
497     312     0.670
497     88      0.669
102     39      0.669
499     336     0.668
314     206     0.668
313     206     0.667
514     269     0.667
269     182     0.667
315     36      0.667
316     31      0.666
209     35      0.666
341     316     0.666
209     39      0.666
103     38      0.666
316     206     0.664
312     272     0.664
515     261     0.664
115     39      0.664
498     324     0.663
341     272     0.663
362     336     0.663
517     310     0.662
508     499     0.662
208     100     0.662
315     100     0.662
517     347     0.661
310     261     0.661
211     37      0.661
498     274     0.661
315     101     0.661
205     99      0.661
517     286     0.660
499     5       0.660
315     31      0.660
284     261     0.660
341     273     0.659
513     275     0.659
313     208     0.659
517     254     0.659
336     284     0.659
497     338     0.658
284     254     0.657
114     104     0.656
209     36      0.656
269     261     0.656
314     34      0.656
316     40      0.655
507     498     0.655
497     211     0.655
103     37      0.654
316     74      0.654
316     99      0.654
497     183     0.654
339     272     0.653
508     74      0.652
312     270     0.652
334     272     0.652
99      74      0.652
497     205     0.652
310     273     0.652
316     73      0.651
99      38      0.651
508     335     0.651
205     35      0.650
324     310     0.650
209     99      0.650
342     210     0.650
313     39      0.650
101     38      0.650
342     37      0.650
517     90      0.649
315     206     0.649
114     99      0.648
316     77      0.648
269     254     0.648
310     270     0.647
337     284     0.647
210     99      0.647
497     59      0.647
313     270     0.647
497     315     0.647
351     312     0.646
313     33      0.646
313     275     0.646
209     101     0.645
495     31      0.645
205     39      0.644
114     35      0.644
104     73      0.644
508     299     0.643
114     40      0.643
517     59      0.643
324     211     0.643
316     284     0.642
324     261     0.642
103     35      0.642
347     333     0.642
324     272     0.641
312     273     0.641
284     272     0.641
362     286     0.641
341     205     0.640
315     73      0.639
498     265     0.639
515     269     0.639
115     37      0.638
284     269     0.638
497     37      0.637
508     333     0.637
515     254     0.637
324     284     0.636
205     97      0.636
313     101     0.636
104     33      0.636
205     38      0.636
517     275     0.636
517     73      0.635
337     324     0.635
97      74      0.635
313     73      0.635
347     324     0.634
341     211     0.634
497     336     0.634
333     284     0.634
206     39      0.634
40      31      0.634
113     37      0.633
336     272     0.633
315     98      0.633
113     98      0.632
206     37      0.632
310     269     0.632
314     207     0.632
336     261     0.632
339     73      0.632
341     269     0.631
335     266     0.631
384     284     0.631
339     182     0.631
316     39      0.630
99      31      0.630
275     261     0.629
273     74      0.629
339     74      0.629
499     339     0.629
310     272     0.629
497     362     0.628
315     286     0.627
324     316     0.627
100     37      0.627
335     284     0.627
312     274     0.626
347     261     0.626
284     219     0.626
316     210     0.626
208     37      0.626
266     254     0.626
102     36      0.626
269     37      0.626
316     104     0.626
342     211     0.625
206     36      0.625
517     77      0.625
350     312     0.625
350     316     0.624
499     337     0.624
515     286     0.624
498     269     0.624
313     261     0.624
313     269     0.623
376     273     0.623
508     223     0.622
98      39      0.622
210     103     0.622
513     261     0.622
207     37      0.621
337     266     0.621
497     114     0.621
315     77      0.620
336     73      0.620
499     310     0.620
517     508     0.620
314     103     0.619
499     118     0.619
113     33      0.619
207     39      0.618
209     102     0.618
515     272     0.618
284     270     0.618
356     336     0.618
314     210     0.618
105     36      0.617
356     312     0.617
286     254     0.617
497     265     0.616
286     219     0.616
508     362     0.615
514     261     0.615
97      73      0.615
99      73      0.615
324     269     0.614
495     74      0.614
211     99      0.614
499     76      0.614
273     73      0.613
284     211     0.613
284     257     0.613
310     254     0.612
272     265     0.612
497     56      0.612
315     269     0.612
515     337     0.612
273     254     0.612
284     74      0.612
499     419     0.612
104     34      0.611
350     211     0.611
205     34      0.611
99      77      0.611
499     67      0.611
324     275     0.611
113     39      0.610
269     77      0.610
517     337     0.610
284     275     0.610
313     40      0.610
284     266     0.610
315     284     0.609
314     102     0.609
334     269     0.609
362     284     0.609
341     284     0.609
311     211     0.609
114     97      0.609
342     312     0.608
284     273     0.608
497     38      0.608
499     269     0.608
103     39      0.608
342     313     0.607
347     339     0.607
207     35      0.607
114     34      0.607
204     98      0.607
98      38      0.607
316     114     0.607
498     115     0.606
314     208     0.606
205     73      0.605
497     182     0.605
324     270     0.605
517     272     0.605
517     183     0.604
211     38      0.604
336     37      0.604
339     257     0.604
113     35      0.604
314     101     0.603
272     183     0.603
316     207     0.603
339     273     0.602
347     312     0.602
315     270     0.602
105     32      0.602
312     104     0.602
114     98      0.602
101     39      0.601
313     102     0.601
115     38      0.601
312     100     0.601
98      36      0.600
114     31      0.600
113     99      0.600
497     347     0.599
336     254     0.599
115     35      0.599
497     356     0.599
261     73      0.599
497     275     0.598
269     229     0.598
210     114     0.598
39      31      0.598
207     38      0.598
313     254     0.597
347     270     0.596
100     34      0.596
269     233     0.596
324     266     0.596
314     36      0.596
316     270     0.596
113     100     0.596
517     74      0.596
210     98      0.596
342     315     0.596
105     37      0.595
211     40      0.595
100     39      0.595
514     337     0.595
508     73      0.594
312     269     0.594
261     74      0.594
312     204     0.594
316     33      0.594
98      37      0.593
310     73      0.593
273     182     0.593
336     286     0.593
272     261     0.593
339     261     0.593
312     35      0.592
515     74      0.592
332     261     0.592
272     74      0.592
286     261     0.592
312     206     0.591
312     101     0.591
517     114     0.591
515     77      0.591
333     272     0.591
284     73      0.591
341     270     0.590
362     270     0.590
312     36      0.590
316     208     0.590
499     286     0.590
206     101     0.590
507     269     0.589
315     113     0.589
313     114     0.589
339     211     0.589
497     341     0.589
314     73      0.589
97      77      0.589
335     183     0.589
508     316     0.589
269     175     0.589
332     284     0.588
508     347     0.588
115     105     0.588
105     38      0.588
206     102     0.588
272     73      0.588
104     36      0.588
73      59      0.588
112     39      0.588
343     211     0.588
205     77      0.587
324     183     0.587
343     205     0.587
312     38      0.587
206     99      0.587
211     31      0.587
315     272     0.587
211     39      0.586
205     36      0.586
316     269     0.586
115     40      0.586
497     310     0.586
343     273     0.585
508     381     0.585
506     261     0.585
205     182     0.585
314     100     0.585
211     74      0.584
324     5       0.584
284     183     0.584
312     113     0.584
498     183     0.584
335     269     0.584
494     31      0.584
497     71      0.584
314     271     0.584
112     37      0.584
314     98      0.583
498     341     0.583
114     101     0.583
497     335     0.583
210     104     0.582
210     34      0.582
497     271     0.582
508     269     0.582
512     274     0.582
207     101     0.582
337     260     0.582
98      32      0.582
508     342     0.582
350     333     0.581
508     310     0.581
517     303     0.581
515     59      0.581
497     90      0.581
513     362     0.581
104     88      0.581
317     204     0.581
498     336     0.581
356     211     0.580
342     205     0.580
100     35      0.580
211     113     0.580
357     182     0.579
499     261     0.579
499     211     0.579
211     35      0.579
113     34      0.579
208     39      0.579
210     38      0.579
347     337     0.579
324     73      0.579
113     38      0.579
336     312     0.579
354     312     0.578
206     38      0.578
316     36      0.578
314     40      0.578
499     97      0.578
211     114     0.578
347     211     0.578
266     182     0.578
315     74      0.577
312     207     0.577
493     31      0.577
336     211     0.577
284     277     0.577
356     269     0.576
337     254     0.576
101     33      0.576
316     275     0.576
310     266     0.576
342     273     0.576
347     336     0.575
316     34      0.575
499     313     0.575
384     275     0.575
517     261     0.575
266     257     0.575
210     33      0.575
499     353     0.575
339     254     0.575
312     261     0.575
115     103     0.574
207     99      0.574
313     100     0.574
269     211     0.574
356     337     0.574
343     204     0.574
498     48      0.574
499     72      0.573
342     316     0.573
316     101     0.573
508     91      0.573
209     113     0.573
357     284     0.572
339     72      0.572
317     205     0.572
272     77      0.572
497     58      0.572
362     211     0.572
354     333     0.572
316     102     0.571
495     112     0.571
339     275     0.571
313     284     0.571
269     76      0.571
106     98      0.571
339     271     0.571
272     205     0.571
333     273     0.570
347     284     0.570
497     75      0.570
333     270     0.570
517     209     0.570
310     276     0.570
313     98      0.569
314     113     0.569
341     315     0.569
98      35      0.569
514     176     0.569
273     77      0.568
356     347     0.568
211     147     0.568
513     499     0.568
341     261     0.568
339     171     0.568
209     34      0.568
211     104     0.568
211     73      0.567
205     114     0.567
513     90      0.567
205     113     0.567
498     32      0.567
312     275     0.567
508     376     0.566
362     275     0.566
313     105     0.566
329     269     0.566
210     102     0.566
270     211     0.565
337     74      0.565
313     182     0.565
362     182     0.565
205     31      0.565
310     77      0.565
115     104     0.565
261     77      0.565
97      90      0.565
99      40      0.564
498     204     0.564
99      34      0.564
347     77      0.564
286     266     0.563
497     342     0.563
211     77      0.563
357     205     0.563
311     272     0.563
499     114     0.563
499     334     0.563
336     316     0.562
112     31      0.562
265     183     0.562
106     33      0.561
102     34      0.561
362     332     0.561
507     98      0.561
347     74      0.561
337     286     0.561
508     254     0.561
114     36      0.561
515     73      0.561
352     316     0.561
105     98      0.561
339     76      0.561
312     102     0.561
356     311     0.561
498     89      0.560
40      33      0.560
336     265     0.560
316     277     0.560
347     275     0.560
313     271     0.560
313     204     0.560
205     40      0.559
498     113     0.559
270     182     0.559
114     102     0.559
384     337     0.559
313     103     0.559
324     31      0.559
342     39      0.559
497     112     0.558
506     73      0.558
208     34      0.558
206     104     0.558
497     91      0.557
209     114     0.557
310     284     0.557
335     211     0.557
314     31      0.557
205     74      0.557
335     73      0.556
324     179     0.556
115     34      0.555
499     59      0.555
497     353     0.555
313     272     0.555
314     114     0.555
315     40      0.555
314     272     0.555
208     35      0.554
386     284     0.554
335     254     0.554
342     209     0.554
105     35      0.554
343     312     0.554
272     254     0.554
106     31      0.553
273     211     0.553
286     269     0.553
347     316     0.553
316     98      0.553
499     272     0.553
273     233     0.553
329     73      0.552
316     204     0.552
324     296     0.552
498     362     0.552
347     182     0.552
284     175     0.551
102     31      0.551
207     100     0.551
329     316     0.551
498     335     0.551
324     312     0.551
517     506     0.550
269     74      0.550
115     98      0.550
341     314     0.550
338     183     0.550
498     311     0.550
337     175     0.550
495     73      0.550
357     337     0.550
211     204     0.550
204     105     0.550
333     316     0.550
340     272     0.549
513     77      0.549
334     268     0.549
314     269     0.549
315     33      0.549
316     254     0.549
508     476     0.549
313     34      0.549
513     303     0.549
336     270     0.549
38      31      0.549
499     356     0.548
286     182     0.548
316     286     0.548
98      33      0.548
113     31      0.548
338     269     0.548
515     11      0.547
336     56      0.547
211     97      0.547
339     332     0.547
284     271     0.547
356     316     0.547
299     261     0.547
331     269     0.547
206     35      0.546
339     77      0.546
254     182     0.546
514     364     0.546
207     104     0.546
115     31      0.546
324     74      0.546
112     38      0.546
499     271     0.546
316     272     0.546
515     88      0.546
347     266     0.546
343     315     0.546
341     73      0.546
273     72      0.546
337     316     0.546
115     99      0.546
284     178     0.545
384     182     0.545
499     64      0.545
210     113     0.545
315     271     0.545
269     209     0.545
362     333     0.545
499     362     0.545
261     183     0.545
261     219     0.544
508     303     0.544
513     286     0.544
266     170     0.544
272     182     0.544
515     508     0.544
343     314     0.543
341     324     0.543
112     98      0.543
341     210     0.543
293     254     0.543
332     273     0.543
273     205     0.543
310     277     0.542
311     209     0.542
335     261     0.542
343     31      0.542
315     112     0.542
205     103     0.542
337     223     0.542
261     234     0.542
508     76      0.542
113     102     0.542
347     332     0.541
205     147     0.541
102     33      0.541
315     105     0.541
342     204     0.541
115     97      0.541
114     73      0.541
497     254     0.541
260     73      0.541
515     303     0.541
313     286     0.541
497     78      0.541
261     90      0.540
211     34      0.540
275     211     0.540
335     272     0.540
364     261     0.540
310     205     0.540
350     339     0.540
211     101     0.540
98      34      0.540
343     316     0.540
96      32      0.540
339     299     0.540
329     272     0.540
508     273     0.540
517     11      0.539
333     286     0.539
99      59      0.539
335     77      0.539
513     35      0.539
376     284     0.539
114     33      0.539
286     77      0.539
310     147     0.539
333     77      0.539
269     260     0.538
332     266     0.538
316     113     0.538
286     229     0.538
333     73      0.538
514     77      0.538
513     73      0.538
350     273     0.538
266     74      0.537
207     114     0.537
113     104     0.537
513     506     0.537
517     31      0.537
112     32      0.537
261     176     0.537
97      35      0.537
315     204     0.537
513     337     0.536
104     40      0.536
324     205     0.536
507     324     0.536
286     277     0.536
112     40      0.536
208     38      0.536
284     77      0.536
261     223     0.536
312     284     0.535
101     34      0.535
507     338     0.535
97      37      0.535
312     32      0.535
209     103     0.535
324     286     0.535
347     335     0.535
356     324     0.535
99      36      0.534
316     103     0.534
376     333     0.534
508     270     0.534
497     352     0.534
206     98      0.534
338     272     0.534
336     182     0.534
499     347     0.534
112     97      0.534
356     182     0.534
312     271     0.534
313     90      0.533
339     264     0.533
324     267     0.533
350     74      0.533
284     229     0.533
499     90      0.533
335     74      0.533
384     254     0.533
513     59      0.532
497     277     0.532
351     311     0.532
376     266     0.532
514     79      0.532
106     38      0.532
315     97      0.532
356     272     0.532
279     272     0.531
513     11      0.531
266     73      0.531
517     353     0.531
312     115     0.531
272     71      0.531
384     316     0.531
261     211     0.531
352     312     0.531
341     275     0.531
299     284     0.531
105     39      0.530
211     98      0.530
286     175     0.530
205     58      0.530
356     204     0.530
266     72      0.530
335     324     0.530
312     114     0.530
515     183     0.530
206     103     0.530
277     266     0.530
336     4       0.530
313     31      0.530
286     270     0.530
317     274     0.529
343     313     0.529
499     276     0.529
384     261     0.529
73      58      0.529
114     103     0.529
284     234     0.528
335     316     0.528
337     330     0.528
272     37      0.528
205     105     0.528
336     315     0.528
310     74      0.528
313     36      0.528
284     170     0.528
331     182     0.528
337     277     0.528
505     183     0.528
357     269     0.528
261     37      0.527
114     74      0.527
506     59      0.527
324     254     0.527
73      37      0.527
204     103     0.527
356     275     0.527
336     183     0.527
272     75      0.527
332     324     0.527
337     73      0.527
514     58      0.527
336     58      0.526
357     336     0.526
277     269     0.526
350     341     0.526
99      33      0.526
333     266     0.526
104     58      0.526
515     284     0.526
517     499     0.526
312     98      0.526
104     90      0.525
347     340     0.525
331     266     0.525
499     266     0.525
497     209     0.525
376     261     0.525
517     273     0.525
314     112     0.525
152     31      0.525
113     105     0.525
350     269     0.525
210     31      0.525
499     303     0.524
337     77      0.524
508     252     0.524
356     339     0.524
517     284     0.524
376     74      0.524
286     74      0.524
357     275     0.524
353     336     0.523
506     90      0.523
310     97      0.523
514     362     0.523
517     335     0.523
270     74      0.523
356     270     0.523
115     32      0.523
337     182     0.522
99      76      0.522
286     257     0.522
362     316     0.522
206     34      0.522
106     39      0.522
324     313     0.522
98      73      0.522
284     176     0.521