Prediction Made with CORNET:
a Neural Network based method trained using Correlated Mutations,
Sequence Conservation, Predicted Secondary structure of Proteins and
Evolutionary Information.
Authors Fariselli Piero, Olmea Osvaldo, Valencia Alfonso, Rita Casadio.
This method is an extension of the two following methods

Olmea O. and Valencia A. (1997) Fold. Des. 2: S25-32.

Fariselli P and Casadio R. (1999) Prot. Engng 12:15-21

#================================================================#

PREDICTION

Couple          Reliability
i       j
106     85      0.926
300     32      0.916
324     138     0.916
300     17      0.912
304     34      0.897
101     88      0.896
300     34      0.895
104     95      0.894
106     88      0.894
324     88      0.893
303     34      0.892
304     88      0.892
135     85      0.887
300     104     0.884
34      27      0.884
166     128     0.880
324     166     0.878
303     95      0.876
300     15      0.876
324     95      0.874
376     340     0.871
324     125     0.871
389     85      0.868
95      34      0.868
307     137     0.868
376     138     0.868
324     15      0.867
300     125     0.866
307     218     0.866
137     88      0.865
95      88      0.865
104     88      0.864
300     88      0.863
324     244     0.863
95      32      0.863
300     95      0.862
324     143     0.862
95      17      0.860
304     32      0.860
324     133     0.859
324     17      0.859
304     37      0.858
106     95      0.858
304     36      0.857
218     166     0.856
304     15      0.855
324     32      0.854
292     29      0.852
225     135     0.852
324     289     0.851
101     30      0.851
218     88      0.850
35      27      0.847
303     17      0.846
37      27      0.845
311     289     0.844
307     17      0.842
300     138     0.842
218     135     0.841
307     88      0.841
304     17      0.841
96      25      0.840
311     135     0.840
324     303     0.840
303     28      0.839
324     104     0.839
303     26      0.839
95      30      0.839
31      16      0.838
300     166     0.837
376     253     0.837
324     137     0.837
304     133     0.836
324     241     0.834
323     105     0.834
96      37      0.832
303     15      0.832
311     303     0.832
108     88      0.832
307     104     0.832
34      15      0.831
304     138     0.831
311     17      0.830
96      35      0.830
324     116     0.830
324     253     0.829
300     244     0.828
134     88      0.827
166     95      0.827
389     311     0.827
307     215     0.827
300     135     0.826
37      25      0.826
376     143     0.826
303     218     0.825
33      25      0.824
95      36      0.824
157     128     0.824
215     137     0.823
137     72      0.823
300     133     0.822
32      17      0.821
303     289     0.820
304     28      0.819
376     166     0.819
322     106     0.819
300     36      0.819
215     135     0.819
307     134     0.818
300     30      0.818
307     216     0.818
300     115     0.818
166     132     0.817
300     289     0.817
303     85      0.817
307     292     0.817
215     88      0.817
34      17      0.816
262     143     0.815
166     88      0.814
292     135     0.813
304     198     0.813
300     137     0.813
223     135     0.812
95      27      0.812
300     37      0.811
101     27      0.811
311     85      0.811
300     253     0.811
303     32      0.810
303     88      0.810
303     132     0.809
171     88      0.809
166     85      0.808
307     138     0.808
376     244     0.807
303     137     0.806
304     253     0.806
304     27      0.806
166     137     0.804
135     101     0.804
34      26      0.804
376     319     0.804
36      17      0.804
311     290     0.804
38      17      0.803
135     125     0.803
218     183     0.803
218     119     0.803
166     93      0.803
95      26      0.802
171     132     0.802
102     30      0.802
215     132     0.802
288     215     0.801
132     17      0.800
300     38      0.800
324     135     0.800
215     91      0.799
218     104     0.799
304     95      0.799
304     132     0.799
166     49      0.798
321     107     0.798
304     218     0.798
311     304     0.798
28      15      0.797
102     29      0.796
215     143     0.795
37      16      0.794
311     217     0.794
385     23      0.794
324     312     0.794
35      15      0.793
311     125     0.793
324     132     0.793
166     15      0.793
307     68      0.793
303     36      0.792
72      28      0.792
306     96      0.792
304     104     0.792
166     133     0.791
323     23      0.791
379     166     0.791
288     88      0.791
138     128     0.791
321     134     0.791
248     85      0.790
300     247     0.790
38      15      0.790
304     101     0.790
225     9       0.790
323     96      0.790
319     128     0.790
34      16      0.790
300     72      0.789
307     135     0.789
141     125     0.789
137     116     0.789
106     12      0.787
389     324     0.787
323     165     0.787
137     9       0.787
292     88      0.787
34      9       0.786
218     138     0.786
303     138     0.786
324     30      0.786
288     133     0.785
300     27      0.785
218     106     0.785
95      15      0.784
26      17      0.784
300     197     0.784
223     9       0.783
300     116     0.783
307     133     0.783
166     72      0.783
291     30      0.783
104     85      0.782
304     128     0.782
135     128     0.782
324     247     0.782
321     311     0.781
324     36      0.781
288     85      0.781
36      27      0.781
304     166     0.781
218     143     0.780
138     88      0.780
38      28      0.780
301     16      0.780
311     138     0.779
304     16      0.779
166     138     0.779
166     101     0.779
376     134     0.779
304     137     0.779
95      38      0.778
321     289     0.778
98      27      0.778
322     166     0.778
95      28      0.778
307     300     0.778
304     226     0.777
132     91      0.777
135     119     0.777
300     143     0.776
163     138     0.776
376     171     0.776
96      27      0.776
324     171     0.776
307     15      0.775
171     138     0.775
376     132     0.775
303     135     0.774
166     37      0.774
307     294     0.774
218     73      0.774
324     216     0.774
306     102     0.773
132     88      0.773
101     34      0.773
303     128     0.773
376     324     0.773
135     88      0.773
28      17      0.773
247     128     0.773
304     216     0.772
300     201     0.772
324     311     0.772
35      17      0.771
300     26      0.771
304     26      0.771
94      31      0.770
319     143     0.770
322     135     0.770
324     101     0.770
36      15      0.769
324     134     0.769
300     96      0.769
323     14      0.769
221     29      0.769
319     292     0.768
322     104     0.768
137     108     0.768
292     95      0.768
34      25      0.768
304     30      0.768
225     198     0.767
304     96      0.767
303     104     0.767
106     28      0.767
311     88      0.767
225     128     0.767
300     127     0.767
319     88      0.767
166     119     0.767
157     85      0.767
94      33      0.766
218     128     0.766
322     137     0.766
166     48      0.766
132     49      0.766
128     115     0.765
163     88      0.765
292     85      0.765
376     72      0.764
96      36      0.764
141     133     0.764
143     49      0.764
163     132     0.764
303     166     0.763
292     101     0.763
300     218     0.763
36      26      0.763
300     35      0.763
321     135     0.763
300     134     0.763
322     292     0.763
311     16      0.763
376     88      0.762
311     104     0.762
303     37      0.762
379     307     0.762
300     28      0.761
290     18      0.761
165     140     0.761
303     65      0.761
376     164     0.761
304     116     0.761
106     72      0.760
304     244     0.760
301     29      0.760
292     138     0.760
385     292     0.759
137     128     0.759
307     119     0.759
307     125     0.759
299     105     0.758
98      34      0.758
388     290     0.758
311     37      0.758
311     166     0.758
379     319     0.758
303     216     0.758
304     35      0.758
132     36      0.758
218     72      0.757
135     91      0.757
311     133     0.757
290     165     0.757
379     132     0.757
308     29      0.757
319     198     0.757
128     106     0.757
379     134     0.756
223     198     0.756
101     17      0.756
108     72      0.756
304     38      0.756
301     37      0.756
108     49      0.756
384     134     0.756
304     73      0.755
324     128     0.755
324     106     0.755
225     132     0.755
304     292     0.755
311     288     0.754
311     300     0.754
307     28      0.754
36      16      0.754
215     138     0.754
389     141     0.754
304     125     0.754
215     183     0.754
324     68      0.753
324     85      0.753
30      17      0.753
324     164     0.753
299     33      0.753
304     135     0.753
135     17      0.753
321     291     0.752
324     141     0.752
27      16      0.752
303     215     0.752
95      37      0.752
384     135     0.752
36      28      0.752
300     85      0.752
319     9       0.752
323     31      0.751
303     101     0.751
104     65      0.751
307     288     0.751
319     138     0.751
135     116     0.751
380     292     0.751
98      30      0.751
379     116     0.751
157     88      0.751
135     49      0.750
301     30      0.750
102     34      0.750
304     29      0.750
33      16      0.750
322     132     0.750
225     133     0.750
37      15      0.750
88      37      0.749
307     166     0.749
376     288     0.748
289     106     0.748
307     98      0.748
218     37      0.748
322     215     0.748
171     135     0.748
376     104     0.748
376     135     0.748
312     101     0.747
312     17      0.747
223     88      0.747
304     215     0.747
376     336     0.747
192     143     0.747
137     101     0.747
290     105     0.747
304     72      0.747
324     307     0.747
307     116     0.747
290     23      0.746
324     218     0.746
292     166     0.746
381     134     0.746
166     135     0.745
26      15      0.745
321     216     0.745
217     135     0.745
312     300     0.745
301     33      0.745
288     216     0.744
171     133     0.744
100     18      0.743
166     53      0.743
301     96      0.743
215     163     0.743
303     102     0.743
218     201     0.743
95      68      0.743
247     95      0.743
324     215     0.743
376     115     0.742
100     29      0.742
292     169     0.742
324     288     0.742
389     128     0.742
106     96      0.742
218     125     0.742
300     164     0.742
134     85      0.741
94      37      0.741
322     138     0.741
289     166     0.740
288     138     0.740
96      15      0.740
304     98      0.739
300     241     0.739
313     26      0.739
319     163     0.739
374     311     0.739
319     137     0.739
321     18      0.739
324     38      0.738
324     300     0.738
218     49      0.738
307     244     0.738
307     101     0.738
319     135     0.738
225     49      0.737
166     116     0.737
218     115     0.737
72      9       0.737
166     28      0.737
166     34      0.737
324     115     0.737
303     35      0.736
218     17      0.736
96      30      0.736
292     217     0.736
303     134     0.736
128     32      0.736
106     9       0.736
311     15      0.736
324     292     0.735
300     249     0.735
376     137     0.735
311     30      0.735
104     17      0.735
300     216     0.735
310     165     0.735
104     29      0.735
324     154     0.735
137     12      0.734
88      72      0.734
96      16      0.734
292     98      0.734
311     32      0.734
321     312     0.734
323     164     0.734
321     133     0.734
163     29      0.734
300     132     0.733
324     119     0.733
319     72      0.733
259     183     0.732
218     132     0.732
300     16      0.732
141     116     0.732
72      65      0.732
106     27      0.732
289     95      0.732
72      36      0.732
303     96      0.732
303     292     0.732
302     34      0.731
223     138     0.731
107     30      0.731
223     143     0.731
108     91      0.731
304     49      0.731
95      72      0.731
94      14      0.731
300     101     0.731
143     5       0.731
166     9       0.731
88      65      0.730
292     223     0.730
137     5       0.730
291     164     0.730
360     128     0.729
108     68      0.729
32      15      0.729
143     88      0.729
339     49      0.729
95      85      0.729
219     29      0.729
379     138     0.729
138     9       0.729
324     9       0.729
303     9       0.729
88      17      0.728
383     221     0.728
303     249     0.728
128     119     0.728
101     29      0.728
323     292     0.728
303     98      0.728
299     165     0.728
269     85      0.727
102     95      0.727
300     292     0.727
301     25      0.727
292     96      0.727
88      73      0.727
221     161     0.727
35      25      0.727
321     85      0.727
166     17      0.727
115     85      0.727
96      33      0.727
303     116     0.726
169     88      0.726
304     247     0.726
378     135     0.726
288     241     0.726
311     292     0.725
299     31      0.725
311     116     0.725
322     288     0.725
323     18      0.725
218     137     0.725
319     236     0.725
322     108     0.725
302     95      0.724
132     72      0.724
36      25      0.723
311     93      0.723
215     49      0.723
385     29      0.723
85      72      0.723
388     323     0.722
106     29      0.722
311     164     0.722
304     289     0.722
223     29      0.722
311     34      0.722
377     292     0.722
218     116     0.721
379     218     0.721
389     376     0.721
324     34      0.721
288     135     0.721
307     183     0.721
215     9       0.721
243     143     0.721
35      26      0.721
311     215     0.720
104     26      0.720
35      16      0.720
301     36      0.720
303     72      0.720
289     135     0.720
138     116     0.720
378     30      0.720
304     284     0.720
386     164     0.720
292     108     0.720
132     37      0.719
299     14      0.719
321     225     0.719
307     253     0.719
94      27      0.719
201     128     0.719
88      12      0.719
292     215     0.719
128     34      0.719
289     34      0.719
198     135     0.719
292     106     0.718
243     138     0.718
324     89      0.718
218     15      0.718
321     128     0.718
304     164     0.718
376     85      0.718
324     72      0.718
88      9       0.718
96      31      0.718
107     100     0.718
379     247     0.718
137     85      0.718
324     96      0.718
288     137     0.718
292     132     0.717
288     101     0.717
98      88      0.717
299     23      0.717
324     73      0.717
166     115     0.717
198     88      0.716
218     127     0.716
108     101     0.715
292     218     0.715
300     98      0.715
225     138     0.714
292     38      0.714
307     197     0.714
217     14      0.714
303     115     0.714
169     138     0.714
321     130     0.714
166     12      0.713
379     288     0.713
225     215     0.713
94      23      0.713
198     36      0.713
292     17      0.713
319     218     0.713
96      32      0.712
396     217     0.712
397     217     0.712
300     68      0.712
376     116     0.712
215     133     0.712
311     96      0.712
300     33      0.712
163     108     0.712
216     88      0.712
218     38      0.712
288     217     0.712
102     28      0.712
319     119     0.712
324     49      0.712
36      29      0.711
301     100     0.711
300     215     0.711
303     247     0.711
278     143     0.711
297     135     0.711
322     307     0.711
104     49      0.710
300     73      0.710
137     65      0.710
305     37      0.710
215     108     0.710
323     311     0.710
101     85      0.710
307     30      0.709
319     132     0.709
108     29      0.709
312     15      0.709
88      53      0.709
289     101     0.709
223     137     0.708
284     198     0.708
163     137     0.708
132     116     0.708
300     119     0.708
376     285     0.708
143     65      0.708
294     106     0.708
137     49      0.708
100     28      0.708
301     31      0.707
49      27      0.707
300     157     0.707
303     68      0.706
376     303     0.706
304     100     0.706
288     167     0.706
218     101     0.706
292     104     0.706
304     157     0.705
389     190     0.705
376     157     0.705
27      15      0.705
324     198     0.705
37      26      0.705
216     166     0.705
292     116     0.705
96      17      0.705
225     88      0.705
322     17      0.705
292     25      0.705
311     143     0.705
303     38      0.705
262     137     0.705
307     249     0.705
108     52      0.704
301     34      0.704
307     225     0.704
303     133     0.704
132     34      0.704
137     98      0.704
166     87      0.704
38      26      0.704
218     32      0.704
102     88      0.704
104     9       0.703
248     135     0.703
324     37      0.703
300     198     0.703
132     108     0.703
95      9       0.703
374     85      0.703
218     157     0.703
137     115     0.703
288     218     0.703
103     25      0.703
223     215     0.703
303     93      0.703
311     25      0.702
288     128     0.702
218     133     0.702
398     217     0.702
101     15      0.702
310     23      0.702
340     138     0.702
72      34      0.702
289     218     0.701
376     321     0.701
223     197     0.701
307     247     0.701
101     9       0.701
307     169     0.701
321     190     0.701
236     218     0.701
88      56      0.701
288     132     0.701
288     198     0.701
319     288     0.701
319     226     0.701
390     290     0.700
197     72      0.700
288     166     0.700
91      29      0.700
322     34      0.700
307     164     0.700
216     72      0.700
132     15      0.700
302     26      0.700
23      16      0.700
37      17      0.700
288     163     0.700
311     27      0.699
319     56      0.699
127     49      0.699
319     65      0.699
324     217     0.699
300     225     0.699
171     134     0.699
221     163     0.698
300     25      0.698
108     28      0.698
379     253     0.698