Prediction Made with CORNET:
a Neural Network based method trained using Correlated Mutations,
Sequence Conservation, Predicted Secondary structure of Proteins and
Evolutionary Information.
Authors Fariselli Piero, Olmea Osvaldo, Valencia Alfonso, Rita Casadio.
This method is an extension of the two following methods

Olmea O. and Valencia A. (1997) Fold. Des. 2: S25-32.

Fariselli P and Casadio R. (1999) Prot. Engng 12:15-21

#================================================================#

PREDICTION

Couple          Reliability
i       j
298     31      0.908
298     33      0.894
302     196     0.891
302     33      0.884
301     33      0.881
302     35      0.877
322     164     0.876
164     70      0.876
317     196     0.865
305     216     0.862
298     195     0.858
298     35      0.858
302     135     0.853
305     135     0.851
322     242     0.846
322     136     0.844
164     135     0.842
322     196     0.841
298     164     0.840
322     287     0.840
216     164     0.838
322     141     0.837
223     196     0.834
322     301     0.834
195     70      0.833
164     126     0.832
302     31      0.827
298     196     0.827
302     36      0.827
320     164     0.826
301     287     0.826
286     196     0.824
164     14      0.824
216     70      0.824
93      31      0.822
196     164     0.821
135     70      0.821
298     70      0.820
301     216     0.820
322     31      0.819
305     66      0.819
260     141     0.816
164     47      0.815
286     213     0.815
301     135     0.815
298     93      0.815
302     224     0.815
317     70      0.814
322     135     0.814
322     26      0.814
317     195     0.814
195     135     0.813
305     213     0.812
93      33      0.812
221     196     0.811
213     135     0.811
305     195     0.811
322     66      0.810
196     70      0.809
298     287     0.809
301     31      0.808
305     214     0.808
93      35      0.807
305     292     0.806
298     242     0.805
305     290     0.805
301     93      0.805
302     164     0.804
298     26      0.804
164     33      0.803
301     35      0.803
216     141     0.802
322     239     0.801
322     70      0.799
196     135     0.798
287     164     0.798
322     114     0.797
322     35      0.797
302     95      0.795
298     197     0.794
223     133     0.794
309     287     0.794
322     195     0.793
309     288     0.792
301     164     0.792
290     28      0.791
320     196     0.791
302     70      0.790
195     133     0.790
301     195     0.789
216     196     0.788
322     309     0.787
286     28      0.787
320     70      0.787
309     215     0.787
298     245     0.786
302     26      0.786
301     70      0.786
322     245     0.786
322     305     0.786
196     133     0.784
322     197     0.784
305     298     0.783
317     141     0.782
70      63      0.781
288     163     0.781
216     26      0.781
305     164     0.781
320     135     0.780
320     298     0.779
290     196     0.779
164     86      0.778
301     196     0.778
320     301     0.777
317     290     0.776
301     213     0.775
290     164     0.774
322     216     0.774
301     36      0.774
320     33      0.773
196     35      0.772
290     36      0.772
298     141     0.772
305     196     0.771
320     213     0.771
298     135     0.771
305     197     0.771
213     141     0.769
319     287     0.769
95      36      0.769
94      34      0.769
164     51      0.769
322     214     0.769
221     195     0.768
164     117     0.768
195     130     0.768
322     93      0.767
302     195     0.766
164     26      0.765
26      14      0.765
92      36      0.765
164     91      0.765
320     290     0.765
302     214     0.765
289     164     0.765
322     14      0.764
309     301     0.764
298     95      0.764
298     199     0.764
301     14      0.763
317     135     0.763
319     214     0.763
391     126     0.763
305     286     0.762
164     36      0.761
298     66      0.759
300     33      0.759
36      14      0.758
216     199     0.758
164     46      0.758
223     195     0.758
322     290     0.758
25      15      0.757
320     302     0.757
286     164     0.757
196     117     0.757
317     305     0.756
164     35      0.756
298     216     0.755
301     91      0.755
216     195     0.755
289     37      0.755
221     133     0.754
163     138     0.753
288     36      0.753
322     213     0.753
320     195     0.752
302     216     0.752
302     34      0.752
286     70      0.752
298     36      0.751
282     196     0.751
319     304     0.751
317     136     0.750
298     247     0.749
196     33      0.749
302     290     0.749
286     195     0.749
317     234     0.749
317     126     0.748
309     290     0.748
322     152     0.748
322     95      0.747
164     93      0.747
322     86      0.747
286     214     0.747
317     117     0.746
93      36      0.746
305     70      0.746
196     131     0.746
195     136     0.746
290     213     0.745
309     286     0.745
391     196     0.744
213     70      0.744
298     136     0.744
290     70      0.744
34      26      0.743
317     224     0.743
321     163     0.742
322     286     0.742
190     141     0.742
164     69      0.742
224     196     0.741
322     139     0.741
305     242     0.741
92      30      0.741
301     214     0.740
216     117     0.738
320     136     0.738
286     35      0.738
301     247     0.738
299     33      0.738
216     133     0.738
319     289     0.737
322     298     0.737
317     216     0.736
141     11      0.736
322     131     0.736
309     302     0.736
93      34      0.736
216     197     0.735
320     286     0.735
305     136     0.735
302     287     0.734
319     196     0.734
70      33      0.734
94      30      0.734
300     35      0.733
301     34      0.733
196     136     0.733
317     66      0.732
36      28      0.732
320     305     0.732
219     159     0.732
321     94      0.732
309     164     0.732
135     71      0.731
299     35      0.730
213     133     0.730
241     141     0.729
302     242     0.729
317     286     0.728
286     135     0.728
302     213     0.728
302     136     0.728
286     165     0.728
164     130     0.728
309     133     0.727
298     34      0.727
309     15      0.727
322     24      0.726
276     141     0.726
301     290     0.726
33      26      0.725
322     25      0.725
322     133     0.725
322     199     0.725
320     26      0.725
319     291     0.724
322     33      0.724
164     63      0.723
302     131     0.723
298     290     0.723
301     126     0.723
164     136     0.722
35      14      0.722
164     85      0.722
141     47      0.722
214     70      0.722
305     102     0.722
290     221     0.721
95      35      0.721
305     26      0.721
322     292     0.721
93      37      0.720
305     199     0.720
221     141     0.720
181     70      0.719
196     126     0.719
317     213     0.719
289     29      0.719
245     126     0.718
320     93      0.718
305     245     0.717
298     133     0.717
223     47      0.717
93      29      0.716
319     36      0.715
302     96      0.715
309     216     0.715
298     37      0.714
298     213     0.714
302     282     0.714
130     35      0.714
286     98      0.714
196     71      0.713
195     114     0.713
70      35      0.713
286     215     0.713
305     247     0.713
286     36      0.713
322     241     0.713
319     94      0.712
133     117     0.712
302     28      0.712
223     213     0.712
241     70      0.711
391     47      0.711
302     130     0.710
300     93      0.710
213     195     0.710
319     133     0.710
223     70      0.710
287     70      0.710
305     211     0.709
305     14      0.709
305     35      0.709
195     63      0.709
164     71      0.709
309     213     0.709
319     223     0.709
301     66      0.709
320     28      0.709
141     63      0.709
321     30      0.708
164     102     0.708
213     196     0.708
297     32      0.707
164     113     0.707
298     25      0.706
25      14      0.706
286     26      0.706
290     215     0.706
309     28      0.706
391     214     0.705
309     136     0.705
319     99      0.705
216     134     0.705
164     114     0.705
299     30      0.704
322     36      0.704
164     96      0.704
133     67      0.704
322     302     0.704
317     309     0.704
298     214     0.704
301     63      0.704
290     133     0.704
319     222     0.703
221     70      0.703
292     164     0.703
287     196     0.703
133     66      0.702
287     33      0.702
223     194     0.702
322     117     0.702
298     102     0.702
164     152     0.702
97      36      0.701
286     246     0.701
309     298     0.701
309     297     0.700
221     135     0.700
302     245     0.700
309     197     0.699
219     196     0.699
337     47      0.699
260     135     0.699
135     11      0.699
299     31      0.698
92      32      0.698
216     181     0.698
317     181     0.698
316     309     0.698
317     161     0.698
305     167     0.698
28      14      0.698
216     135     0.697
300     36      0.697
319     297     0.697
216     71      0.697
141     70      0.697
302     69      0.697
319     309     0.696
301     136     0.696
319     26      0.696
155     126     0.696
164     11      0.695
298     251     0.695
305     25      0.695
305     33      0.695
319     290     0.695
305     287     0.695
287     216     0.694
299     32      0.694
305     223     0.694
317     302     0.694
300     31      0.694
301     130     0.694
96      36      0.693
317     36      0.693
226     70      0.693
319     91      0.693
25      16      0.693
164     4       0.692
299     36      0.692
246     133     0.692
195     66      0.692
97      26      0.692
286     239     0.692
133     47      0.692
305     132     0.692
290     216     0.691
298     131     0.691
302     246     0.691
301     245     0.691
297     163     0.691
302     93      0.690
320     35      0.690
302     66      0.690
322     123     0.690
320     167     0.689
304     291     0.689
298     47      0.689
317     139     0.689
245     196     0.689
214     164     0.689
305     31      0.688
226     135     0.688
196     63      0.688
309     214     0.688
133     70      0.688
300     34      0.688
301     257     0.688
317     133     0.687
320     36      0.687
309     196     0.687
216     47      0.687
93      14      0.687
302     197     0.687
317     86      0.687
300     32      0.687
302     126     0.687
216     35      0.686
289     162     0.686
164     139     0.686
286     221     0.686
321     36      0.686
216     136     0.686
219     28      0.686
322     37      0.686
291     28      0.685
309     70      0.685
234     216     0.685
290     14      0.685
196     130     0.685
196     141     0.685
70      51      0.684
302     15      0.684
298     239     0.684
94      35      0.684
298     114     0.684
289     26      0.684
322     310     0.684
245     234     0.683
317     63      0.683
317     54      0.683
287     28      0.683
30      15      0.683
33      25      0.682
217     28      0.682
264     66      0.682
93      26      0.682
298     16      0.682
223     117     0.682
301     226     0.682
319     298     0.682
213     69      0.682
135     63      0.681
223     130     0.681
216     126     0.681
161     136     0.681
96      33      0.681
305     114     0.681
286     15      0.681
126     33      0.681
334     302     0.680
135     114     0.680
304     28      0.680
322     102     0.680
302     47      0.680
286     131     0.680
70      14      0.680
257     141     0.679
322     211     0.679
291     16      0.679
289     91      0.679
298     14      0.679
302     86      0.679
322     28      0.678
245     195     0.678
221     159     0.678
301     289     0.678
213     66      0.678
319     310     0.678
322     288     0.678
321     32      0.678
196     54      0.678
322     71      0.678
286     216     0.677
290     135     0.677
320     25      0.677
319     15      0.677
245     47      0.677
234     196     0.677
319     28      0.676
167     14      0.676
213     181     0.676
216     66      0.675
306     28      0.675
299     28      0.675
164     131     0.675
319     306     0.675
320     31      0.675
195     155     0.675
223     35      0.675
301     286     0.675
299     196     0.675
319     132     0.674
216     36      0.674
319     24      0.674
301     133     0.674
288     25      0.674
293     28      0.673
245     181     0.673
318     28      0.673
301     223     0.673
319     93      0.673
298     223     0.673
195     164     0.673
317     28      0.672
196     66      0.672
319     14      0.672
234     213     0.672
297     290     0.672
196     51      0.672
221     213     0.672
305     69      0.672
213     130     0.672
163     15      0.671
309     195     0.671
298     113     0.671
322     215     0.671
391     135     0.671
317     282     0.671
135     66      0.671
321     26      0.671
66      33      0.671
319     17      0.671
89      14      0.671
303     36      0.670
35      28      0.670
305     36      0.670
309     199     0.670
257     181     0.670
66      47      0.670
155     141     0.670
319     37      0.670
164     133     0.670
226     33      0.670
95      34      0.670
303     290     0.670
322     251     0.669
322     155     0.669
164     31      0.669
305     117     0.669
290     33      0.669
290     139     0.669
94      36      0.669
91      14      0.669
322     223     0.668
287     93      0.668
245     33      0.668
226     141     0.668
320     95      0.668
216     102     0.668
239     213     0.667
317     264     0.667
147     33      0.667
290     195     0.667
254     70      0.667
196     8       0.667
290     214     0.667
302     32      0.667
322     130     0.666
213     35      0.666
196     31      0.666
161     135     0.666
309     14      0.666
326     70      0.666
319     302     0.666
309     291     0.666
264     195     0.666
309     91      0.665
322     291     0.665
196     86      0.665
286     136     0.665
216     31      0.665
296     164     0.664
319     97      0.664
37      28      0.664
165     28      0.664
130     70      0.664
164     155     0.664
264     224     0.664
24      16      0.663
216     114     0.663
298     288     0.663
322     19      0.662
226     196     0.662
302     14      0.662
135     47      0.662
264     135     0.662
309     98      0.662
319     164     0.662
130     33      0.661
223     66      0.661
300     164     0.661
290     26      0.660
321     25      0.660
26      15      0.660
223     135     0.660
322     91      0.660
196     46      0.660
95      33      0.660
221     28      0.660
300     133     0.660
304     290     0.660
322     113     0.660
320     102     0.659
141     66      0.659
292     216     0.659
317     130     0.659
286     133     0.659
309     71      0.658
310     15      0.658
214     195     0.658
321     286     0.658
164     144     0.658
305     86      0.658
33      14      0.658
297     36      0.657
317     239     0.657
319     188     0.657
337     302     0.657
282     226     0.657
135     8       0.657
320     221     0.657
223     126     0.657
322     47      0.657
135     69      0.657
133     126     0.657
213     14      0.656
319     216     0.656
290     93      0.656
299     29      0.656
135     126     0.656
223     131     0.656
286     139     0.656
311     15      0.656
196     36      0.656
322     247     0.656
215     196     0.656
305     63      0.655
320     216     0.655
216     86      0.655
318     290     0.655
309     114     0.655
302     71      0.655
221     63      0.655
211     196     0.655
317     298     0.655
281     141     0.655
216     28      0.655
302     260     0.654
302     257     0.654
97      25      0.654
245     70      0.654
318     14      0.654
319     299     0.654
322     227     0.654
213     136     0.654
291     27      0.653
241     33      0.653
309     26      0.653
196     47      0.653
391     11      0.653
91      26      0.653
310     16      0.653
286     68      0.653
316     290     0.652
196     69      0.652
94      32      0.652
300     92      0.652
305     133     0.652
302     277     0.651
320     66      0.651
47      33      0.651
322     69      0.651
291     91      0.651
317     221     0.651
317     167     0.651
141     126     0.650
190     33      0.650
221     66      0.650
391     144     0.650
302     98      0.650
391     137     0.650
196     155     0.649
223     63      0.649
287     91      0.649
190     70      0.649
296     289     0.649
322     29      0.649
302     63      0.649
93      70      0.648
298     32      0.648
391     181     0.648
298     117     0.648
216     14      0.648
95      28      0.648
196     26      0.648
223     69      0.648
234     11      0.648
322     304     0.648
295     28      0.648
298     286     0.647
216     155     0.647
287     14      0.647
302     264     0.647
223     214     0.647
290     246     0.647
316     222     0.647
303     95      0.647
301     37      0.646
391     305     0.646
301     155     0.646
320     161     0.646
322     16      0.646
195     33      0.646
282     11      0.646
309     165     0.646
287     213     0.646
301     242     0.646
322     165     0.646
92      37      0.645
246     141     0.645
309     141     0.645
302     155     0.645
257     35      0.645
141     114     0.645
63      33      0.645
305     221     0.645
165     36      0.645
286     166     0.645
299     94      0.645
320     309     0.645
309     246     0.644
322     126     0.644
92      35      0.644
282     70      0.644
301     95      0.643
290     165     0.643