Prediction Made with CORNET:
a Neural Network based method trained using Correlated Mutations,
Sequence Conservation, Predicted Secondary structure of Proteins and
Evolutionary Information.
Authors Fariselli Piero, Olmea Osvaldo, Valencia Alfonso, Rita Casadio.
This method is an extension of the two following methods

Olmea O. and Valencia A. (1997) Fold. Des. 2: S25-32.

Fariselli P and Casadio R. (1999) Prot. Engng 12:15-21

#================================================================#

PREDICTION

Couple          Reliability
i       j
315     273     0.859
97      88      0.847
313     88      0.826
316     273     0.824
313     209     0.821
316     211     0.812
99      88      0.810
316     88      0.807
205     104     0.806
205     97      0.803
209     104     0.801
324     273     0.791
316     209     0.790
313     211     0.789
313     273     0.786
104     88      0.785
205     88      0.785
315     99      0.785
313     37      0.785
315     88      0.784
316     104     0.783
315     35      0.781
104     35      0.780
313     205     0.778
313     101     0.774
313     104     0.773
209     101     0.773
337     261     0.770
104     37      0.770
416     272     0.769
313     99      0.768
315     37      0.766
312     99      0.762
101     88      0.761
315     205     0.759
116     88      0.758
211     88      0.758
314     104     0.756
315     104     0.756
316     205     0.755
312     88      0.755
272     89      0.754
312     210     0.753
339     266     0.753
337     269     0.752
315     101     0.750
315     102     0.749
312     211     0.748
313     102     0.747
315     100     0.747
315     210     0.747
272     88      0.747
341     273     0.745
209     88      0.743
339     284     0.741
205     37      0.741
417     37      0.739
312     209     0.738
316     117     0.738
314     273     0.738
313     100     0.736
273     104     0.736
341     272     0.735
209     99      0.735
208     100     0.735
314     209     0.734
417     316     0.733
115     88      0.732
114     88      0.732
209     37      0.731
315     97      0.730
205     116     0.730
336     269     0.730
316     101     0.730
102     37      0.728
314     99      0.728
205     99      0.728
210     37      0.728
312     101     0.728
209     102     0.728
313     97      0.727
210     99      0.726
313     116     0.726
313     35      0.725
205     87      0.725
417     272     0.725
314     37      0.724
315     209     0.722
316     99      0.722
339     269     0.721
314     35      0.720
313     207     0.720
209     116     0.720
339     286     0.718
419     315     0.716
211     97      0.716
273     266     0.716
314     101     0.716
273     88      0.715
312     272     0.715
210     98      0.715
315     211     0.715
312     205     0.715
101     35      0.715
312     89      0.715
312     273     0.715
205     102     0.712
315     39      0.712
117     88      0.711
315     103     0.711
210     103     0.710
105     98      0.710
339     272     0.709
416     98      0.709
316     271     0.709
116     37      0.709
99      37      0.708
313     210     0.708
116     101     0.708
315     98      0.708
115     97      0.708
272     97      0.707
316     37      0.707
118     88      0.707
312     39      0.707
313     98      0.706
419     313     0.706
101     37      0.705
284     182     0.705
205     117     0.704
316     39      0.703
98      89      0.703
313     33      0.702
97      39      0.702
417     273     0.701
205     35      0.700
99      35      0.700
314     98      0.700
211     117     0.700
316     116     0.699
314     205     0.699
315     261     0.699
209     98      0.699
210     115     0.699
339     277     0.699
312     102     0.698
116     102     0.697
312     116     0.697
417     35      0.697
414     272     0.695
313     117     0.695
418     316     0.694
417     99      0.694
418     315     0.694
97      89      0.694
313     105     0.693
210     88      0.693
273     261     0.693
270     88      0.693
419     37      0.693
420     88      0.692
119     96      0.692
210     35      0.692
316     102     0.691
117     101     0.691
324     88      0.691
418     272     0.689
315     116     0.689
211     101     0.689
209     117     0.689
211     116     0.689
347     269     0.689
313     89      0.689
337     275     0.688
205     39      0.688
207     101     0.688
314     39      0.687
117     99      0.687
419     99      0.687
103     36      0.686
206     105     0.686
313     275     0.685
205     89      0.684
339     331     0.684
269     73      0.684
313     270     0.684
105     36      0.684
98      36      0.683
312     100     0.683
315     207     0.683
315     38      0.683
88      39      0.683
339     312     0.682
313     206     0.682
310     273     0.682
209     100     0.682
206     102     0.681
416     38      0.681
417     314     0.680
312     274     0.680
312     270     0.679
312     37      0.679
416     35      0.679
98      38      0.679
316     98      0.679
210     97      0.678
312     208     0.677
415     312     0.677
415     39      0.677
117     97      0.677
313     118     0.676
261     182     0.676
314     102     0.676
418     36      0.676
284     261     0.675
324     272     0.675
205     105     0.675
419     101     0.675
418     38      0.674
102     35      0.674
313     208     0.674
211     99      0.674
272     205     0.674
417     315     0.673
105     88      0.673
88      28      0.673
419     272     0.673
420     114     0.673
523     272     0.673
204     96      0.672
206     101     0.672
415     99      0.672
116     39      0.672
418     35      0.672
315     208     0.672
314     97      0.671
210     101     0.671
341     312     0.671
116     97      0.670
104     34      0.670
97      87      0.670
103     32      0.670
477     272     0.670
273     211     0.669
315     34      0.669
209     35      0.669
205     101     0.669
362     337     0.669
315     118     0.668
418     103     0.668
418     33      0.668
117     37      0.668
418     98      0.667
284     272     0.667
315     272     0.666
117     102     0.666
336     275     0.666
115     89      0.665
314     103     0.665
420     313     0.665
311     272     0.665
417     39      0.665
418     313     0.664
415     272     0.664
37      28      0.663
316     206     0.663
208     37      0.663
312     104     0.663
211     114     0.663
102     88      0.663
261     73      0.663
118     104     0.663
103     35      0.662
419     314     0.662
316     35      0.662
312     97      0.661
315     87      0.661
314     206     0.661
116     98      0.660
316     114     0.660
314     36      0.660
104     33      0.660
416     36      0.660
210     104     0.660
416     104     0.659
117     105     0.659
313     90      0.659
97      37      0.658
312     118     0.658
313     115     0.658
272     261     0.658
313     272     0.658
105     89      0.657
417     102     0.657
206     117     0.657
420     37      0.657
343     273     0.656
420     101     0.656
341     205     0.656
205     115     0.655
420     312     0.655
417     34      0.655
209     97      0.655
310     270     0.655
269     182     0.655
314     116     0.655
341     88      0.655
211     102     0.654
314     211     0.653
416     312     0.653
284     74      0.652
335     266     0.652
316     272     0.652
209     36      0.652
341     211     0.652
210     89      0.651
100     35      0.651
316     261     0.651
205     90      0.651
419     316     0.651
116     104     0.651
116     87      0.651
341     269     0.651
88      74      0.650
284     88      0.650
314     88      0.650
211     39      0.650
342     210     0.649
100     38      0.649
272     71      0.648
210     118     0.648
314     100     0.648
97      35      0.648
420     273     0.648
312     98      0.648
384     284     0.648
347     333     0.648
315     206     0.647
115     39      0.647
315     115     0.647
316     28      0.646
420     316     0.646
337     284     0.646
207     99      0.646
316     100     0.646
418     312     0.646
314     38      0.646
102     36      0.646
416     314     0.646
523     286     0.646
117     89      0.645
310     261     0.645
347     261     0.645
210     100     0.645
207     98      0.645
324     211     0.644
269     87      0.644
286     219     0.644
115     103     0.644
211     104     0.644
312     117     0.644
269     261     0.644
207     104     0.643
105     97      0.643
416     37      0.643
206     116     0.643
324     261     0.643
415     313     0.643
206     37      0.643
117     98      0.642
313     103     0.642
324     310     0.642
418     100     0.642
208     115     0.642
116     35      0.642
347     324     0.642
211     115     0.641
316     97      0.641
313     38      0.641
314     34      0.641
206     88      0.641
417     205     0.641
310     272     0.641
118     97      0.641
210     102     0.640
284     273     0.640
313     34      0.640
273     205     0.640
316     89      0.640
376     273     0.639
356     88      0.639
272     118     0.638
339     182     0.638
114     91      0.638
315     89      0.638
210     34      0.638
524     284     0.638
100     37      0.637
341     37      0.637
333     284     0.637
209     38      0.637
342     88      0.637
314     117     0.637
347     88      0.637
272     183     0.636
115     98      0.636
205     114     0.636
336     284     0.636
418     209     0.636
314     272     0.636
421     272     0.636
114     97      0.636
207     102     0.635
334     272     0.635
341     284     0.635
416     34      0.635
211     37      0.635
316     103     0.635
419     34      0.635
99      39      0.634
272     265     0.634
415     316     0.634
324     284     0.634
275     88      0.634
310     269     0.633
272     37      0.633
315     36      0.633
211     147     0.633
312     28      0.633
104     28      0.632
417     116     0.632
35      28      0.632
207     100     0.632
206     99      0.632
211     28      0.631
116     105     0.631
270     211     0.631
284     211     0.630
205     98      0.630
315     28      0.630
416     313     0.630
205     100     0.630
119     105     0.629
420     116     0.629
416     100     0.629
205     91      0.628
208     99      0.628
310     97      0.628
315     270     0.628
104     36      0.628
335     284     0.628
209     103     0.628
103     33      0.628
420     39      0.628
100     36      0.628
316     115     0.628
117     28      0.627
316     87      0.627
316     284     0.627
105     37      0.627
98      33      0.627
274     96      0.627
419     102     0.626
103     89      0.626
210     38      0.626
273     116     0.626
261     88      0.626
419     210     0.626
272     209     0.626
273     73      0.626
208     98      0.626
341     270     0.626
115     101     0.625
114     87      0.625
316     210     0.625
99      34      0.625
104     39      0.625
284     219     0.625
313     269     0.625
420     315     0.625
117     39      0.625
419     88      0.625
337     266     0.624
419     35      0.624
210     39      0.624
208     104     0.624
39      28      0.624
102     39      0.623
416     115     0.623
210     117     0.623
421     97      0.623
205     147     0.623
341     117     0.623
208     88      0.622
341     316     0.622
117     100     0.622
421     312     0.622
316     207     0.622
106     97      0.622
211     118     0.621
284     275     0.621
324     275     0.621
313     261     0.621
209     39      0.621
119     88      0.621
341     89      0.621
103     38      0.620
208     32      0.620
314     207     0.620
208     102     0.620
272     116     0.620
207     103     0.620
351     312     0.620
98      35      0.620
115     104     0.620
312     119     0.620
419     117     0.620
417     105     0.619
284     266     0.619
105     34      0.619
317     97      0.619
101     36      0.619
332     261     0.619
314     210     0.619
362     286     0.619
284     257     0.618
116     99      0.618
104     89      0.618
286     261     0.618
337     324     0.618
333     272     0.618
207     115     0.618
419     312     0.618
209     34      0.618
117     87      0.618
106     89      0.617
206     97      0.617
101     38      0.617
418     101     0.617
205     38      0.617
418     102     0.617
316     38      0.616
102     38      0.616
284     269     0.616
419     205     0.616
332     284     0.615
417     38      0.615
417     206     0.615
315     117     0.615
116     33      0.615
419     33      0.615
418     116     0.615
316     270     0.615
206     36      0.615
207     116     0.615
342     273     0.615
311     211     0.615
313     271     0.614
97      90      0.614
105     87      0.614
207     89      0.614
523     261     0.614
523     336     0.613
417     88      0.613
105     28      0.613
314     271     0.613
273     182     0.613
324     269     0.613
420     209     0.613
101     33      0.613
420     272     0.612
339     73      0.612
341     104     0.612
342     211     0.612
324     270     0.611
206     89      0.611
339     257     0.611
324     266     0.611
106     88      0.611
419     104     0.610
104     97      0.610
313     28      0.610
339     273     0.610
312     105     0.610
415     205     0.610
286     266     0.609
415     315     0.609
115     99      0.609
315     286     0.609
261     74      0.609
420     211     0.609
332     273     0.609
99      87      0.609
114     89      0.608
204     97      0.608
347     339     0.608
362     269     0.608
519     272     0.607
417     312     0.607
420     35      0.607
208     39      0.607
350     312     0.607
275     261     0.607
343     205     0.607
116     38      0.606
317     115     0.606
312     115     0.606
115     105     0.606
205     28      0.606
116     89      0.606
211     87      0.606
415     37      0.605
324     147     0.605
104     38      0.605
118     99      0.605
475     205     0.605
343     88      0.605
524     272     0.605
416     315     0.605
420     28      0.604
350     211     0.604
420     34      0.604
211     91      0.604
114     99      0.604
312     87      0.604
310     88      0.604
206     39      0.604
419     209     0.603
356     312     0.603
208     117     0.603
261     254     0.603
205     106     0.603
270     182     0.603
418     37      0.602
417     97      0.602
414     312     0.602
205     131     0.602
347     270     0.602
312     35      0.602
421     88      0.602
417     101     0.602
207     117     0.602
116     100     0.602
336     286     0.601
117     104     0.601
103     88      0.601
205     34      0.601
100     89      0.601
272     87      0.601
211     89      0.601
115     96      0.600
208     101     0.600
341     275     0.600
415     101     0.600
105     39      0.600
343     211     0.600
341     39      0.600
211     98      0.600
417     103     0.599
101     34      0.599
272     96      0.599
286     182     0.598
356     87      0.598
523     362     0.598
209     105     0.598
324     97      0.598
207     88      0.598
332     88      0.598
418     88      0.597
210     116     0.597
39      31      0.597
415     116     0.597
105     35      0.597
104     87      0.597
332     272     0.596
113     88      0.596
314     89      0.596
272     106     0.596
417     117     0.596
339     88      0.596
420     206     0.595
336     261     0.595
209     87      0.595
310     266     0.595
284     270     0.595
116     103     0.595
415     28      0.595
335     183     0.595
419     269     0.595
316     36      0.595
312     90      0.594
315     33      0.594
209     33      0.594
417     209     0.594
324     118     0.594
313     39      0.594
416     210     0.594
312     36      0.593
354     96      0.593
314     28      0.593
97      28      0.593
205     36      0.592
312     38      0.592
272     211     0.592
337     286     0.592
316     33      0.592
275     211     0.592
419     115     0.592
286     254     0.592
211     105     0.592
269     37      0.592
341     116     0.592
419     273     0.592
336     272     0.591
475     28      0.591
312     206     0.591
102     89      0.591
88      37      0.591
347     275     0.591
114     101     0.591
362     336     0.591
98      88      0.591
417     104     0.590
317     204     0.590
312     204     0.590
416     316     0.589
206     114     0.589
417     211     0.589
286     74      0.589
207     37      0.588
209     118     0.588
342     118     0.588
269     88      0.588
356     337     0.588
419     87      0.588
312     269     0.588
347     312     0.587
339     332     0.587
103     37      0.587
342     272     0.587
339     211     0.587
341     87      0.587
316     118     0.587
205     118     0.587
211     35      0.587
284     183     0.586
272     39      0.586
269     229     0.586
310     276     0.586
332     286     0.586
314     208     0.586
205     182     0.586
98      37      0.586
332     266     0.586
339     72      0.586
357     205     0.586
284     277     0.586
333     273     0.585
284     254     0.585
102     33      0.585
384     337     0.585
416     205     0.585
418     210     0.585
115     102     0.585
339     275     0.585
105     32      0.585
347     211     0.585
206     35      0.585
286     277     0.585
206     104     0.585
341     101     0.585
415     104     0.585
273     74      0.585
205     103     0.585
416     103     0.584
279     272     0.584
286     229     0.584
313     274     0.584
418     207     0.584
114     104     0.584
356     272     0.584
347     87      0.584
415     35      0.584
416     101     0.584
473     272     0.584
416     206     0.584
498     261     0.584
211     100     0.584
269     233     0.584
356     269     0.584
350     88      0.583
316     208     0.583
317     89      0.582
356     211     0.582
313     36      0.582
324     183     0.582
206     103     0.582
272     98      0.582
418     39      0.582
416     33      0.582
114     98      0.581
205     157     0.581
418     314     0.581
313     32      0.581
414     88      0.581
273     97      0.581
329     272     0.581
347     284     0.580
284     73      0.580
341     261     0.580
311     88      0.580
102     28      0.580
152     88      0.580
38      28      0.580
342     205     0.580
347     332     0.580
315     90      0.580
356     336     0.579
101     87      0.579
343     91      0.579
333     286     0.579
272     182     0.579
102     34      0.579
312     271     0.579
517     286     0.579
340     273     0.579
417     313     0.579
207     97      0.579
312     275     0.579
311     89      0.579
333     270     0.579
117     34      0.578
519     414     0.578
523     284     0.578
315     31      0.578
415     273     0.578
99      36      0.578
96      32      0.578
312     32      0.577
415     88      0.577
324     131     0.577
315     105     0.577
415     117     0.577
269     211     0.577
316     147     0.577
416     89      0.577
342     312     0.577
419     36      0.576
338     272     0.576
114     90      0.576
329     269     0.576
523     333     0.576
209     115     0.575
356     347     0.575
339     271     0.575
315     114     0.575
315     269     0.575
272     115     0.575
339     171     0.575
415     105     0.575
273     170     0.575
315     271     0.575
420     98      0.574
420     117     0.574
517     341     0.574
324     316     0.574
210     28      0.574
313     284     0.574
204     116     0.574
520     272     0.574
315     284     0.574
339     261     0.573
416     102     0.573
272     104     0.573
384     275     0.573
420     99      0.573
420     314     0.573
420     97      0.573
418     115     0.573
206     115     0.573
347     337     0.573
117     35      0.573
266     182     0.573
421     273     0.573
273     233     0.573
100     34      0.573
324     116     0.572
419     116     0.572
343     204     0.572
104     90      0.572
206     87      0.572
336     37      0.572
341     332     0.572
273     209     0.572
317     274     0.572
39      32      0.572
286     73      0.571
101     39      0.571
350     273     0.571
338     71      0.571
420     271     0.570
414     183     0.570
313     182     0.570
97      31      0.570
415     206     0.570
261     250     0.570
118     98      0.570
415     211     0.570
272     101     0.570
354     312     0.570
211     38      0.569
340     272     0.569
286     273     0.569
519     311     0.569
116     90      0.569
97      73      0.569
523     269     0.569
357     182     0.569
419     100     0.568
269     131     0.568
420     341     0.568
100     88      0.568
337     260     0.568
157     88      0.568
212     97      0.568
416     88      0.567
205     152     0.567
524     337     0.567
336     73      0.567
354     333     0.567
420     205     0.567
204     106     0.567
104     31      0.567
204     98      0.567
312     207     0.567
316     74      0.566
310     152     0.566
272     117     0.566
420     31      0.566
115     33      0.566
210     114     0.566
212     119     0.566
384     182     0.566
286     270     0.566
415     34      0.566
209     131     0.566
350     333     0.565
520     334     0.565
418     32      0.565
311     271     0.565
269     175     0.565
116     36      0.565
350     316     0.565
356     275     0.565
117     27      0.565
310     131     0.565
116     28      0.565
316     269     0.564
419     97      0.564
324     267     0.564
343     272     0.564
98      34      0.564
419     341     0.564
265     183     0.564
332     324     0.564
415     36      0.564
284     234     0.563
324     286     0.563
105     33      0.563
286     88      0.563
261     219     0.563
421     105     0.563
316     275     0.563
286     269     0.563
342     313     0.563
204     89      0.562
317     32      0.562
211     119     0.562
314     87      0.562
313     87      0.562
341     105     0.562
313     147     0.562
313     204     0.562
362     284     0.562
317     205     0.562
286     175     0.562
418     211     0.561
310     286     0.561
116     34      0.561
206     98      0.561
312     103     0.561
332     182     0.561
316     286     0.561
316     91      0.561
342     90      0.560
341     324     0.560
417     36      0.560
272     131     0.560
335     286     0.560
313     286     0.560
98      39      0.560
356     286     0.560
414     115     0.559
39      27      0.559
284     178     0.559
266     74      0.559
104     73      0.559
204     88      0.559
275     97      0.559
310     147     0.558
520     354     0.558
206     34      0.558
207     35      0.558
266     254     0.558
207     38      0.558
335     269     0.557
311     115     0.557
316     31      0.557
420     32      0.557
343     89      0.557
114     28      0.557
519     30      0.557
316     105     0.557
212     204     0.557
337     272     0.557
310     284     0.557
415     87      0.557
118     89      0.557
356     311     0.557
417     269     0.556
418     89      0.556
207     39      0.556
284     175     0.556
98      87      0.556
271     88      0.556
316     119     0.556
274     103     0.556
313     114     0.556
330     272     0.555
386     284     0.555
97      74      0.555
314     105     0.555
357     284     0.555
115     100     0.555
341     210     0.555
417     28      0.555
266     257     0.555
284     271     0.554
277     266     0.554
335     211     0.554