Prediction Made with CORNET:
a Neural Network based method trained using Correlated Mutations,
Sequence Conservation, Predicted Secondary structure of Proteins and
Evolutionary Information.
Authors Fariselli Piero, Olmea Osvaldo, Valencia Alfonso, Rita Casadio.
This method is an extension of the two following methods

Olmea O. and Valencia A. (1997) Fold. Des. 2: S25-32.

Fariselli P and Casadio R. (1999) Prot. Engng 12:15-21

#================================================================#

PREDICTION

Couple          Reliability
i       j
394     276     0.859
216     106     0.857
346     106     0.852
394     107     0.851
394     94      0.840
394     220     0.839
394     192     0.835
394     109     0.832
394     216     0.829
272     90      0.827
106     94      0.826
394     217     0.816
346     217     0.814
216     38      0.811
394     346     0.811
394     95      0.809
216     107     0.808
346     276     0.808
346     212     0.806
106     4       0.804
215     93      0.803
215     39      0.802
109     101     0.802
346     107     0.800
217     107     0.799
215     91      0.799
216     94      0.797
215     105     0.796
226     193     0.792
94      38      0.792
394     106     0.792
346     211     0.789
106     38      0.788
346     216     0.787
346     332     0.785
394     92      0.783
276     217     0.783
346     94      0.782
217     94      0.782
217     109     0.782
106     95      0.781
109     38      0.779
346     38      0.778
394     193     0.777
346     109     0.777
107     94      0.776
396     220     0.775
215     94      0.775
276     220     0.775
220     106     0.775
399     276     0.774
272     106     0.774
346     40      0.774
109     94      0.773
346     275     0.773
394     226     0.769
216     4       0.769
276     106     0.767
215     106     0.767
217     95      0.766
216     92      0.766
211     94      0.764
223     193     0.763
211     106     0.763
394     213     0.762
106     90      0.762
346     90      0.760
399     94      0.759
217     106     0.759
216     101     0.758
276     213     0.758
213     106     0.757
215     37      0.756
109     92      0.756
217     38      0.755
101     38      0.755
394     218     0.755
214     91      0.754
212     105     0.754
394     211     0.753
394     335     0.753
394     232     0.752
393     211     0.751
346     89      0.751
276     94      0.751
346     4       0.749
212     91      0.749
346     295     0.749
393     220     0.748
276     4       0.748
396     91      0.747
394     38      0.747
346     218     0.745
394     40      0.745
396     95      0.743
216     109     0.743
346     336     0.742
94      4       0.742
216     93      0.742
396     107     0.742
212     37      0.741
394     101     0.741
346     219     0.740
216     40      0.740
346     272     0.740
346     95      0.739
394     336     0.739
222     212     0.739
94      40      0.738
399     106     0.738
276     107     0.738
400     90      0.738
226     54      0.737
393     217     0.737
394     93      0.737
394     10      0.737
279     213     0.735
336     276     0.735
393     346     0.735
276     226     0.735
295     276     0.735
217     93      0.734
400     220     0.734
226     183     0.733
92      38      0.733
216     91      0.732
342     220     0.731
276     219     0.731
395     212     0.730
275     106     0.730
396     216     0.729
398     106     0.729
394     215     0.729
346     220     0.729
397     94      0.728
393     276     0.728
399     216     0.728
397     106     0.727
95      40      0.727
111     2       0.727
212     95      0.726
212     94      0.725
346     215     0.725
314     276     0.725
106     92      0.725
343     212     0.724
106     91      0.724
393     106     0.724
342     107     0.724
95      38      0.724
212     106     0.724
91      38      0.724
342     211     0.724
398     94      0.723
346     91      0.723
212     108     0.723
213     107     0.723
346     213     0.723
107     38      0.722
396     109     0.722
213     94      0.721
218     91      0.721
226     90      0.721
272     213     0.721
211     107     0.721
91      39      0.720
216     10      0.720
396     38      0.718
397     107     0.718
400     213     0.718
276     193     0.717
217     10      0.717
394     332     0.717
94      10      0.717
215     4       0.716
101     40      0.715
342     217     0.715
314     272     0.715
215     89      0.715
342     4       0.715
346     314     0.714
398     95      0.714
214     3       0.714
397     38      0.714
278     212     0.713
394     212     0.713
213     38      0.713
215     108     0.713
399     346     0.713
346     193     0.713
399     212     0.713
279     220     0.712
342     101     0.712
107     92      0.711
342     40      0.711
218     39      0.711
342     276     0.711
314     295     0.711
314     200     0.711
107     95      0.710
394     275     0.710
346     87      0.710
341     212     0.710
101     92      0.709
396     346     0.709
216     39      0.709
215     38      0.708
400     211     0.708
93      10      0.708
346     226     0.708
394     37      0.707
275     212     0.707
91      36      0.707
394     4       0.707
276     90      0.706
394     39      0.706
396     214     0.706
295     211     0.706
394     72      0.706
394     91      0.706
38      4       0.705
107     90      0.705
111     91      0.705
272     212     0.705
394     214     0.705
217     101     0.705
215     95      0.705
212     90      0.704
212     39      0.704
346     101     0.704
394     90      0.704
277     4       0.704
215     107     0.704
218     108     0.704
272     211     0.704
346     296     0.703
108     93      0.703
217     4       0.703
397     216     0.702
362     212     0.702
314     220     0.702
217     91      0.702
215     90      0.702
394     347     0.701
396     276     0.701
214     89      0.701
400     107     0.701
394     274     0.701
213     92      0.701
101     90      0.701
314     279     0.701
217     40      0.700
106     10      0.700
276     214     0.700
223     194     0.700
393     94      0.700
342     95      0.700
394     343     0.700
106     40      0.699
399     211     0.699
399     91      0.699
342     216     0.699
220     90      0.699
214     106     0.698
276     216     0.698
216     9       0.698
276     95      0.698
397     276     0.698
399     107     0.697
396     94      0.697
397     4       0.697
215     102     0.697
220     212     0.696
214     95      0.696
107     10      0.696
397     109     0.695
223     151     0.694
276     38      0.694
395     216     0.694
279     90      0.694
397     108     0.694
397     95      0.694
106     93      0.694
399     38      0.693
400     346     0.693
394     295     0.693
215     9       0.693
396     106     0.693
217     193     0.692
396     218     0.692
92      39      0.692
223     141     0.692
400     94      0.692
395     218     0.691
217     39      0.691
109     95      0.691
336     211     0.690
214     101     0.690
314     223     0.690
217     92      0.690
212     4       0.690
93      39      0.689
346     335     0.689
226     87      0.689
226     106     0.689
399     214     0.689
400     40      0.689
93      11      0.689
215     92      0.689
107     4       0.688
217     9       0.688
396     4       0.687
346     93      0.687
217     90      0.686
226     192     0.686
213     101     0.686
94      36      0.686
346     92      0.685
215     40      0.685
399     92      0.685
105     91      0.685
212     89      0.685
398     216     0.685
215     110     0.684
395     93      0.684
400     216     0.684
295     90      0.684
216     37      0.684
393     216     0.683
95      39      0.683
218     94      0.683
346     36      0.683
336     90      0.683
346     189     0.682
394     108     0.682
336     101     0.682
212     93      0.682
345     106     0.682
215     36      0.682
398     107     0.681
214     4       0.681
314     87      0.681
101     94      0.681
345     272     0.681
399     90      0.681
397     342     0.681
215     194     0.680
394     342     0.680
397     220     0.680
93      38      0.680
394     277     0.680
396     93      0.680
276     212     0.680
362     310     0.679
399     39      0.679
198     94      0.679
219     105     0.679
276     218     0.678
314     232     0.678
272     226     0.678
216     95      0.678
314     226     0.678
335     212     0.678
395     2       0.678
217     108     0.678
342     213     0.678
277     90      0.677
393     215     0.677
336     106     0.677
212     109     0.677
92      40      0.677
344     215     0.677
90      38      0.677
397     37      0.676
394     333     0.676
275     219     0.675
394     11      0.675
211     38      0.675
276     192     0.675
393     342     0.675
397     214     0.674
223     87      0.674
393     101     0.674
398     38      0.674
220     94      0.673
342     106     0.673
232     193     0.673
211     101     0.673
226     94      0.672
399     342     0.672
94      39      0.672
314     140     0.672
400     342     0.672
219     90      0.671
332     193     0.671
398     93      0.671
211     4       0.671
95      37      0.671
399     93      0.670
92      37      0.670
275     90      0.670
108     39      0.670
214     39      0.670
397     91      0.669
109     4       0.669
273     213     0.669
211     90      0.669
226     140     0.669
220     213     0.669
314     106     0.669
275     213     0.669
108     37      0.668
279     101     0.668
217     37      0.668
400     212     0.668
396     92      0.668
396     212     0.667
346     39      0.667
220     109     0.667
347     212     0.666
345     4       0.666
393     213     0.666
346     325     0.666
396     213     0.666
346     274     0.666
92      4       0.665
279     211     0.665
395     215     0.665
226     107     0.665
399     95      0.665
400     214     0.665
272     219     0.665
396     215     0.665
275     220     0.664
398     109     0.664
400     38      0.664
396     217     0.664
396     36      0.664
102     91      0.664
93      37      0.664
213     95      0.663
396     3       0.663
345     275     0.663
214     90      0.662
213     40      0.662
281     90      0.662
218     95      0.662
219     40      0.661
336     213     0.661
394     272     0.661
93      9       0.661
218     37      0.661
394     9       0.661
213     90      0.661
346     273     0.661
108     91      0.661
216     11      0.660
215     100     0.660
226     47      0.659
217     110     0.659
347     215     0.658
276     40      0.658
218     93      0.658
346     277     0.658
397     217     0.658
399     275     0.658
276     211     0.658
342     214     0.658
314     287     0.657
215     193     0.657
345     91      0.656
106     54      0.656
226     133     0.656
94      37      0.656
218     106     0.655
396     211     0.655
346     214     0.655
109     40      0.655
395     95      0.654
400     36      0.654
399     213     0.654
295     213     0.654
394     306     0.653
281     226     0.653
343     217     0.653
394     344     0.653
342     212     0.653
399     109     0.653
212     36      0.653
345     216     0.652
212     107     0.652
393     91      0.652
276     91      0.652
314     271     0.652
295     226     0.652
38      13      0.652
107     39      0.651
345     212     0.651
393     107     0.651
395     107     0.651
220     101     0.651
395     94      0.651
341     219     0.651
346     37      0.651
271     214     0.651
223     192     0.651
395     37      0.651
217     11      0.651
212     40      0.651
272     220     0.651
12      4       0.651
314     47      0.650
346     192     0.650
380     271     0.650
38      10      0.650
220     211     0.650
286     272     0.650
215     3       0.650
343     106     0.649
215     2       0.649
347     272     0.649
106     39      0.649
400     276     0.649
393     226     0.649
35      4       0.649
398     212     0.649
218     105     0.648
272     101     0.648
394     110     0.648
275     218     0.648
214     40      0.648
394     36      0.648
107     36      0.648
397     343     0.648
393     92      0.648
346     10      0.647
38      11      0.647
107     40      0.647
91      37      0.647
395     91      0.646
95      11      0.646
396     342     0.646
272     15      0.646
395     217     0.646
336     216     0.646
219     211     0.646
346     229     0.646
314     90      0.645
400     101     0.645
276     93      0.645
394     273     0.645
107     93      0.645
296     213     0.645
211     92      0.645
219     101     0.644
398     213     0.644
294     275     0.644
295     106     0.644
344     36      0.644
94      11      0.643
213     109     0.643
399     219     0.643
341     2       0.643
214     94      0.643
345     214     0.643
281     272     0.643
396     39      0.643
39      3       0.643
394     248     0.643
226     213     0.643
343     216     0.643
398     92      0.642
336     275     0.642
223     180     0.642
271     89      0.641
393     212     0.641
219     95      0.641
218     107     0.641
109     90      0.641
394     229     0.640
108     95      0.640
219     106     0.640
393     109     0.640
272     193     0.640
341     3       0.640
295     279     0.639
344     91      0.639
219     37      0.639
38      3       0.639
272     234     0.639
216     110     0.639
216     192     0.639
275     215     0.638
212     92      0.638
218     89      0.638
223     47      0.638
342     109     0.638
110     37      0.638
276     89      0.637
214     93      0.637
104     90      0.637
272     223     0.637
295     272     0.637
345     37      0.637
211     192     0.637
393     95      0.637
273     214     0.637
271     220     0.637
276     232     0.637
394     138     0.637
395     110     0.637
87      47      0.636
216     108     0.636
400     219     0.636
295     216     0.636
397     90      0.635
273     101     0.635
226     68      0.635
336     4       0.635
219     89      0.635
394     334     0.635
396     108     0.635
213     10      0.635
398     37      0.634
109     91      0.634
394     219     0.634
346     294     0.634
393     4       0.634
215     101     0.633
394     96      0.633
400     95      0.633
332     213     0.633
343     277     0.633
395     109     0.633
106     13      0.633
396     37      0.632
399     37      0.632
399     215     0.632
226     194     0.632
341     89      0.632
223     94      0.631
273     220     0.631
342     38      0.631
398     39      0.631
94      47      0.631
345     89      0.631
394     345     0.631
344     214     0.631
395     39      0.631
341     215     0.631
238     87      0.630
217     192     0.630
192     54      0.630
398     346     0.629
277     213     0.629
37      4       0.629
39      9       0.629
342     36      0.629
314     227     0.629
106     37      0.629
109     93      0.629
394     194     0.629
393     38      0.628
345     38      0.628
343     215     0.628
343     90      0.628
36      4       0.628
346     287     0.628
295     218     0.628
212     9       0.628
346     47      0.628
399     4       0.628
216     47      0.628
346     333     0.628
296     275     0.628
346     223     0.628
400     106     0.627
400     91      0.627
296     90      0.627
107     11      0.627
278     219     0.627
101     87      0.627
211     40      0.627
281     87      0.627
92      36      0.627
399     217     0.626
90      4       0.626
399     218     0.626
346     105     0.626
96      36      0.626
214     38      0.626
212     101     0.626
398     90      0.626
295     219     0.626
346     238     0.626
276     39      0.625
101     36      0.625
38      9       0.625
346     198     0.625
314     193     0.625
398     211     0.625
393     93      0.625
332     276     0.625
397     211     0.625
346     232     0.625
14      4       0.625
93      40      0.625
398     91      0.625
277     106     0.625
345     94      0.625
213     4       0.624
314     138     0.624
335     216     0.624
398     342     0.623
226     200     0.623
314     273     0.623
37      10      0.623
345     90      0.623
274     219     0.622
288     89      0.622
400     217     0.622
396     101     0.622
217     36      0.622
223     211     0.622
398     218     0.621
213     11      0.621
346     306     0.621
101     4       0.621
91      4       0.621
398     215     0.621
393     336     0.621
276     200     0.621
414     346     0.620
215     10      0.620
275     37      0.620
215     111     0.620
220     15      0.619
216     36      0.619
214     36      0.619
394     314     0.619
295     274     0.619
95      36      0.619
226     217     0.619
394     325     0.619
395     108     0.619
226     173     0.618
346     279     0.618
279     87      0.618
325     276     0.618
110     39      0.618
314     229     0.618
336     219     0.618
342     193     0.618
276     109     0.618
105     96      0.618
39      11      0.618
336     193     0.618
211     109     0.618
272     228     0.617
296     276     0.617
397     218     0.617
394     331     0.617
214     105     0.617
397     92      0.617
279     226     0.617
218     100     0.617
91      40      0.617
395     214     0.617
276     101     0.617
397     93      0.617
110     93      0.616
226     58      0.616
343     89      0.616
215     104     0.616
39      10      0.616
344     217     0.616
400     4       0.616
92      10      0.616
395     92      0.616
345     107     0.615
275     4       0.615
226     211     0.615
346     209     0.615
314     88      0.615
102     39      0.615
398     10      0.615
106     36      0.615
111     3       0.615
395     3       0.614
211     193     0.614
211     89      0.614
396     90      0.614
345     218     0.613
105     89      0.613
109     36      0.613
213     91      0.613
399     101     0.613
394     141     0.613
335     276     0.613
212     15      0.613
272     140     0.613
400     336     0.613
313     223     0.612
105     3       0.612
215     109     0.612
214     15      0.612
346     15      0.612
344     40      0.612
215     15      0.612
342     215     0.612
272     192     0.612
216     90      0.611
39      4       0.611
219     107     0.611
226     216     0.611
213     87      0.611
216     89      0.611
276     223     0.611
397     39      0.611
336     220     0.610
393     214     0.610
345     108     0.610
400     273     0.610
396     96      0.610
342     90      0.610
108     94      0.609
345     217     0.609
212     112     0.609
336     314     0.609
105     37      0.609
107     13      0.609
275     94      0.609
277     220     0.609
342     94      0.609
226     72      0.609
396     277     0.609
232     224     0.608
276     183     0.608
229     193     0.608
281     213     0.608
272     89      0.608
106     96      0.608
343     96      0.608
272     4       0.608
345     215     0.608
110     91      0.608
95      10      0.607
343     4       0.607
344     4       0.607
218     102     0.607
220     193     0.607
223     183     0.607
94      58      0.607
219     94      0.607
336     107     0.607
272     229     0.606
287     272     0.606
344     37      0.606
101     91      0.606
276     215     0.606
336     215     0.606
296     216     0.605
276     3       0.605
394     140     0.605
295     101     0.605
314     281     0.605
342     39      0.605
216     3       0.605
346     88      0.604
277     211     0.604
281     223     0.604
314     143     0.604
345     219     0.604
393     272     0.604
314     306     0.604
346     72      0.604
211     87      0.604
223     58      0.603