Prediction Made with CORNET:
a Neural Network based method trained using Correlated Mutations,
Sequence Conservation, Predicted Secondary structure of Proteins and
Evolutionary Information.
Authors Fariselli Piero, Olmea Osvaldo, Valencia Alfonso, Rita Casadio.
This method is an extension of the two following methods

Olmea O. and Valencia A. (1997) Fold. Des. 2: S25-32.

Fariselli P and Casadio R. (1999) Prot. Engng 12:15-21

#================================================================#

PREDICTION

Couple          Reliability
i       j
517     271     0.879
505     270     0.869
505     334     0.856
313     271     0.854
519     37      0.854
517     88      0.850
520     505     0.842
506     37      0.840
506     270     0.838
520     506     0.835
521     270     0.833
520     88      0.829
506     282     0.828
506     271     0.828
311     37      0.827
519     270     0.823
313     35      0.820
520     115     0.819
517     270     0.817
520     313     0.816
314     271     0.815
311     35      0.813
506     311     0.812
516     270     0.811
506     334     0.810
313     37      0.809
506     115     0.808
517     269     0.808
506     313     0.807
505     37      0.806
520     112     0.805
519     104     0.804
505     335     0.803
519     259     0.803
505     259     0.802
519     506     0.802
313     102     0.801
313     99      0.801
517     506     0.801
519     334     0.800
99      35      0.798
520     271     0.798
517     267     0.797
311     114     0.796
517     115     0.796
314     37      0.796
505     282     0.795
519     28      0.794
517     207     0.794
519     282     0.793
505     35      0.791
505     269     0.791
334     267     0.790
114     35      0.790
507     88      0.789
114     37      0.788
507     334     0.787
505     267     0.786
99      37      0.786
311     99      0.785
519     99      0.784
507     314     0.784
520     311     0.784
506     284     0.783
517     507     0.783
506     39      0.783
505     284     0.782
311     33      0.782
506     312     0.782
311     271     0.781
505     312     0.780
520     38      0.780
506     28      0.779
520     37      0.778
506     99      0.778
520     269     0.778
314     39      0.777
506     259     0.777
504     270     0.776
322     271     0.776
313     114     0.776
506     88      0.775
337     264     0.775
314     35      0.774
314     114     0.774
335     267     0.774
101     35      0.774
520     28      0.774
101     37      0.772
520     282     0.772
520     36      0.772
114     99      0.771
100     36      0.770
518     270     0.770
520     270     0.770
113     37      0.769
312     35      0.769
506     38      0.769
519     267     0.767
310     99      0.767
505     99      0.766
507     259     0.765
505     27      0.765
506     35      0.764
506     207     0.764
519     310     0.764
519     313     0.764
517     259     0.764
515     270     0.762
505     341     0.761
335     259     0.761
507     267     0.760
312     37      0.760
310     39      0.760
337     275     0.760
505     28      0.759
517     114     0.759
337     282     0.759
114     102     0.757
97      88      0.756
314     115     0.756
505     209     0.756
114     101     0.755
113     98      0.755
313     113     0.754
517     209     0.754
517     282     0.753
521     202     0.753
506     36      0.752
314     99      0.751
314     31      0.749
310     37      0.749
507     311     0.748
113     100     0.748
505     88      0.747
311     101     0.747
507     271     0.744
505     314     0.744
519     35      0.743
311     102     0.743
507     28      0.743
313     38      0.743
311     203     0.742
113     35      0.742
311     38      0.742
506     267     0.741
519     284     0.740
114     38      0.739
505     297     0.739
518     100     0.738
505     271     0.738
519     314     0.738
311     88      0.737
102     37      0.737
513     267     0.736
518     105     0.736
114     39      0.736
337     267     0.736
505     310     0.735
312     271     0.735
519     312     0.735
314     203     0.734
115     35      0.734
505     203     0.734
312     114     0.733
337     284     0.733
271     88      0.733
517     331     0.733
518     38      0.733
506     113     0.732
519     115     0.732
520     507     0.731
282     88      0.731
518     313     0.731
507     114     0.730
114     36      0.729
517     39      0.729
520     113     0.728
313     39      0.727
99      88      0.727
506     314     0.727
517     112     0.727
519     113     0.727
506     205     0.726
508     270     0.726
312     102     0.725
519     335     0.725
115     39      0.724
520     314     0.724
313     101     0.724
505     313     0.723
314     38      0.723
97      39      0.722
312     38      0.722
115     34      0.722
314     102     0.722
310     113     0.721
104     35      0.721
322     88      0.721
337     270     0.721
113     99      0.721
507     38      0.721
115     99      0.721
518     36      0.721
520     267     0.719
520     31      0.719
519     311     0.719
312     36      0.719
312     39      0.719
98      36      0.719
313     34      0.718
312     104     0.718
506     27      0.718
271     264     0.717
312     99      0.717
313     203     0.717
505     104     0.717
311     34      0.716
334     273     0.716
99      39      0.715
113     102     0.715
339     270     0.715
507     27      0.714
113     33      0.714
504     332     0.713
519     505     0.713
310     35      0.712
503     270     0.712
311     36      0.712
517     341     0.711
271     114     0.711
98      32      0.711
519     101     0.711
114     33      0.711
311     115     0.710
282     180     0.709
337     329     0.709
310     270     0.709
310     101     0.708
519     88      0.708
114     34      0.708
520     334     0.708
520     39      0.707
335     273     0.707
104     37      0.706
311     207     0.706
311     273     0.706
271     259     0.706
113     38      0.706
311     39      0.705
98      38      0.705
312     115     0.705
314     101     0.704
115     36      0.704
207     37      0.703
313     31      0.703
97      37      0.703
507     284     0.702
114     88      0.702
504     334     0.702
505     181     0.702
112     99      0.701
520     203     0.701
506     116     0.701
310     38      0.701
511     270     0.701
506     31      0.701
517     313     0.700
313     36      0.700
114     97      0.699
312     34      0.699
101     34      0.698
507     270     0.698
310     102     0.698
313     100     0.698
314     36      0.698
507     269     0.698
115     37      0.698
520     341     0.697
310     271     0.697
505     340     0.697
310     114     0.696
97      31      0.696
314     88      0.696
519     39      0.695
112     39      0.695
518     28      0.695
507     37      0.695
97      35      0.694
517     203     0.694
314     269     0.694
517     314     0.693
100     38      0.693
507     310     0.692
112     101     0.692
505     112     0.691
313     115     0.691
337     88      0.691
520     264     0.691
517     335     0.691
112     97      0.690
310     88      0.690
310     203     0.690
313     259     0.690
115     101     0.689
507     488     0.689
310     36      0.689
313     88      0.689
520     209     0.689
312     113     0.689
112     37      0.688
506     103     0.688
115     98      0.688
520     114     0.688
270     39      0.688
311     31      0.687
310     32      0.686
311     32      0.686
520     312     0.686
268     88      0.686
503     267     0.686
313     98      0.686
311     100     0.686
98      33      0.685
103     36      0.685
113     36      0.685
282     259     0.685
506     112     0.685
311     104     0.685
103     32      0.685
113     39      0.684
273     88      0.684
102     35      0.684
506     310     0.684
517     37      0.684
315     32      0.684
505     97      0.683
360     335     0.683
518     506     0.683
515     335     0.683
35      28      0.683
115     102     0.683
520     335     0.682
314     112     0.682
314     33      0.682
506     100     0.682
521     111     0.682
311     98      0.682
507     313     0.681
505     205     0.681
518     98      0.681
312     101     0.680
207     104     0.680
101     36      0.680
98      34      0.680
506     97      0.679
270     40      0.679
506     104     0.679
506     150     0.679
519     507     0.679
208     35      0.678
113     101     0.678
100     35      0.678
98      35      0.678
332     270     0.678
517     31      0.678
270     37      0.678
506     151     0.678
507     282     0.677
99      34      0.677
516     111     0.676
312     100     0.676
505     113     0.676
517     340     0.675
114     104     0.675
519     488     0.675
113     34      0.675
519     207     0.675
208     37      0.674
112     98      0.673
113     103     0.673
311     28      0.673
313     103     0.673
518     113     0.673
506     322     0.672
521     152     0.672
339     271     0.672
518     103     0.672
313     270     0.672
311     268     0.672
313     112     0.671
505     39      0.671
270     88      0.671
521     117     0.670
520     116     0.670
322     270     0.670
314     209     0.670
507     351     0.670
313     208     0.670
39      28      0.669
517     322     0.669
520     98      0.669
259     180     0.669
506     101     0.669
312     207     0.669
203     37      0.668
114     100     0.668
520     336     0.668
309     270     0.668
517     205     0.668
337     180     0.667
519     112     0.667
270     89      0.667
506     203     0.667
310     272     0.667
39      31      0.667
345     267     0.667
520     340     0.667
313     207     0.666
311     113     0.666
517     168     0.666
504     339     0.666
207     102     0.665
314     28      0.665
311     112     0.665
334     37      0.664
333     264     0.664
207     35      0.664
114     98      0.664
115     38      0.664
267     37      0.664
100     37      0.664
506     209     0.663
282     270     0.663
519     271     0.663
310     268     0.663
311     270     0.662
270     113     0.662
520     27      0.662
507     115     0.661
101     33      0.661
506     269     0.661
519     114     0.661
354     88      0.660
310     115     0.660
506     30      0.660
308     271     0.660
505     153     0.660
519     102     0.660
505     322     0.660
312     98      0.659
312     203     0.659
313     97      0.659
509     270     0.659
505     488     0.659
517     27      0.658
313     32      0.658
313     33      0.658
312     112     0.658
313     28      0.658
506     351     0.657
506     335     0.657
506     341     0.657
360     334     0.657
37      28      0.656
519     322     0.656
518     99      0.656
520     87      0.655
519     269     0.655
267     259     0.655
314     259     0.655
339     88      0.655
98      37      0.654
505     258     0.654
518     507     0.654
334     282     0.654
506     146     0.654
313     104     0.654
39      32      0.654
100     34      0.654
270     259     0.654
207     101     0.654
311     97      0.654
520     284     0.654
506     32      0.653
99      31      0.653
310     112     0.653
508     340     0.653
310     33      0.653
112     35      0.653
103     35      0.652
505     249     0.652
520     310     0.652
520     207     0.652
314     98      0.652
507     129     0.652
506     87      0.651
505     100     0.651
203     35      0.651
99      33      0.651
314     270     0.651
314     113     0.651
516     208     0.650
518     332     0.650
310     98      0.650
310     208     0.649
505     311     0.649
271     39      0.648
520     86      0.648
271     203     0.648
115     28      0.647
518     314     0.647
101     88      0.647
207     114     0.647
208     103     0.647
517     151     0.646
112     102     0.646
506     297     0.646
203     28      0.646
514     267     0.646
115     33      0.646
337     310     0.646
518     207     0.646
505     115     0.646
337     37      0.646
506     208     0.645
322     308     0.645
314     34      0.645
504     272     0.645
517     396     0.645
270     203     0.644
506     91      0.644
112     88      0.644
312     270     0.643
98      39      0.643
282     273     0.643
506     336     0.643
520     259     0.643
517     99      0.643
337     255     0.643
97      28      0.643
519     36      0.643
102     36      0.643
519     38      0.642
270     263     0.642
267     88      0.642
282     267     0.642
270     116     0.641
115     97      0.641
505     263     0.641
335     282     0.641
521     181     0.641
507     146     0.641
505     207     0.640
507     348     0.640
267     180     0.640
102     28      0.640
270     35      0.640
337     4       0.640
105     98      0.640
506     153     0.640
311     269     0.639
104     28      0.639
311     209     0.639
99      36      0.639
518     32      0.639
333     282     0.639
114     31      0.639
322     97      0.639
104     33      0.639
507     113     0.639
145     28      0.638
88      39      0.638
331     282     0.638
101     38      0.637
322     273     0.637
506     98      0.637
339     267     0.637
270     98      0.637
308     259     0.637
310     100     0.637
273     259     0.637
310     28      0.637
520     101     0.637
517     28      0.636
520     102     0.636
520     488     0.636
519     301     0.636
507     91      0.636
208     99      0.635
505     235     0.635
203     97      0.635
507     102     0.635
308     268     0.634
310     116     0.634
112     28      0.634
520     351     0.634
506     345     0.634
308     267     0.633
270     181     0.633
382     282     0.633
311     116     0.633
518     205     0.632
519     297     0.632
102     39      0.632
517     284     0.632
517     180     0.632
337     273     0.631
506     309     0.631
518     311     0.631
505     485     0.631
520     275     0.631
282     255     0.631
113     88      0.631
314     207     0.630
207     99      0.630
102     38      0.630
208     114     0.630
505     379     0.630
322     282     0.629
334     88      0.629
506     102     0.629
100     33      0.629
207     36      0.628
104     34      0.628
516     117     0.628
208     113     0.628
506     488     0.628
314     32      0.627
203     114     0.627
282     264     0.627
517     351     0.627
510     270     0.627
505     129     0.627
204     37      0.627
322     259     0.627
202     98      0.626
270     71      0.626
335     264     0.626
517     268     0.626
506     330     0.625
518     34      0.625
519     129     0.625
308     270     0.625
312     269     0.625
259     37      0.625
517     173     0.624
112     38      0.624
115     31      0.624
360     267     0.624
330     259     0.624
311     259     0.624
116     98      0.624
206     100     0.624
113     32      0.623
314     282     0.623
354     334     0.623
506     180     0.623
313     268     0.623
99      38      0.622
506     340     0.622
507     341     0.622
514     335     0.622
513     337     0.622
519     340     0.621
360     284     0.621
334     259     0.621
507     209     0.620
334     270     0.620
73      35      0.620
339     282     0.620
203     99      0.619
505     87      0.619
505     114     0.619
204     36      0.619
282     275     0.619
314     97      0.618
271     180     0.618
507     345     0.618
335     322     0.618
282     35      0.618
506     315     0.618
505     38      0.618
203     27      0.618
282     271     0.618
209     28      0.617
208     98      0.617
337     259     0.617
345     331     0.617
345     259     0.617
311     267     0.616
310     97      0.616
519     209     0.616
505     86      0.616
509     202     0.616
505     152     0.615
330     282     0.615
314     100     0.615
208     34      0.614
513     334     0.613
105     33      0.613
514     270     0.613
207     38      0.613
507     32      0.613
337     330     0.613
104     38      0.613
206     37      0.613
507     355     0.613
519     205     0.613
520     337     0.613
507     101     0.613
271     35      0.612
517     294     0.612
322     264     0.612
505     102     0.612
331     270     0.612
115     104     0.612
333     88      0.611
519     203     0.611
101     39      0.611
507     154     0.610
333     267     0.610
508     335     0.610
97      27      0.609
315     113     0.609
339     203     0.609
337     269     0.609
203     102     0.609
521     89      0.608
333     181     0.608
517     252     0.608
310     34      0.608
39      27      0.608
112     31      0.608
517     35      0.608
515     340     0.608
115     88      0.607
340     270     0.607
103     38      0.607
507     335     0.607
207     33      0.607
38      28      0.607
507     112     0.607
313     209     0.606
506     264     0.606
520     32      0.606
314     104     0.606
507     312     0.606
334     284     0.606
345     322     0.606
507     30      0.606
270     115     0.605
313     205     0.605
282     181     0.605
112     34      0.605
516     202     0.605
112     36      0.605
259     252     0.605
517     505     0.604
519     103     0.604
518     181     0.604
517     273     0.604
519     208     0.604
114     27      0.604
335     88      0.604
337     39      0.604
340     271     0.604
312     103     0.603
503     181     0.603
112     104     0.603
313     284     0.603
520     202     0.603
322     268     0.603
507     207     0.602
517     97      0.602
209     39      0.602
73      37      0.602
520     339     0.602
314     268     0.601
505     180     0.601
354     267     0.601
204     113     0.601
102     34      0.601
207     115     0.601
520     154     0.601
505     272     0.600
518     271     0.600
114     28      0.600
312     33      0.600
339     310     0.600
505     8       0.600
208     39      0.600
505     351     0.600
282     252     0.600
311     27      0.600
310     273     0.600
203     39      0.600
114     32      0.599
259     88      0.599
517     101     0.599
506     131     0.599
354     273     0.599
113     105     0.599
271     37      0.598
313     27      0.598
311     40      0.598
206     32      0.598
308     274     0.598
271     28      0.598
315     202     0.598
520     181     0.597
310     202     0.597
103     33      0.597
520     103     0.597
517     330     0.597
517     32      0.597
505     4       0.596
209     112     0.596
506     331     0.596
360     330     0.596
312     28      0.596
340     37      0.596
332     267     0.596
520     153     0.596
282     37      0.596
505     146     0.596
516     89      0.595
322     267     0.595
337     271     0.595
355     203     0.595
314     273     0.595
104     36      0.595
311     205     0.594
207     113     0.594
203     104     0.594
339     37      0.594
104     39      0.594
322     114     0.594
519     100     0.594
268     180     0.594
504     181     0.593
506     181     0.593
341     271     0.593
339     273     0.593
284     35      0.593
309     273     0.592
340     32      0.592
517     311     0.592
348     331     0.592
516     508     0.591
516     272     0.591
519     27      0.591
112     27      0.591
506     355     0.590
271     209     0.590
330     270     0.590
284     264     0.590
327     267     0.590
97      87      0.590
505     40      0.590
517     312     0.590
505     338     0.590
209     145     0.590
330     264     0.589
521     145     0.589
310     207     0.589
282     268     0.589
505     29      0.589
513     332     0.589
505     345     0.589
314     275     0.588
203     88      0.588
267     87      0.588
113     31      0.588
508     25      0.588
112     33      0.588
507     264     0.588
506     86      0.588
204     39      0.588
382     273     0.588
354     270     0.588
507     360     0.588
354     335     0.587
204     28      0.587
508     209     0.587
339     268     0.587
36      28      0.587
518     114     0.587
269     88      0.586
506     275     0.586
505     182     0.586
312     204     0.586
308     88      0.586
520     180     0.586
516     268     0.586
521     27      0.586
507     36      0.586
100     39      0.586
513     322     0.586
507     275     0.586
517     227     0.586
97      34      0.586
335     258     0.586
104     88      0.585
505     354     0.585
330     271     0.585
505     273     0.585
503     322     0.585
360     282     0.584
507     155     0.584
204     35      0.584
506     114     0.584
507     203     0.584
517     265     0.584
310     31      0.584
355     180     0.584
113     104     0.583
267     231     0.583
204     102     0.583
513     270     0.583
517     298     0.583
507     104     0.582
354     310     0.582
349     310     0.582
311     272     0.582
115     100     0.582
322     181     0.582
310     269     0.582
297     37      0.582
310     104     0.582
341     270     0.582
310     89      0.582
208     28      0.582
97      38      0.581
505     77      0.581
267     73      0.581
103     37      0.581
275     264     0.581
508     202     0.581
355     273     0.580
335     284     0.580
105     38      0.580
310     267     0.580
515     181     0.580
284     259     0.580
264     180     0.580
270     180     0.580
209     97      0.580
310     209     0.580
521     26      0.579
516     332     0.579
207     27      0.579
114     103     0.579
517     488     0.579
519     330     0.579
104     31      0.579
337     72      0.579
513     503     0.579
277     270     0.579
331     268     0.579
308     264     0.579
337     73      0.578
259     35      0.578
203     145     0.578
345     337     0.578
337     297     0.577
506     263     0.577
207     28      0.577
267     227     0.577
519     145     0.577
507     336     0.577
282     232     0.577
505     36      0.576
284     275     0.576
203     34      0.576
311     180     0.576
209     115     0.576
519     116     0.575
374     271     0.575
517     4       0.575
308     97      0.575
520     151     0.575
334     263     0.575
208     38      0.575
518     102     0.575
313     269     0.575
520     331     0.574
516     97      0.574
503     332     0.574
518     106     0.574
339     114     0.574
273     97      0.574
505     294     0.574
98      30      0.574
322     314     0.574
504     28      0.574
516     152     0.573
204     99      0.573
271     99      0.573
515     339     0.573
504     30      0.573
519     87      0.573
311     103     0.573
504     27      0.573
282     173     0.573
311     208     0.573
202     96      0.573
312     32      0.573
505     362     0.573
517     248     0.573
517     69      0.572
206     113     0.572
345     273     0.572
508     88      0.572
311     202     0.572
519     32      0.572
507     301     0.572
507     116     0.572
517     176     0.572
518     37      0.572
382     335     0.572
517     153     0.572
282     74      0.571
520     100     0.571
517     113     0.571
270     38      0.571
337     169     0.571
88      28      0.571
333     259     0.571
331     284     0.571
116     33      0.571
313     204     0.570
507     268     0.570
271     4       0.570
208     112     0.570
330     284     0.570
208     102     0.570
315     272     0.570
270     28      0.569
308     275     0.569
315     98      0.569
331     88      0.569
271     168     0.569
341     273     0.569