Prediction Made with CORNET:
a Neural Network based method trained using Correlated Mutations,
Sequence Conservation, Predicted Secondary structure of Proteins and
Evolutionary Information.
Authors Fariselli Piero, Olmea Osvaldo, Valencia Alfonso, Rita Casadio.
This method is an extension of the two following methods

Olmea O. and Valencia A. (1997) Fold. Des. 2: S25-32.

Fariselli P and Casadio R. (1999) Prot. Engng 12:15-21

#================================================================#

PREDICTION

Couple          Reliability
i       j
314     99      0.851
314     272     0.839
99      24      0.816
104     97      0.816
315     210     0.814
312     208     0.812
419     99      0.803
340     99      0.803
315     99      0.802
315     100     0.799
418     99      0.799
116     99      0.798
338     265     0.797
117     99      0.795
99      34      0.795
208     99      0.794
312     100     0.790
315     208     0.788
99      32      0.786
315     272     0.783
312     210     0.783
323     272     0.778
99      25      0.778
312     204     0.778
314     87      0.773
336     260     0.771
312     34      0.770
209     99      0.769
336     268     0.768
315     204     0.766
314     204     0.765
116     100     0.764
116     98      0.763
314     103     0.759
103     25      0.757
314     34      0.757
338     283     0.756
314     32      0.755
338     268     0.755
314     209     0.755
419     315     0.755
204     96      0.754
419     25      0.754
99      35      0.754
311     209     0.753
314     100     0.752
335     268     0.752
272     265     0.752
312     25      0.752
417     97      0.751
312     32      0.749
311     210     0.748
99      36      0.744
314     208     0.744
204     99      0.744
419     98      0.744
314     210     0.743
416     315     0.742
115     99      0.741
312     99      0.739
117     100     0.738
98      34      0.738
208     100     0.737
312     87      0.736
314     86      0.736
311     208     0.734
313     208     0.733
338     285     0.733
207     99      0.733
314     116     0.733
118     104     0.733
118     98      0.732
205     104     0.732
419     24      0.731
314     25      0.730
313     99      0.729
312     272     0.728
311     204     0.727
98      87      0.726
417     99      0.726
96      36      0.725
103     34      0.723
338     276     0.723
315     25      0.722
315     87      0.719
116     34      0.718
117     87      0.717
99      87      0.717
311     100     0.717
208     34      0.716
312     206     0.715
418     98      0.714
283     181     0.714
209     116     0.713
87      25      0.713
117     103     0.712
340     272     0.712
416     99      0.711
204     32      0.711
419     312     0.711
313     100     0.711
312     209     0.710
86      24      0.710
36      24      0.710
314     24      0.707
311     99      0.705
32      25      0.704
115     36      0.703
119     99      0.703
204     103     0.702
419     314     0.702
419     87      0.702
419     35      0.702
116     87      0.701
86      34      0.701
314     260     0.701
419     116     0.700
96      87      0.700
210     98      0.700
100     87      0.700
313     98      0.700
313     204     0.700
100     34      0.700
209     34      0.699
209     98      0.699
210     99      0.699
314     96      0.697
417     118     0.697
86      36      0.695
416     98      0.694
116     24      0.693
100     33      0.693
420     87      0.692
100     35      0.692
208     98      0.692
416     103     0.692
209     24      0.691
210     115     0.691
315     36      0.691
117     98      0.690
338     330     0.690
315     103     0.690
338     271     0.690
419     311     0.689
115     86      0.689
340     271     0.688
416     100     0.688
314     206     0.688
311     25      0.688
416     25      0.687
420     25      0.687
119     105     0.687
419     32      0.686
116     103     0.686
416     87      0.685
340     268     0.685
210     25      0.685
416     36      0.685
417     33      0.684
416     117     0.684
314     207     0.684
346     268     0.684
117     32      0.684
116     25      0.684
103     32      0.683
311     36      0.683
116     35      0.683
283     260     0.683
419     23      0.683
313     33      0.683
420     36      0.682
117     36      0.682
312     117     0.682
117     34      0.681
312     35      0.681
312     205     0.680
104     29      0.680
208     32      0.680
115     98      0.680
416     34      0.679
209     104     0.679
208     24      0.679
312     31      0.679
101     35      0.678
418     24      0.678
311     207     0.677
312     101     0.677
116     104     0.677
312     24      0.677
312     103     0.677
416     272     0.676
118     86      0.676
314     117     0.675
208     87      0.674
104     30      0.674
260     181     0.674
204     25      0.674
416     312     0.673
323     309     0.673
314     104     0.672
419     33      0.672
205     98      0.671
204     98      0.671
419     86      0.671
206     102     0.671
117     86      0.671
209     100     0.670
206     100     0.670
313     35      0.670
361     336     0.670
204     87      0.670
120     98      0.669
115     24      0.669
416     204     0.669
420     99      0.668
315     102     0.668
312     207     0.667
313     210     0.667
419     34      0.667
209     25      0.667
204     100     0.667
115     87      0.666
116     32      0.666
209     32      0.666
104     33      0.666
338     181     0.666
101     32      0.666
204     24      0.666
35      24      0.665
313     272     0.665
208     103     0.665
98      36      0.665
313     205     0.664
117     24      0.664
204     105     0.664
210     103     0.663
100     31      0.663
99      86      0.663
102     33      0.663
210     96      0.663
103     87      0.663
208     115     0.662
315     205     0.662
314     102     0.662
36      25      0.662
312     30      0.662
204     104     0.662
341     209     0.661
323     210     0.661
98      86      0.661
99      23      0.661
340     210     0.661
336     274     0.661
416     96      0.660
117     35      0.660
313     32      0.660
118     33      0.658
340     283     0.658
313     25      0.657
419     36      0.657
86      25      0.657
314     98      0.657
32      24      0.656
208     102     0.656
312     27      0.656
105     30      0.656
207     116     0.656
311     34      0.655
415     25      0.655
416     116     0.655
87      34      0.655
419     210     0.654
207     100     0.654
210     23      0.654
419     208     0.654
419     117     0.654
340     204     0.654
100     25      0.654
117     96      0.654
420     96      0.653
204     34      0.653
119     98      0.653
283     268     0.653
204     117     0.653
312     269     0.652
116     101     0.652
209     96      0.652
119     96      0.652
204     36      0.652
314     115     0.652
101     25      0.651
313     34      0.651
87      24      0.651
334     265     0.651
118     31      0.651
416     260     0.651
210     24      0.651
313     118     0.651
420     86      0.651
309     272     0.650
338     311     0.650
420     23      0.650
416     86      0.650
102     87      0.650
311     272     0.650
419     115     0.649
205     87      0.649
208     35      0.649
313     117     0.648
208     23      0.648
207     98      0.648
315     97      0.648
415     24      0.647
120     104     0.647
101     33      0.647
272     260     0.647
36      23      0.646
97      86      0.646
419     96      0.646
96      86      0.646
311     269     0.646
268     181     0.646
340     311     0.646
207     34      0.645
206     99      0.645
416     314     0.645
338     272     0.645
315     260     0.645
115     25      0.645
418     87      0.645
209     35      0.645
313     86      0.645
98      35      0.644
115     23      0.644
314     36      0.644
205     86      0.644
314     35      0.644
338     331     0.643
335     274     0.643
208     36      0.643
336     283     0.642
314     31      0.642
119     100     0.642
115     34      0.642
346     332     0.641
312     98      0.641
103     36      0.641
98      31      0.641
314     101     0.641
315     32      0.641
419     204     0.640
338     256     0.640
268     260     0.640
416     210     0.640
313     102     0.640
283     272     0.640
283     271     0.640
315     23      0.640
115     32      0.640
323     260     0.639
283     218     0.639
315     86      0.639
416     32      0.639
120     95      0.639
100     36      0.638
313     24      0.638
100     24      0.638
314     205     0.637
210     87      0.637
271     260     0.637
116     33      0.637
207     36      0.636
315     115     0.636
332     283     0.636
96      25      0.636
361     268     0.636
312     274     0.636
313     103     0.636
313     36      0.635
118     30      0.635
417     205     0.635
416     208     0.635
346     260     0.635
415     314     0.635
313     31      0.635
383     283     0.634
102     32      0.634
204     86      0.634
210     36      0.634
323     265     0.634
311     273     0.634
315     209     0.634
97      31      0.633
283     233     0.633
309     260     0.633
418     117     0.633
419     209     0.633
419     103     0.633
340     315     0.632
418     315     0.632
315     270     0.632
315     118     0.632
116     36      0.632
283     210     0.632
341     210     0.632
346     323     0.632
103     33      0.632
209     31      0.631
315     98      0.631
312     96      0.631
311     87      0.631
102     30      0.631
102     35      0.630
314     23      0.630
87      36      0.630
309     269     0.630
323     283     0.629
99      30      0.629
118     87      0.628
314     33      0.628
115     96      0.628
283     256     0.628
119     97      0.628
283     265     0.627
335     283     0.627
416     311     0.627
315     206     0.627
418     116     0.627
416     271     0.627
312     268     0.627
419     340     0.626
417     100     0.626
419     100     0.626
283     99      0.626
119     104     0.626
35      25      0.626
119     32      0.625
309     268     0.625
323     271     0.625
119     87      0.625
313     115     0.625
336     265     0.625
419     313     0.624
118     32      0.624
313     209     0.624
205     103     0.624
116     96      0.623
420     314     0.623
340     269     0.623
313     87      0.623
420     210     0.623
416     340     0.622
315     35      0.622
33      25      0.622
418     100     0.622
101     34      0.622
271     264     0.621
418     104     0.621
336     323     0.621
208     25      0.621
86      35      0.621
313     206     0.620
311     271     0.620
311     98      0.620
105     86      0.620
208     117     0.620
87      32      0.620
34      24      0.620
209     117     0.620
208     33      0.620
334     283     0.620
312     119     0.620
86      33      0.620
312     260     0.619
86      32      0.619
271     182     0.619
117     31      0.619
204     116     0.619
331     260     0.618
102     24      0.618
118     99      0.618
98      24      0.618
210     118     0.618
97      33      0.617
340     331     0.617
420     24      0.617
323     268     0.616
420     116     0.616
210     86      0.616
310     210     0.616
416     24      0.616
209     86      0.616
209     88      0.615
315     283     0.614
420     272     0.614
315     33      0.614
311     24      0.613
208     118     0.613
283     269     0.613
210     116     0.613
35      23      0.613
204     115     0.613
104     32      0.613
313     116     0.612
314     30      0.612
361     285     0.612
205     33      0.612
272     210     0.612
114     86      0.612
323     315     0.612
285     218     0.612
102     34      0.612
203     95      0.612
209     36      0.611
417     116     0.611
314     269     0.611
341     98      0.611
341     99      0.611
418     204     0.611
315     34      0.611
105     87      0.610
119     85      0.610
34      25      0.610
420     204     0.610
37      25      0.609
333     271     0.609
419     102     0.609
85      25      0.609
340     260     0.608
208     86      0.608
205     96      0.608
208     30      0.608
315     30      0.607
115     35      0.607
274     260     0.607
355     210     0.607
312     116     0.607
331     283     0.606
420     115     0.606
116     23      0.606
104     87      0.606
346     338     0.605
118     96      0.605
418     25      0.605
31      24      0.605
315     116     0.605
98      32      0.605
207     101     0.605
314     119     0.605
420     208     0.605
207     29      0.605
117     97      0.605
314     88      0.605
204     23      0.604
416     31      0.604
209     87      0.604
323     269     0.603
416     104     0.603
100     32      0.603
418     32      0.603
312     33      0.602
119     24      0.602
33      24      0.602
283     182     0.602
204     35      0.602
349     210     0.602
375     272     0.602
311     35      0.601
418     314     0.601
311     86      0.601
114     27      0.601
419     101     0.601
416     115     0.600
417     117     0.600
314     285     0.600
283     274     0.600
210     35      0.599
88      34      0.599
105     25      0.599
338     298     0.599
341     204     0.599
272     181     0.598
341     25      0.598
420     311     0.598
342     204     0.598
338     260     0.598
420     315     0.598
97      88      0.598
99      55      0.597
115     100     0.597
120     86      0.597
119     103     0.597
274     210     0.597
415     87      0.596
415     311     0.596
105     33      0.596
323     274     0.596
419     31      0.596
119     25      0.596
341     272     0.596
338     210     0.596
210     34      0.596
312     104     0.595
309     271     0.595
205     25      0.595
311     103     0.595
418     103     0.595
335     260     0.595
315     24      0.595
98      33      0.595
415     99      0.594
340     34      0.594
338     170     0.593
342     272     0.593
311     101     0.593
418     34      0.593
334     182     0.593
210     33      0.593
417     24      0.592
117     23      0.592
350     311     0.592
315     96      0.592
355     268     0.592
103     30      0.591
361     335     0.591
207     24      0.591
96      34      0.591
355     311     0.591
116     30      0.591
315     117     0.591
101     87      0.591
356     181     0.591
104     25      0.590
315     269     0.590
355     346     0.589
313     207     0.589
103     86      0.589
204     181     0.588
310     271     0.588
312     118     0.588
312     36      0.588
328     268     0.588
101     24      0.588
312     115     0.588
356     204     0.588
383     274     0.588
104     35      0.588
116     88      0.588
355     336     0.588
313     96      0.588
331     265     0.587
105     98      0.587
104     24      0.587
417     35      0.587
100     86      0.587
94      2       0.587
311     205     0.587
342     210     0.586
332     269     0.586
311     32      0.586
283     276     0.586
268     228     0.586
88      32      0.586
416     35      0.586
336     259     0.586
338     99      0.586
118     103     0.586
99      31      0.585
418     313     0.585
116     31      0.585
323     2       0.585
105     28      0.585
315     207     0.585
416     209     0.585
115     31      0.585
323     182     0.585
203     27      0.585
205     88      0.584
309     275     0.584
331     272     0.584
90      26      0.584
418     119     0.584
338     274     0.584
314     268     0.584
415     34      0.584
118     34      0.584
340     323     0.584
416     118     0.584
117     102     0.584
417     312     0.584
417     30      0.583
204     120     0.583
97      35      0.583
117     104     0.583
88      35      0.583
100     23      0.583
350     99      0.583
340     100     0.582
209     97      0.582
341     312     0.582
117     33      0.582
203     104     0.582
118     102     0.582
335     285     0.582
420     34      0.582
415     271     0.582
210     104     0.581
271     204     0.581
87      33      0.581
415     115     0.581
118     101     0.581
418     311     0.581
416     23      0.581
316     203     0.581
355     335     0.581
383     181     0.581
323     8       0.580
361     99      0.580
415     36      0.580
346     331     0.580
210     32      0.580
117     25      0.580
417     31      0.580
313     23      0.580
420     340     0.580
349     332     0.579
105     31      0.579
353     332     0.579
285     260     0.579
101     31      0.579
311     116     0.579
118     35      0.579
311     203     0.579
85      24      0.578
102     31      0.578
285     265     0.578
265     181     0.578
89      32      0.578
346     269     0.578
336     285     0.578
334     268     0.578
416     33      0.577
268     132     0.577
311     268     0.577
415     116     0.577
265     256     0.577
210     30      0.577
417     29      0.577
340     274     0.577
98      23      0.576
312     102     0.576
415     98      0.576
103     35      0.576
272     204     0.576
269     181     0.576
268     210     0.576
204     85      0.576
313     97      0.576
415     27      0.576
420     98      0.576
417     311     0.576
206     97      0.576
415     210     0.576
418     86      0.576
105     24      0.575
338     263     0.575
383     315     0.575
103     96      0.575
416     313     0.575
420     100     0.574
96      24      0.574
103     31      0.574
311     115     0.574
97      30      0.574
118     88      0.574
283     174     0.573
419     206     0.573
311     206     0.573
323     96      0.573
361     331     0.573
349     315     0.573
315     268     0.573
209     103     0.573
283     177     0.573
420     268     0.573
117     30      0.572
355     5       0.572
309     265     0.572
349     311     0.572
207     87      0.572
260     76      0.572
420     312     0.572
119     27      0.572
312     86      0.572
355     120     0.572
209     115     0.571
104     31      0.571
340     36      0.571
418     35      0.571
116     97      0.571
117     101     0.571
383     336     0.570
209     23      0.570
417     32      0.570
210     29      0.570
87      30      0.570
208     31      0.570
332     272     0.570
333     268     0.570
355     338     0.570
313     104     0.569
209     119     0.569
418     115     0.569
417     103     0.569
417     315     0.569
205     99      0.569
103     24      0.569
335     271     0.569
101     86      0.569
313     30      0.568
418     312     0.568
208     116     0.568
312     88      0.568
203     23      0.568
341     314     0.568
310     98      0.568
271     181     0.567
419     268     0.567
419     104     0.567
332     285     0.567
332     271     0.567
205     116     0.567
205     32      0.567
205     102     0.566
115     103     0.566
312     181     0.566
268     174     0.566
417     209     0.566
119     36      0.565
204     55      0.565
119     31      0.565
312     271     0.565
205     34      0.565
417     314     0.565
356     283     0.565
105     23      0.565
418     208     0.565
415     86      0.565
316     204     0.565
98      25      0.565
260     218     0.564
99      88      0.564
312     283     0.564
208     96      0.564
385     338     0.564
312     29      0.564
86      31      0.564
118     36      0.563
203     99      0.563
314     271     0.563
37      23      0.563
272     55      0.563
338     218     0.563
341     208     0.563
298     99      0.563
331     181     0.562
361     283     0.562
331     285     0.562
119     23      0.562
207     103     0.562
89      25      0.561
417     98      0.561
346     283     0.561
323     295     0.561
419     118     0.561
417     102     0.561
97      34      0.561
416     269     0.561
96      23      0.561
209     118     0.560
349     340     0.560
204     118     0.560
210     117     0.560
415     341     0.560
341     116     0.560
116     102     0.560
100     30      0.560
323     132     0.560
340     76      0.560
340     209     0.560
314     283     0.560
346     336     0.560
341     311     0.559
278     271     0.559
416     283     0.559
418     96      0.559
323     266     0.559
206     86      0.559
419     88      0.559
205     117     0.558
355     315     0.558
205     115     0.558
203     24      0.558
206     30      0.558
96      32      0.558
420     2       0.558
285     181     0.558
415     23      0.558
312     285     0.557
340     332     0.557
268     72      0.557
311     97      0.557
420     341     0.557
338     259     0.557
328     271     0.556
207     32      0.556
86      29      0.556
119     86      0.556
285     256     0.556
337     271     0.556
283     170     0.556
385     283     0.556
210     102     0.556
420     313     0.556
96      8       0.555
115     30      0.555
338     182     0.555
336     174     0.555
331     323     0.555
346     210     0.555
204     5       0.554
312     97      0.554
337     182     0.554
276     265     0.554
342     203     0.554
311     23      0.554
264     182     0.554
271     27      0.553
420     119     0.553
323     204     0.553
116     86      0.553
355     273     0.553
356     336     0.553
316     96      0.552
313     88      0.552
269     210     0.552
96      2       0.552
271     210     0.552
415     204     0.552
210     27      0.552
420     103     0.551
420     283     0.551
420     271     0.551
105     32      0.551
204     76      0.551
337     268     0.551
340     265     0.551
419     272     0.551
415     96      0.550
99      33      0.550
285     99      0.550
416     119     0.550
283     175     0.550
118     24      0.550
334     210     0.550
86      23      0.550
361     269     0.549
340     25      0.549
206     87      0.549
206     116     0.549
323     285     0.549
355     272     0.549
310     208     0.549
315     271     0.549
312     203     0.549
419     271     0.548
204     37      0.548
315     104     0.548
415     312     0.548
105     88      0.548
104     88      0.548
206     25      0.548
205     31      0.548
356     274     0.547
120     30      0.547
260     55      0.547
87      23      0.547
311     96      0.547
311     33      0.547
33      23      0.547
298     260     0.547
417     34      0.547
96      37      0.547
355     181     0.546
97      87      0.546
283     237     0.546
208     97      0.546
102     86      0.546
104     86      0.546
331     268     0.546
315     276     0.546
315     85      0.546
34      27      0.546
313     270     0.546
340     314     0.545
205     36      0.545
418     36      0.545
355     274     0.545
335     264     0.545
211     203     0.545
207     25      0.545
283     169     0.545
206     98      0.545
206     34      0.545
204     88      0.545
420     323     0.545
341     203     0.545
346     265     0.545
271     99      0.545
419     339     0.544
338     76      0.544
315     285     0.544
207     86      0.544
210     203     0.544
88      33      0.544
420     209     0.544
260     99      0.544
338     55      0.543
206     104     0.543
355     265     0.543