Prediction Made with CORNET:
a Neural Network based method trained using Correlated Mutations,
Sequence Conservation, Predicted Secondary structure of Proteins and
Evolutionary Information.
Authors Fariselli Piero, Olmea Osvaldo, Valencia Alfonso, Rita Casadio.
This method is an extension of the two following methods

Olmea O. and Valencia A. (1997) Fold. Des. 2: S25-32.

Fariselli P and Casadio R. (1999) Prot. Engng 12:15-21

#================================================================#

PREDICTION

Couple          Reliability
i       j
313     271     0.854
314     271     0.825
311     207     0.812
314     209     0.810
311     271     0.789
314     207     0.789
523     270     0.788
313     35      0.786
311     209     0.784
103     32      0.782
104     35      0.781
312     37      0.779
526     337     0.777
523     360     0.775
311     203     0.774
335     259     0.771
322     271     0.769
311     37      0.767
104     37      0.765
311     35      0.763
334     267     0.763
102     37      0.762
312     104     0.758
313     203     0.758
311     33      0.758
337     264     0.758
524     173     0.756
113     103     0.755
314     203     0.753
313     99      0.753
313     37      0.753
101     35      0.750
99      35      0.750
526     267     0.750
335     267     0.749
523     282     0.749
310     209     0.749
312     35      0.749
310     208     0.745
313     208     0.744
203     37      0.744
337     275     0.741
526     335     0.741
315     32      0.740
524     267     0.740
337     282     0.739
523     334     0.739
523     322     0.739
104     31      0.739
312     271     0.737
313     31      0.737
312     207     0.737
310     207     0.731
101     37      0.728
313     102     0.728
314     37      0.728
115     39      0.726
114     37      0.724
313     207     0.723
311     273     0.721
313     38      0.721
115     35      0.721
99      37      0.719
203     104     0.718
99      31      0.718
39      31      0.717
313     39      0.716
310     271     0.716
310     270     0.714
271     264     0.714
112     99      0.714
310     203     0.714
102     35      0.714
208     103     0.714
314     115     0.714
207     37      0.713
114     35      0.713
334     273     0.713
311     205     0.712
314     31      0.712
311     114     0.712
360     335     0.711
311     208     0.710
313     104     0.710
523     267     0.708
115     99      0.708
523     259     0.708
203     35      0.708
313     209     0.707
313     113     0.706
112     37      0.706
103     36      0.706
312     39      0.706
311     104     0.706
313     36      0.705
335     273     0.704
100     36      0.703
313     112     0.703
313     34      0.703
112     35      0.703
313     115     0.701
115     37      0.700
114     104     0.700
103     35      0.700
204     37      0.699
310     39      0.699
337     267     0.698
313     103     0.697
113     37      0.696
314     35      0.696
526     270     0.694
314     39      0.694
312     203     0.694
313     259     0.693
337     284     0.693
311     99      0.692
271     259     0.692
104     33      0.691
99      39      0.691
282     180     0.691
314     269     0.690
203     102     0.689
332     270     0.689
526     334     0.689
523     331     0.688
526     58      0.688
308     271     0.688
312     99      0.687
207     35      0.687
337     270     0.687
310     99      0.686
208     37      0.685
208     35      0.685
339     270     0.684
207     104     0.684
310     206     0.683
337     329     0.681
313     100     0.681
313     101     0.680
271     209     0.679
209     31      0.678
339     271     0.678
313     205     0.678
311     101     0.677
114     102     0.677
313     98      0.677
282     259     0.677
523     335     0.677
115     34      0.676
203     39      0.673
311     204     0.673
102     36      0.673
345     267     0.673
105     36      0.672
259     180     0.670
270     203     0.670
105     37      0.669
417     270     0.669
102     39      0.668
207     101     0.668
360     334     0.667
309     270     0.667
112     101     0.666
112     39      0.666
310     37      0.666
310     272     0.665
311     115     0.665
311     206     0.664
333     264     0.664
112     104     0.664
115     104     0.664
207     99      0.663
100     38      0.663
113     35      0.663
104     34      0.662
322     270     0.662
314     33      0.662
417     310     0.661
313     114     0.661
273     259     0.661
102     31      0.661
311     38      0.661
313     270     0.660
526     273     0.660
311     270     0.660
334     282     0.659
282     270     0.659
209     115     0.659
203     99      0.659
115     31      0.658
312     34      0.658
360     267     0.658
314     204     0.657
270     259     0.655
312     209     0.655
311     268     0.655
312     204     0.654
112     31      0.654
273     209     0.653
310     268     0.653
312     115     0.653
115     101     0.653
203     36      0.653
114     39      0.652
206     100     0.652
209     39      0.652
523     88      0.650
417     203     0.650
314     114     0.649
312     112     0.649
419     270     0.648
322     209     0.648
335     282     0.647
333     282     0.647
524     270     0.647
313     206     0.647
203     31      0.646
113     100     0.646
308     259     0.646
322     282     0.646
103     37      0.645
208     31      0.645
209     99      0.645
207     36      0.645
271     203     0.645
311     31      0.645
100     35      0.644
310     32      0.644
314     259     0.644
207     115     0.644
335     322     0.643
207     102     0.643
209     37      0.643
331     282     0.643
523     271     0.643
308     270     0.642
101     33      0.642
312     38      0.641
114     99      0.641
100     37      0.641
322     259     0.641
311     36      0.640
207     33      0.640
104     36      0.640
203     114     0.640
102     33      0.639
314     112     0.639
207     114     0.638
112     38      0.638
322     273     0.638
345     259     0.637
208     99      0.637
360     284     0.637
270     181     0.636
312     36      0.636
345     331     0.636
311     102     0.636
382     282     0.635
204     39      0.635
418     270     0.635
313     204     0.635
308     268     0.634
337     180     0.634
267     180     0.634
311     34      0.634
312     270     0.633
282     209     0.633
334     270     0.633
114     101     0.633
203     34      0.633
312     31      0.633
270     263     0.632
322     267     0.632
308     267     0.632
115     102     0.631
105     35      0.631
337     310     0.631
523     284     0.631
204     35      0.631
203     145     0.630
523     5       0.630
314     270     0.630
311     267     0.630
267     259     0.629
314     282     0.627
526     173     0.627
101     36      0.627
102     38      0.627
420     270     0.627
203     115     0.626
113     33      0.626
282     271     0.625
418     310     0.625
206     32      0.625
335     264     0.625
310     273     0.625
523     56      0.624
115     36      0.624
311     39      0.624
104     38      0.624
314     99      0.624
524     259     0.624
322     308     0.623
312     114     0.622
270     39      0.622
314     208     0.622
311     259     0.622
204     115     0.622
354     334     0.621
312     205     0.621
526     72      0.621
204     36      0.621
209     112     0.621
99      88      0.621
311     100     0.621
207     112     0.621
330     282     0.620
105     32      0.620
267     73      0.620
331     270     0.619
313     33      0.619
309     209     0.619
472     282     0.619
330     259     0.619
312     208     0.619
208     34      0.619
208     33      0.619
339     267     0.619
114     34      0.618
334     79      0.618
205     101     0.618
103     38      0.618
333     267     0.618
322     264     0.618
345     322     0.618
314     36      0.618
374     271     0.617
282     273     0.617
271     31      0.617
270     37      0.617
523     264     0.617
314     273     0.616
348     209     0.616
337     255     0.616
310     115     0.616
314     205     0.615
208     113     0.615
526     282     0.615
100     34      0.615
312     269     0.615
337     72      0.614
312     102     0.614
334     259     0.614
104     39      0.614
526     255     0.614
114     38      0.613
310     102     0.613
203     105     0.613
112     34      0.613
259     73      0.612
208     98      0.612
114     36      0.612
310     36      0.612
202     98      0.612
271     180     0.611
282     255     0.611
312     103     0.610
337     273     0.610
330     271     0.610
270     207     0.610
101     31      0.610
523     180     0.609
282     264     0.609
333     181     0.609
354     267     0.609
308     274     0.608
98      39      0.608
282     252     0.608
311     103     0.608
99      34      0.608
314     38      0.608
313     268     0.607
360     282     0.607
204     101     0.607
206     37      0.606
282     267     0.606
268     209     0.606
209     114     0.606
312     101     0.606
282     88      0.605
103     33      0.605
101     34      0.605
39      32      0.604
339     282     0.604
113     39      0.604
310     113     0.604
311     32      0.603
311     105     0.603
354     310     0.603
98      38      0.603
523     74      0.603
341     271     0.603
418     112     0.603
102     34      0.602
526     259     0.602
115     38      0.602
334     88      0.602
204     102     0.602
360     330     0.602
112     105     0.601
208     114     0.601
417     314     0.601
204     113     0.601
267     37      0.601
98      32      0.601
308     264     0.600
417     313     0.600
203     38      0.600
310     31      0.600
360     209     0.600
208     39      0.600
348     331     0.600
282     275     0.600
116     98      0.599
334     209     0.598
310     35      0.598
113     105     0.598
334     37      0.598
203     97      0.598
112     102     0.598
330     270     0.597
349     310     0.597
114     31      0.597
418     209     0.596
205     37      0.596
322     181     0.596
113     102     0.595
204     31      0.595
417     32      0.594
311     98      0.594
209     35      0.593
207     39      0.593
114     33      0.593
204     99      0.593
205     35      0.593
310     101     0.593
204     112     0.593
417     98      0.593
355     203     0.592
282     217     0.592
312     206     0.592
331     271     0.592
272     103     0.592
38      31      0.591
310     100     0.591
101     38      0.590
526     264     0.590
348     310     0.590
314     268     0.589
270     209     0.589
284     264     0.589
354     270     0.589
207     38      0.589
334     284     0.589
98      30      0.589
523     173     0.589
97      31      0.588
360     273     0.588
354     335     0.588
523     232     0.588
348     271     0.588
330     264     0.587
312     113     0.587
204     34      0.587
277     270     0.587
259     252     0.587
354     209     0.586
308     275     0.586
209     101     0.586
417     271     0.586
314     101     0.585
207     34      0.585
282     181     0.585
310     202     0.585
113     99      0.584
312     100     0.584
526     265     0.584
354     273     0.584
284     217     0.583
355     180     0.583
525     335     0.583
414     270     0.583
523     77      0.583
113     38      0.583
310     267     0.583
268     180     0.583
345     273     0.583
112     98      0.583
333     209     0.583
322     88      0.582
204     32      0.582
322     268     0.582
315     202     0.582
313     32      0.582
111     99      0.582
382     273     0.582
208     111     0.582
270     180     0.581
284     259     0.581
419     310     0.581
115     33      0.580
526     27      0.580
311     269     0.580
275     264     0.580
105     33      0.579
523     248     0.579
309     273     0.579
208     115     0.579
313     284     0.579
259     248     0.579
314     206     0.579
267     173     0.579
417     39      0.579
271     72      0.579
205     113     0.578
271     248     0.578
339     273     0.578
315     203     0.578
314     102     0.578
99      33      0.578
114     103     0.578
526     180     0.578
418     35      0.577
418     98      0.577
105     39      0.577
345     337     0.577
355     273     0.577
313     105     0.577
113     98      0.577
115     28      0.577
271     88      0.577
111     31      0.577
205     112     0.577
264     180     0.576
523     265     0.576
101     39      0.576
516     332     0.576
327     267     0.576
271     74      0.575
310     204     0.575
284     275     0.575
115     105     0.575
264     252     0.575
205     99      0.574
418     207     0.574
337     271     0.574
322     314     0.573
267     227     0.573
311     282     0.573
205     104     0.573
98      35      0.573
337     330     0.573
267     231     0.573
337     73      0.573
202     103     0.573
327     270     0.572
207     32      0.572
206     113     0.572
334     73      0.572
271     207     0.572
203     103     0.572
98      36      0.572
203     180     0.572
417     208     0.572
314     267     0.572
352     331     0.571
382     335     0.571
311     180     0.571
355     282     0.571
313     269     0.571
314     275     0.570
322     145     0.570
312     98      0.570
523     332     0.570
313     282     0.569
205     115     0.569
209     145     0.569
418     38      0.568
208     112     0.568
336     270     0.568
335     258     0.568
417     38      0.568
105     38      0.568
208     38      0.568
99      36      0.568
113     104     0.568
332     267     0.567
345     282     0.567
348     314     0.567
345     330     0.566
205     31      0.566
114     105     0.566
525     332     0.566
525     270     0.566
310     269     0.566
420     115     0.566
205     100     0.565
271     104     0.565
354     345     0.565
208     104     0.565
311     272     0.565
105     31      0.564
39      28      0.564
523     273     0.564
341     270     0.564
106     98      0.564
204     114     0.564
315     272     0.564
330     180     0.564
205     33      0.564
337     79      0.564
337     259     0.564
37      28      0.563
417     115     0.563
313     267     0.563
204     105     0.563
311     112     0.563
259     209     0.563
209     104     0.563
360     180     0.563
335     284     0.563
335     275     0.563
526     79      0.562
330     322     0.562
207     103     0.562
271     231     0.562
111     32      0.562
209     36      0.562
313     28      0.561
263     181     0.561
330     267     0.561
267     79      0.561
273     145     0.561
111     37      0.561
421     270     0.561
270     71      0.561
103     34      0.561
311     113     0.561
526     284     0.559
204     103     0.559
331     268     0.559
311     275     0.559
352     310     0.559
328     270     0.559
208     102     0.558
311     202     0.558
264     255     0.558
270     98      0.558
314     98      0.558
314     32      0.558
418     311     0.558
417     112     0.558
322     265     0.558
259     37      0.558
97      39      0.557
523     396     0.557
310     38      0.557
205     114     0.557
297     259     0.557
335     270     0.557
418     37      0.556
419     113     0.556
337     297     0.556
314     28      0.556
384     282     0.556
284     180     0.556
259     79      0.556
112     36      0.556
145     28      0.556
98      33      0.555
339     310     0.555
334     263     0.555
205     39      0.555
382     180     0.555
348     267     0.554
419     98      0.554
207     31      0.554
282     176     0.554
104     88      0.554
362     259     0.554
310     205     0.554
418     203     0.553
308     282     0.553
417     35      0.553
112     33      0.553
348     270     0.553
333     259     0.552
106     31      0.552
270     35      0.552
523     31      0.552
345     334     0.552
331     284     0.552
207     113     0.552
105     34      0.552
309     269     0.551
330     284     0.551
273     203     0.551
267     209     0.551
526     331     0.551
282     232     0.551
35      28      0.551
345     268     0.551
341     273     0.551
523     37      0.550
355     335     0.550
322     203     0.550
523     330     0.550
524     335     0.550
282     173     0.549
111     98      0.549
114     98      0.549
274     181     0.549
360     331     0.549
310     29      0.549
354     309     0.548
105     98      0.548
345     335     0.548
336     181     0.548
333     270     0.548
111     34      0.548
524     282     0.548
345     209     0.547
523     472     0.547
282     268     0.547
523     217     0.547
354     272     0.547
337     209     0.547
348     337     0.547
418     105     0.547
209     98      0.547
115     98      0.546
334     310     0.546
203     113     0.546
354     271     0.546
284     227     0.546
360     268     0.545
208     100     0.545
341     209     0.545
374     282     0.544
97      88      0.544
209     38      0.544
382     88      0.544
332     266     0.544
523     333     0.544
310     112     0.544
208     101     0.543
309     207     0.543
523     181     0.543
209     32      0.543
355     267     0.543
340     270     0.543
331     264     0.542
203     112     0.542
203     32      0.542
310     259     0.542
524     334     0.542
284     271     0.542
418     99      0.542
314     34      0.541
337     88      0.541
418     269     0.541
259     217     0.541
205     38      0.541
98      31      0.541
205     32      0.541
269     209     0.540
206     33      0.540
418     39      0.540
354     322     0.540
311     284     0.540
204     104     0.540
334     322     0.540
334     180     0.540
310     104     0.540
314     202     0.540
308     273     0.539
312     105     0.539
352     270     0.539
345     310     0.539
282     227     0.539
339     259     0.538
339     209     0.538
203     28      0.538
330     273     0.538
333     284     0.537
206     35      0.537
150     31      0.537
524     258     0.537
115     32      0.537
259     74      0.537
339     330     0.537
526     29      0.537
116     39      0.537
526     275     0.537
523     392     0.536
418     314     0.536
418     115     0.536
523     195     0.536
333     322     0.536
207     105     0.536
339     268     0.536
204     38      0.536
297     282     0.535
206     34      0.535
345     264     0.535
314     105     0.535
271     252     0.535
308     203     0.535
526     4       0.535
354     180     0.534
209     202     0.534
100     39      0.534
322     310     0.534
333     273     0.534
270     31      0.534
523     362     0.534
414     310     0.534
524     330     0.534
335     173     0.534
98      37      0.534
111     39      0.534
203     98      0.533
205     102     0.533
203     111     0.533
310     33      0.533
205     36      0.533
347     270     0.533
355     271     0.532
355     209     0.532
106     39      0.532
111     35      0.532
477     270     0.532
314     104     0.532
340     209     0.531
115     100     0.531
207     98      0.531
282     269     0.530
315     208     0.530
340     271     0.530
335     328     0.530
417     99      0.530
314     284     0.530
314     103     0.529
99      38      0.529
420     99      0.529
111     100     0.529
345     333     0.528
209     28      0.528
322     284     0.528
314     272     0.528
329     267     0.528
269     88      0.528
327     259     0.528
282     248     0.528
382     259     0.528
311     88      0.528
268     88      0.528
322     294     0.528
312     32      0.528
526     360     0.528
210     202     0.527
310     98      0.527
202     30      0.527
335     221     0.527
334     181     0.527
259     232     0.527
327     282     0.526
354     332     0.526
526     322     0.526
327     314     0.526
333     88      0.526
99      74      0.526
310     282     0.526
310     28      0.526
335     180     0.526
284     252     0.525
354     202     0.525
334     314     0.525
40      31      0.525
418     313     0.525
100     32      0.525
420     310     0.525
270     115     0.525
150     88      0.525
264     173     0.525
112     32      0.524
315     117     0.524
270     103     0.524
418     312     0.524
417     37      0.524
311     252     0.524
339     322     0.524
104     32      0.524
206     102     0.524
354     284     0.524
270     205     0.523
348     275     0.523
282     74      0.523
209     111     0.523
337     181     0.523
284     173     0.523
334     313     0.523
317     270     0.523
384     337     0.522
308     252     0.522
270     208     0.522
470     270     0.522
523     73      0.522
355     334     0.522
524     284     0.522
313     116     0.522
354     337     0.521
334     268     0.521
527     270     0.521
339     203     0.521
100     33      0.521
417     312     0.521
259     181     0.520
420     31      0.520
308     284     0.520
114     100     0.520
523     221     0.520
360     345     0.520
417     111     0.520
113     101     0.520
284     255     0.519
206     39      0.519
360     270     0.519
323     267     0.519
113     32      0.519
331     322     0.519
360     322     0.519
271     174     0.519
417     34      0.519
115     103     0.519
337     262     0.519
374     264     0.518
205     98      0.518
418     271     0.518
330     88      0.518
116     103     0.518
281     270     0.518
209     113     0.518
339     275     0.518
416     310     0.518
209     102     0.518
331     314     0.517
310     114     0.517
284     273     0.517
113     36      0.517
309     98      0.517
335     88      0.517
337     76      0.517
88      74      0.517
363     335     0.517
204     33      0.516
203     101     0.516
417     30      0.516
354     268     0.516
362     282     0.516
111     33      0.516
417     209     0.516
355     345     0.516
353     270     0.516
351     270     0.516
207     180     0.516
414     267     0.516
526     501     0.515
259     88      0.515
308     209     0.515
270     199     0.515
330     172     0.515
417     113     0.515
209     97      0.515
374     331     0.515
374     267     0.514
269     74      0.514
354     282     0.514
282     79      0.514
38      30      0.514
267     207     0.514
206     104     0.514
270     171     0.514
271     77      0.514
322     279     0.514
417     101     0.514
335     209     0.514
332     271     0.514
418     28      0.514
341     203     0.513
418     103     0.513
309     203     0.513
273     180     0.513
112     30      0.513
205     103     0.513
417     322     0.513
477     267     0.513
334     297     0.513
202     145     0.512
345     180     0.512
207     100     0.512
374     259     0.512
268     259     0.512
270     210     0.512
203     100     0.512
97      28      0.512
417     311     0.511
204     98      0.511
417     103     0.511
333     272     0.511
271     181     0.511
334     232     0.511
291     271     0.511
332     259     0.510
337     182     0.510
526     68      0.510
316     270     0.510
419     203     0.510
115     97      0.510
416     270     0.510
310     105     0.510
420     39      0.510
203     106     0.509
337     258     0.509
270     262     0.509
417     267     0.509
527     335     0.509
349     309     0.509
259     5       0.509
524     333     0.509
328     273     0.508
520     332     0.508
259     203     0.508
311     30      0.508
354     331     0.508
99      59      0.508
271     258     0.508
271     255     0.508
258     180     0.508
335     271     0.508
98      27      0.507
472     284     0.507
203     150     0.507
354     203     0.507
313     202     0.507
271     173     0.506