Prediction Made with CORNET:
a Neural Network based method trained using Correlated Mutations,
Sequence Conservation, Predicted Secondary structure of Proteins and
Evolutionary Information.
Authors Fariselli Piero, Olmea Osvaldo, Valencia Alfonso, Rita Casadio.
This method is an extension of the two following methods

Olmea O. and Valencia A. (1997) Fold. Des. 2: S25-32.

Fariselli P and Casadio R. (1999) Prot. Engng 12:15-21

#================================================================#

PREDICTION

Couple          Reliability
i       j
315     273     0.841
316     211     0.815
313     209     0.811
339     266     0.796
421     90      0.796
316     209     0.788
418     100     0.787
316     273     0.787
313     211     0.784
324     273     0.781
313     205     0.777
315     35      0.775
459     103     0.775
337     261     0.774
459     205     0.774
459     35      0.771
420     316     0.769
337     269     0.768
316     205     0.768
315     205     0.766
457     272     0.766
459     37      0.764
313     37      0.759
273     266     0.759
457     337     0.757
459     99      0.756
457     269     0.756
339     284     0.755
339     269     0.754
336     269     0.754
461     103     0.753
315     210     0.753
312     210     0.751
312     211     0.749
459     273     0.749
315     37      0.748
205     99      0.747
316     90      0.744
315     90      0.744
315     102     0.742
315     209     0.742
420     38      0.740
420     90      0.738
106     37      0.737
315     211     0.736
459     210     0.735
312     209     0.734
420     209     0.733
314     209     0.733
459     313     0.733
339     286     0.733
459     90      0.733
99      90      0.732
313     90      0.732
99      39      0.731
313     35      0.731
459     284     0.731
421     316     0.730
312     205     0.728
339     277     0.727
90      28      0.727
313     273     0.727
421     89      0.726
458     103     0.726
315     99      0.722
420     315     0.722
420     103     0.722
315     89      0.721
420     102     0.721
459     211     0.719
459     286     0.718
102     35      0.718
210     37      0.718
459     316     0.718
416     315     0.714
341     273     0.714
284     182     0.713
313     207     0.713
419     316     0.712
315     261     0.711
313     210     0.711
459     315     0.711
209     37      0.710
421     39      0.708
101     90      0.707
314     35      0.706
459     420     0.706
312     39      0.705
316     103     0.705
420     312     0.704
461     420     0.704
421     119     0.702
102     38      0.702
421     315     0.701
205     35      0.701
205     90      0.701
284     234     0.701
417     316     0.700
459     102     0.700
315     106     0.699
314     205     0.699
420     120     0.699
460     314     0.699
209     103     0.699
420     89      0.697
210     35      0.697
315     39      0.697
459     312     0.697
421     209     0.697
261     182     0.697
106     35      0.696
205     37      0.696
106     90      0.695
205     106     0.695
316     39      0.695
459     120     0.694
460     316     0.693
103     90      0.693
420     313     0.693
460     418     0.692
418     36      0.692
119     99      0.691
461     313     0.691
315     103     0.690
315     207     0.690
89      39      0.690
421     28      0.690
315     208     0.690
461     90      0.690
339     272     0.689
341     272     0.688
339     331     0.687
313     33      0.687
316     28      0.687
417     39      0.687
420     314     0.686
420     39      0.686
341     269     0.685
460     36      0.685
416     90      0.685
314     37      0.685
103     36      0.684
284     261     0.684
461     315     0.684
460     38      0.684
312     208     0.684
99      89      0.684
417     37      0.683
205     39      0.683
119     90      0.683
90      39      0.682
347     269     0.682
417     119     0.681
209     106     0.679
420     36      0.679
103     35      0.678
461     316     0.678
313     206     0.678
99      37      0.678
457     312     0.677
459     39      0.676
313     208     0.676
458     39      0.676
313     103     0.676
421     37      0.676
420     37      0.674
420     119     0.673
314     38      0.673
460     102     0.673
420     99      0.673
315     38      0.673
416     316     0.673
459     38      0.673
420     28      0.673
460     420     0.672
206     107     0.671
324     310     0.671
419     101     0.670
313     99      0.670
209     90      0.669
102     37      0.669
460     99      0.669
209     35      0.669
459     337     0.669
314     36      0.668
421     211     0.668
420     105     0.668
362     337     0.668
460     312     0.668
316     37      0.668
461     28      0.668
458     313     0.668
421     208     0.668
523     337     0.667
421     205     0.667
314     211     0.667
337     275     0.666
210     99      0.666
118     39      0.666
211     90      0.666
313     102     0.665
339     182     0.665
273     261     0.665
314     39      0.665
418     121     0.664
420     211     0.664
211     99      0.664
420     118     0.664
418     206     0.664
314     273     0.664
211     28      0.663
461     39      0.663
458     312     0.662
420     205     0.662
416     39      0.662
419     35      0.662
420     210     0.661
342     210     0.661
460     105     0.661
460     39      0.661
416     312     0.661
314     206     0.661
89      37      0.660
421     99      0.660
314     106     0.660
313     38      0.660
324     211     0.660
417     103     0.660
316     206     0.660
420     35      0.660
459     106     0.659
315     34      0.659
341     211     0.659
261     234     0.659
100     38      0.659
316     261     0.659
103     37      0.659
314     103     0.659
459     101     0.658
421     261     0.658
460     209     0.658
313     270     0.658
209     38      0.658
341     284     0.657
316     35      0.657
459     342     0.657
315     104     0.656
269     261     0.656
460     119     0.656
417     28      0.656
457     183     0.656
421     313     0.656
99      35      0.656
417     120     0.655
459     119     0.655
458     420     0.655
417     90      0.655
119     39      0.655
104     35      0.654
37      28      0.654
312     37      0.654
341     205     0.654
324     261     0.653
312     28      0.653
315     101     0.653
119     37      0.652
272     261     0.652
416     211     0.652
460     98      0.652
313     28      0.652
103     38      0.652
421     269     0.651
211     39      0.651
335     266     0.651
457     211     0.651
106     28      0.651
339     312     0.650
100     36      0.650
206     104     0.650
312     273     0.650
461     312     0.649
284     269     0.649
312     270     0.649
120     99      0.649
313     104     0.648
339     273     0.648
336     275     0.648
420     101     0.648
107     100     0.647
421     312     0.647
310     273     0.647
269     182     0.646
420     104     0.646
310     261     0.646
420     341     0.646
461     205     0.646
341     312     0.645
208     102     0.645
208     37      0.645
460     91      0.645
461     211     0.645
460     34      0.644
460     120     0.644
460     417     0.643
101     37      0.643
416     272     0.643
459     416     0.643
206     90      0.643
523     183     0.643
90      37      0.643
347     261     0.643
421     210     0.643
339     238     0.643
339     332     0.642
337     284     0.642
457     333     0.642
419     209     0.642
210     103     0.641
459     104     0.641
457     314     0.641
312     102     0.641
416     341     0.641
458     90      0.641
459     89      0.641
483     234     0.640
314     34      0.640
419     90      0.640
284     272     0.640
459     421     0.640
459     91      0.640
458     119     0.640
347     333     0.639
458     38      0.639
460     341     0.639
284     219     0.638
284     211     0.638
419     37      0.638
284     273     0.638
458     102     0.638
316     89      0.638
205     89      0.637
339     257     0.637
416     89      0.637
417     205     0.636
101     35      0.636
362     269     0.636
342     211     0.636
333     284     0.636
119     28      0.635
313     34      0.635
461     210     0.635
313     275     0.635
104     37      0.635
316     38      0.635
315     206     0.635
420     27      0.635
341     316     0.634
457     89      0.634
105     33      0.634
261     238     0.634
118     37      0.634
315     118     0.634
315     28      0.634
420     106     0.634
316     106     0.633
460     118     0.633
313     101     0.633
422     32      0.633
324     266     0.633
316     271     0.632
462     211     0.632
459     208     0.632
209     101     0.632
419     102     0.632
205     28      0.632
460     33      0.632
310     270     0.632
521     337     0.632
209     36      0.632
458     211     0.631
118     89      0.631
417     89      0.631
459     417     0.631
416     37      0.631
419     315     0.631
421     273     0.631
347     324     0.630
284     257     0.630
313     261     0.630
416     119     0.630
316     210     0.630
313     106     0.630
458     316     0.630
459     314     0.629
210     38      0.629
324     284     0.629
384     284     0.629
208     39      0.629
312     99      0.629
315     36      0.629
459     272     0.628
210     39      0.628
284     238     0.628
316     99      0.628
458     315     0.627
336     284     0.627
119     103     0.627
209     39      0.627
312     274     0.627
90      35      0.627
315     119     0.627
316     207     0.627
314     101     0.626
284     266     0.626
106     99      0.626
461     100     0.626
314     89      0.626
261     254     0.626
275     261     0.625
324     272     0.625
206     36      0.625
313     269     0.625
314     99      0.625
106     34      0.625
421     120     0.625
99      28      0.624
336     234     0.624
100     33      0.624
332     261     0.624
476     286     0.624
314     207     0.624
421     118     0.624
103     39      0.624
39      28      0.624
417     313     0.624
420     91      0.623
460     211     0.623
102     34      0.623
337     266     0.623
314     102     0.623
460     103     0.623
462     28      0.623
459     209     0.623
310     269     0.622
418     38      0.622
461     99      0.622
341     261     0.622
460     419     0.621
210     100     0.621
337     324     0.621
421     103     0.621
335     284     0.621
209     102     0.621
105     36      0.621
314     210     0.620
312     272     0.620
421     38      0.620
341     270     0.620
311     211     0.620
39      27      0.619
272     183     0.619
312     89      0.619
210     119     0.619
419     103     0.618
314     118     0.618
118     90      0.618
209     118     0.618
476     284     0.618
459     118     0.618
119     101     0.618
35      28      0.618
316     284     0.617
460     89      0.617
460     101     0.617
337     260     0.617
101     34      0.616
312     38      0.616
460     205     0.616
421     314     0.616
341     332     0.616
286     219     0.616
315     270     0.616
118     99      0.615
286     234     0.615
284     270     0.615
211     119     0.615
324     269     0.615
324     316     0.615
417     315     0.615
460     107     0.615
209     99      0.615
362     286     0.614
104     90      0.614
315     120     0.614
459     419     0.614
107     90      0.614
118     35      0.614
210     34      0.614
315     33      0.614
119     89      0.613
335     234     0.613
205     38      0.613
461     421     0.613
210     102     0.613
419     205     0.612
316     36      0.612
419     120     0.612
421     342     0.612
312     103     0.612
420     208     0.611
103     89      0.611
316     119     0.611
461     89      0.611
206     99      0.610
284     275     0.610
106     33      0.610
204     98      0.610
416     28      0.610
419     273     0.609
206     89      0.609
460     210     0.609
334     272     0.609
211     89      0.609
102     28      0.609
458     100     0.608
102     90      0.608
421     27      0.608
272     265     0.608
314     90      0.608
273     250     0.608
107     36      0.608
314     119     0.608
458     118     0.607
416     210     0.607
316     33      0.607
459     27      0.607
376     273     0.606
120     89      0.606
273     211     0.606
420     273     0.606
418     103     0.606
421     336     0.606
314     28      0.605
205     119     0.605
459     28      0.605
121     107     0.605
332     284     0.605
104     38      0.605
460     313     0.605
210     89      0.605
336     261     0.605
459     33      0.605
312     90      0.605
419     99      0.604
419     38      0.604
350     211     0.604
421     284     0.604
339     261     0.604
461     119     0.604
211     103     0.604
417     273     0.604
458     419     0.604
347     339     0.604
324     270     0.604
273     234     0.604
460     90      0.603
461     35      0.603
273     238     0.603
461     342     0.603
284     250     0.603
461     88      0.603
99      91      0.602
419     89      0.602
458     35      0.602
100     35      0.602
210     101     0.602
284     183     0.602
356     211     0.602
416     118     0.602
209     33      0.601
273     182     0.601
315     286     0.601
419     314     0.601
316     118     0.601
421     102     0.601
460     315     0.601
206     37      0.601
90      33      0.600
419     313     0.600
462     312     0.600
459     341     0.600
205     118     0.599
417     209     0.599
417     99      0.599
211     35      0.599
341     37      0.599
209     104     0.599
339     299     0.599
416     342     0.599
342     205     0.598
420     98      0.598
210     90      0.598
422     121     0.598
339     211     0.598
211     37      0.598
312     35      0.598
419     207     0.598
100     89      0.597
420     33      0.597
419     119     0.597
211     118     0.597
324     275     0.597
210     91      0.597
343     205     0.597
418     105     0.596
207     103     0.596
316     208     0.596
105     38      0.596
342     273     0.595
459     100     0.595
120     38      0.595
457     29      0.595
314     208     0.595
102     39      0.594
419     39      0.594
518     261     0.594
104     89      0.594
210     28      0.594
461     38      0.594
384     234     0.594
335     183     0.594
314     100     0.594
421     341     0.594
339     171     0.594
460     100     0.593
102     36      0.593
314     104     0.593
418     102     0.593
310     272     0.593
416     205     0.593
316     270     0.592
284     277     0.592
315     105     0.592
457     286     0.592
362     336     0.592
339     260     0.591
101     39      0.591
206     35      0.591
120     102     0.591
209     34      0.591
314     105     0.591
208     32      0.591
419     104     0.591
460     121     0.591
343     273     0.590
416     209     0.590
416     35      0.590
275     211     0.590
103     34      0.590
351     312     0.590
356     312     0.590
457     334     0.590
461     273     0.589
316     102     0.589
89      35      0.589
449     324     0.589
104     36      0.589
104     28      0.589
107     32      0.589
310     276     0.589
311     272     0.588
108     89      0.588
119     106     0.588
357     182     0.588
205     182     0.588
106     36      0.588
102     89      0.588
356     269     0.588
357     205     0.587
329     269     0.587
384     275     0.587
333     270     0.587
99      38      0.587
418     34      0.586
356     347     0.586
261     219     0.586
205     107     0.586
313     36      0.586
464     269     0.586
356     337     0.586
417     210     0.586
315     269     0.586
273     205     0.585
312     36      0.585
332     266     0.585
102     33      0.585
121     90      0.585
337     234     0.585
462     420     0.585
120     90      0.585
324     183     0.585
118     27      0.584
343     211     0.584
461     208     0.584
209     89      0.584
107     28      0.583
341     324     0.583
210     105     0.583
462     421     0.583
457     39      0.583
312     206     0.583
339     275     0.582
206     39      0.582
461     416     0.582
272     205     0.582
336     286     0.582
101     89      0.582
317     204     0.582
416     269     0.581
119     35      0.581
460     37      0.581
342     313     0.581
208     99      0.581
209     119     0.580
354     333     0.580
120     106     0.580
518     286     0.580
205     102     0.580
100     91      0.580
416     313     0.580
462     89      0.580
105     35      0.580
457     270     0.580
105     90      0.580
106     38      0.580
90      38      0.580
460     27      0.580
270     182     0.580
120     35      0.580
209     100     0.580
420     207     0.579
313     39      0.579
356     336     0.579
341     39      0.579
312     269     0.579
313     89      0.578
313     120     0.578
211     38      0.578
339     264     0.578
416     38      0.578
312     204     0.578
350     333     0.578
521     284     0.578
347     332     0.578
337     286     0.578
417     102     0.577
332     273     0.577
120     39      0.577
286     266     0.577
205     34      0.577
417     38      0.577
335     269     0.577
38      28      0.577
119     38      0.577
315     100     0.577
483     336     0.576
416     99      0.576
417     314     0.576
266     182     0.576
89      38      0.576
266     234     0.576
101     36      0.576
208     90      0.575
211     106     0.575
341     275     0.575
457     90      0.575
312     207     0.575
90      27      0.575
421     106     0.575
118     28      0.575
119     34      0.575
89      28      0.575
418     35      0.575
457     275     0.574
286     261     0.574
347     270     0.574
269     260     0.574
266     254     0.574
350     316     0.574
284     178     0.574
316     269     0.574
100     34      0.574
458     416     0.574
313     100     0.574
210     120     0.574
457     316     0.574
284     175     0.573
459     275     0.573
483     261     0.573
384     182     0.573
269     234     0.573
459     40      0.573
312     101     0.572
313     118     0.572
269     211     0.572
99      33      0.572
207     37      0.572
458     421     0.572
350     312     0.571
420     32      0.571
362     332     0.571
207     102     0.571
457     212     0.571
312     106     0.571
464     286     0.570
312     119     0.570
462     272     0.570
207     105     0.570
334     269     0.569
462     416     0.569
356     339     0.569
106     39      0.569
421     104     0.569
210     118     0.569
310     266     0.569
315     91      0.569
420     340     0.569
316     238     0.569
336     272     0.569
419     342     0.569
261     211     0.568
299     234     0.568
416     27      0.568
206     28      0.568
123     98      0.568
342     315     0.568
205     101     0.567
457     284     0.567
458     37      0.567
269     175     0.567
384     316     0.567
333     273     0.567
284     260     0.567
313     119     0.567
272     182     0.567
333     286     0.566
333     272     0.566
457     336     0.566
89      27      0.566
416     273     0.566
458     209     0.566
313     107     0.566
210     98      0.566
339     219     0.565
208     103     0.565
39      31      0.565
266     257     0.565
460     106     0.565
384     337     0.565
460     272     0.564
313     182     0.564
313     272     0.564
315     272     0.564
312     91      0.564
458     106     0.564
209     28      0.563
324     296     0.563
104     39      0.563
458     33      0.563
317     205     0.563
357     284     0.563
342     209     0.563
313     284     0.563
205     27      0.563
265     183     0.562
419     272     0.562
460     204     0.562
90      36      0.562
417     312     0.562
347     211     0.562
461     209     0.562
386     339     0.562
207     35      0.561
103     33      0.561
362     284     0.561
332     286     0.561
315     284     0.561
461     106     0.561
324     179     0.561
419     312     0.561
332     182     0.561
419     118     0.561
417     211     0.560
103     28      0.560
416     40      0.560
421     272     0.560
341     210     0.560
284     254     0.560
350     341     0.559
347     284     0.559
356     316     0.559
270     211     0.559
417     34      0.559
120     103     0.559
342     312     0.559
461     104     0.559
420     269     0.559
418     33      0.559
457     91      0.558
419     210     0.558
324     267     0.558
457     118     0.558
457     420     0.558
417     272     0.558
417     35      0.558
211     120     0.558
483     300     0.558
324     234     0.558
347     337     0.558
356     274     0.558
205     103     0.557
416     208     0.557
462     99      0.557
40      28      0.557
356     273     0.557
286     182     0.557
91      37      0.557
421     88      0.557
211     36      0.557
39      32      0.557
457     313     0.556
329     272     0.556
459     92      0.556
341     333     0.556
210     33      0.556
338     272     0.556
457     34      0.556
121     99      0.556
457     122     0.556
317     99      0.556
313     286     0.556
458     314     0.556
107     99      0.556
339     250     0.555
339     183     0.555
337     175     0.555
261     205     0.555
457     260     0.555
316     101     0.555
107     33      0.554
316     277     0.554
88      28      0.554
279     272     0.554
338     183     0.554
121     98      0.554
100     37      0.554
418     37      0.554
316     234     0.554
332     324     0.554
118     34      0.554
324     205     0.554
386     284     0.554
457     311     0.554
459     238     0.553
421     35      0.553
476     261     0.553
419     211     0.553
284     171     0.552
418     316     0.552
343     204     0.552
284     170     0.552
450     269     0.551
106     89      0.551
416     91      0.551
357     337     0.551
119     27      0.551
315     27      0.551
338     269     0.551
210     106     0.551
317     89      0.551
420     34      0.550
206     101     0.550
312     261     0.550
98      32      0.550
99      27      0.550
462     91      0.550
208     35      0.550
316     272     0.549
211     102     0.549
312     104     0.549
421     286     0.549
417     104     0.549
208     106     0.549
277     266     0.549
341     266     0.549
324     286     0.549
261     176     0.549
417     106     0.549
107     37      0.548
261     183     0.548
332     269     0.548
314     33      0.548
119     104     0.548
459     121     0.548
316     100     0.548
420     342     0.548
417     101     0.548
354     312     0.548
313     204     0.548
284     176     0.547
121     89      0.547
311     209     0.547
212     204     0.547
104     33      0.547
250     234     0.547
207     39      0.547
420     261     0.547
421     40      0.547
460     207     0.546
120     27      0.546
312     33      0.546
341     315     0.546
459     418     0.546
206     91      0.546
207     33      0.546
316     286     0.546
418     314     0.546
362     270     0.546
272     211     0.546
91      38      0.546
422     123     0.546
460     421     0.546
211     27      0.545
457     315     0.545
211     204     0.545
101     38      0.544
487     261     0.544
206     34      0.544
269     75      0.544
356     182     0.544
260     182     0.544
330     272     0.544
93      29      0.544
312     118     0.544
342     204     0.544
269     238     0.544
316     34      0.544
356     286     0.544