Prediction Made with CORNET:
a Neural Network based method trained using Correlated Mutations,
Sequence Conservation, Predicted Secondary structure of Proteins and
Evolutionary Information.
Authors Fariselli Piero, Olmea Osvaldo, Valencia Alfonso, Rita Casadio.
This method is an extension of the two following methods

Olmea O. and Valencia A. (1997) Fold. Des. 2: S25-32.

Fariselli P and Casadio R. (1999) Prot. Engng 12:15-21

#================================================================#

PREDICTION

Couple          Reliability
i       j
315     273     0.859
97      88      0.827
316     273     0.823
313     37      0.821
315     35      0.821
313     209     0.821
205     104     0.813
316     211     0.813
313     88      0.812
313     35      0.807
316     88      0.800
99      88      0.799
209     37      0.795
313     34      0.794
205     97      0.791
324     273     0.791
205     35      0.790
205     88      0.790
313     211     0.790
315     37      0.790
316     209     0.789
416     272     0.789
104     37      0.788
313     273     0.786
209     104     0.785
104     35      0.785
312     88      0.783
209     35      0.779
315     99      0.778
313     205     0.778
313     101     0.777
101     35      0.777
209     101     0.777
315     88      0.776
316     104     0.775
337     261     0.770
205     37      0.768
116     37      0.767
88      39      0.766
104     88      0.764
99      35      0.764
205     39      0.763
313     99      0.763
316     39      0.762
313     102     0.761
98      36      0.761
314     35      0.760
315     205     0.758
315     101     0.757
312     39      0.757
336     269     0.757
339     266     0.757
205     116     0.756
314     37      0.755
101     88      0.755
101     37      0.755
316     205     0.754
116     88      0.754
210     37      0.753
99      37      0.753
313     33      0.753
312     210     0.752
337     269     0.752
272     88      0.752
315     100     0.751
313     104     0.750
272     89      0.750
313     36      0.750
97      39      0.749
116     35      0.749
101     36      0.749
211     88      0.748
102     35      0.748
312     211     0.748
316     35      0.748
312     99      0.748
312     37      0.748
339     284     0.747
116     39      0.747
315     210     0.746
209     116     0.745
209     88      0.743
102     37      0.742
272     37      0.742
341     272     0.741
115     88      0.739
315     104     0.739
417     272     0.738
312     209     0.738
341     273     0.737
210     34      0.737
314     273     0.737
314     36      0.736
316     28      0.735
209     99      0.735
102     36      0.735
316     117     0.735
97      35      0.734
209     36      0.734
316     37      0.734
208     100     0.734
314     209     0.733
210     35      0.733
316     101     0.733
104     34      0.733
116     101     0.732
420     273     0.732
313     38      0.732
211     116     0.731
88      28      0.731
313     116     0.730
100     35      0.730
104     36      0.730
315     116     0.730
339     269     0.729
312     35      0.728
315     102     0.728
315     34      0.728
205     99      0.726
312     101     0.725
103     36      0.725
209     102     0.725
314     99      0.724
339     286     0.724
314     104     0.723
99      34      0.722
116     104     0.722
313     100     0.722
315     209     0.722
116     97      0.722
315     36      0.722
313     207     0.721
37      28      0.720
313     28      0.720
417     37      0.720
314     101     0.719
101     38      0.719
420     88      0.719
339     272     0.716
316     116     0.716
210     98      0.716
315     211     0.715
273     266     0.715
312     272     0.715
205     87      0.715
97      37      0.715
210     115     0.715
100     38      0.715
312     273     0.714
312     205     0.714
210     99      0.714
35      28      0.713
211     28      0.713
312     89      0.712
98      38      0.712
523     272     0.712
116     34      0.711
315     97      0.711
313     97      0.711
209     33      0.710
103     33      0.709
117     34      0.709
272     28      0.709
273     88      0.709
314     34      0.709
419     272     0.708
316     99      0.708
316     271     0.708
208     37      0.707
100     37      0.707
313     210     0.707
312     116     0.707
211     39      0.707
39      27      0.707
316     36      0.706
315     39      0.706
209     38      0.706
104     33      0.706
97      28      0.706
98      33      0.705
284     182     0.704
205     34      0.704
104     28      0.704
272     39      0.704
341     39      0.703
205     28      0.703
210     103     0.703
116     38      0.703
114     88      0.703
315     28      0.703
205     117     0.703
117     39      0.703
339     277     0.703
208     32      0.702
88      37      0.701
315     38      0.701
419     313     0.701
99      39      0.701
117     37      0.700
39      31      0.700
98      89      0.700
211     97      0.700
205     102     0.700
205     38      0.700
314     116     0.699
315     261     0.699
98      35      0.699
312     100     0.698
313     98      0.698
314     205     0.698
209     98      0.698
336     275     0.697
312     36      0.697
99      36      0.696
314     38      0.696
211     117     0.695
272     97      0.695
312     28      0.694
88      35      0.693
115     97      0.693
315     98      0.693
211     35      0.693
209     100     0.693
315     103     0.693
273     261     0.693
39      28      0.692
97      89      0.692
314     28      0.692
117     88      0.692
341     37      0.691
101     34      0.691
316     102     0.690
339     331     0.690
334     272     0.689
420     114     0.689
337     275     0.689
103     32      0.689
347     269     0.689
209     117     0.688
209     34      0.688
117     99      0.688
210     88      0.687
117     35      0.687
117     28      0.687
206     36      0.687
313     117     0.686
97      31      0.686
207     101     0.686
339     312     0.685
116     27      0.685
313     275     0.685
211     37      0.685
100     36      0.685
419     315     0.685
314     39      0.684
417     34      0.684
314     98      0.684
417     316     0.684
313     270     0.684
313     89      0.684
313     32      0.684
315     207     0.683
417     314     0.683
117     97      0.683
314     102     0.683
420     316     0.683
116     102     0.683
157     88      0.682
272     35      0.682
211     101     0.682
313     206     0.682
414     272     0.681
312     274     0.681
115     89      0.681
312     102     0.680
310     273     0.680
210     101     0.680
116     87      0.680
312     270     0.680
316     34      0.679
205     89      0.679
316     98      0.679
316     38      0.679
117     27      0.679
115     39      0.678
312     208     0.678
211     36      0.676
272     30      0.676
523     336     0.676
211     99      0.676
206     102     0.676
261     182     0.675
284     261     0.675
324     272     0.675
206     37      0.675
313     208     0.674
116     33      0.674
523     286     0.674
312     104     0.674
117     101     0.674
206     101     0.674
316     33      0.674
205     101     0.673
315     208     0.672
420     39      0.672
272     205     0.672
117     102     0.672
211     114     0.672
207     37      0.671
417     35      0.671
316     114     0.671
209     39      0.670
273     211     0.670
273     39      0.669
102     28      0.669
362     337     0.669
420     312     0.669
103     35      0.669
341     312     0.668
312     38      0.668
116     36      0.667
98      34      0.667
102     34      0.667
270     88      0.667
284     272     0.667
97      34      0.667
210     38      0.667
420     37      0.667
102     39      0.667
417     315     0.666
104     31      0.666
419     99      0.666
315     272     0.666
315     87      0.665
312     32      0.665
419     37      0.665
36      28      0.665
420     336     0.665
316     31      0.665
315     115     0.665
311     272     0.664
116     28      0.664
156     32      0.664
269     37      0.664
115     28      0.664
204     96      0.664
116     98      0.663
316     206     0.663
418     272     0.663
211     115     0.662
419     316     0.662
335     266     0.662
205     36      0.662
418     98      0.662
313     118     0.662
275     88      0.661
341     88      0.661
336     284     0.661
315     31      0.661
118     88      0.661
314     206     0.660
207     36      0.660
210     97      0.660
312     118     0.660
416     312     0.659
116     99      0.659
105     88      0.658
272     261     0.658
417     39      0.658
316     100     0.658
313     272     0.658
324     88      0.657
419     88      0.657
206     35      0.657
114     91      0.657
420     272     0.657
101     28      0.657
336     37      0.656
313     115     0.656
314     97      0.656
419     34      0.656
101     39      0.656
273     104     0.655
97      87      0.655
269     73      0.655
310     270     0.655
208     115     0.655
104     32      0.655
119     96      0.655
420     315     0.654
419     102     0.654
313     90      0.654
269     182     0.654
210     102     0.654
115     103     0.653
87      39      0.653
103     38      0.653
314     211     0.653
102     38      0.653
314     100     0.653
117     36      0.653
207     35      0.652
273     116     0.652
208     35      0.652
419     205     0.652
316     272     0.651
313     105     0.651
341     205     0.651
117     98      0.651
101     33      0.651
206     117     0.651
419     312     0.651
419     117     0.650
341     211     0.650
105     39      0.650
210     116     0.650
316     261     0.650
415     272     0.650
312     33      0.650
88      27      0.650
206     28      0.650
312     117     0.649
205     115     0.649
206     116     0.649
313     30      0.649
210     39      0.649
115     37      0.648
38      28      0.648
315     118     0.648
523     11      0.648
118     104     0.648
51      37      0.647
284     88      0.647
211     31      0.647
206     34      0.647
347     333     0.647
420     116     0.647
313     27      0.647
272     265     0.647
419     314     0.646
205     114     0.646
315     206     0.646
415     312     0.646
356     88      0.646
337     284     0.646
104     38      0.646
342     210     0.645
210     100     0.645
324     211     0.645
347     261     0.645
313     103     0.644
209     27      0.644
419     101     0.644
269     261     0.644
310     261     0.644
517     286     0.644
97      27      0.644
210     89      0.644
420     313     0.643
339     182     0.643
209     97      0.643
117     100     0.643
342     88      0.643
324     261     0.643
313     39      0.643
316     97      0.643
102     88      0.642
335     284     0.642
211     38      0.642
114     28      0.642
205     27      0.642
100     34      0.642
207     98      0.642
208     39      0.642
341     269     0.642
210     28      0.641
347     324     0.641
324     310     0.641
286     219     0.641
211     104     0.641
207     100     0.641
99      31      0.641
314     88      0.641
261     73      0.641
118     97      0.641
523     261     0.640
284     273     0.640
115     98      0.640
418     315     0.640
103     37      0.640
420     28      0.640
316     103     0.640
315     89      0.638
114     39      0.638
310     272     0.638
105     36      0.638
273     205     0.638
421     272     0.637
211     102     0.637
105     89      0.637
207     102     0.637
333     284     0.637
314     117     0.637
100     33      0.637
272     183     0.636
261     37      0.636
206     39      0.636
114     27      0.636
314     103     0.635
420     271     0.635
205     90      0.635
418     313     0.635
207     99      0.635
418     103     0.635
314     272     0.635
105     28      0.635
315     33      0.635
115     33      0.635
316     89      0.634
115     101     0.634
324     284     0.634
417     99      0.634
115     35      0.634
210     117     0.634
104     39      0.633
336     272     0.633
312     97      0.633
341     27      0.633
418     116     0.633
525     265     0.633
105     37      0.633
310     269     0.632
312     98      0.632
211     32      0.632
270     211     0.632
205     100     0.632
207     33      0.632
102     33      0.632
284     211     0.631
210     118     0.631
420     211     0.631
208     34      0.631
99      28      0.631
416     89      0.630
206     105     0.630
341     284     0.630
272     71      0.630
269     87      0.630
417     205     0.630
210     104     0.629
419     115     0.629
376     273     0.629
208     99      0.629
205     105     0.629
114     87      0.629
315     270     0.629
205     98      0.628
315     117     0.628
343     273     0.628
39      32      0.628
273     58      0.627
336     286     0.627
347     88      0.627
97      38      0.627
88      36      0.627
208     104     0.627
117     105     0.627
417     273     0.627
206     88      0.627
316     284     0.626
116     103     0.626
206     99      0.626
316     115     0.626
417     269     0.626
205     91      0.626
272     209     0.626
205     31      0.626
35      27      0.625
103     34      0.625
114     89      0.625
105     35      0.625
204     30      0.625
313     269     0.625
384     284     0.625
205     157     0.624
105     97      0.624
284     219     0.624
104     89      0.624
117     38      0.624
418     36      0.624
316     210     0.624
337     266     0.624
315     32      0.624
519     272     0.624
316     87      0.624
211     33      0.623
417     206     0.623
420     209     0.623
116     89      0.623
105     98      0.623
119     105     0.623
341     316     0.623
523     333     0.623
416     38      0.622
117     33      0.622
284     275     0.622
316     207     0.622
324     275     0.622
273     28      0.621
209     103     0.621
523     362     0.621
524     272     0.621
339     257     0.621
313     261     0.621
362     336     0.621
118     39      0.621
317     97      0.621
208     98      0.621
420     286     0.620
517     341     0.620
34      27      0.620
314     207     0.620
336     261     0.620
116     100     0.620
284     257     0.619
261     58      0.619
284     266     0.619
351     312     0.619
99      33      0.619
332     261     0.619
362     286     0.619
356     336     0.619
286     261     0.618
98      37      0.618
419     336     0.618
337     324     0.618
421     312     0.618
210     36      0.618
417     97      0.618
314     210     0.618
333     272     0.617
312     103     0.617
208     102     0.617
420     332     0.617
418     33      0.617
312     90      0.617
207     104     0.616
312     29      0.616
416     115     0.616
313     31      0.616
115     104     0.616
206     114     0.616
284     269     0.616
342     273     0.616
420     35      0.616
417     104     0.616
207     116     0.615
332     284     0.615
339     273     0.615
204     154     0.615
117     31      0.615
311     211     0.615
211     87      0.615
316     270     0.614
206     97      0.614
342     211     0.614
157     28      0.614
100     89      0.614
208     88      0.614
420     99      0.614
209     28      0.613
114     97      0.613
272     116     0.613
419     269     0.613
313     271     0.613
324     269     0.613
523     284     0.613
417     102     0.612
273     182     0.612
347     339     0.612
314     271     0.612
207     89      0.612
211     118     0.612
312     34      0.612
324     270     0.612
207     103     0.612
419     35      0.611
343     205     0.611
324     266     0.611
261     88      0.611
114     35      0.610
312     105     0.610
211     34      0.610
114     104     0.610
312     115     0.610
115     36      0.609
210     33      0.609
317     29      0.609
315     286     0.609
286     266     0.609
102     31      0.609
418     35      0.609
206     89      0.609
339     88      0.609
117     104     0.609
417     312     0.609
208     33      0.609
525     272     0.609
519     311     0.608
88      40      0.608
332     273     0.608
419     210     0.608
362     269     0.608
420     205     0.608
335     183     0.608
275     261     0.608
517     155     0.607
208     101     0.607
117     87      0.607
317     115     0.606
343     211     0.606
207     115     0.606
102     89      0.606
97      90      0.606
211     27      0.606
350     312     0.606
206     33      0.606
420     261     0.606
207     117     0.606
523     269     0.606
207     39      0.605
341     89      0.605
115     99      0.605
103     88      0.605
420     101     0.604
101     31      0.604
419     209     0.604
350     211     0.604
205     58      0.604
317     32      0.604
205     103     0.603
310     97      0.603
356     312     0.603
261     254     0.603
105     34      0.603
420     206     0.603
270     182     0.602
314     32      0.602
115     38      0.602
420     97      0.602
420     34      0.602
347     270     0.602
336     88      0.602
89      39      0.602
211     89      0.601
416     88      0.601
420     284     0.601
40      28      0.601
341     270     0.601
286     35      0.601
152     88      0.601
269     88      0.600
419     104     0.600
103     89      0.600
418     316     0.600
116     31      0.600
416     104     0.599
324     97      0.599
342     32      0.598
417     117     0.598
419     33      0.598
119     88      0.598
157     116     0.598
117     89      0.598
312     87      0.598
211     91      0.598
286     182     0.598
273     73      0.598
208     117     0.598
114     90      0.598
417     211     0.598
91      31      0.597
312     27      0.597
419     211     0.597
99      38      0.596
99      87      0.596
96      32      0.596
341     117     0.596
332     272     0.596
420     341     0.596
341     275     0.596
272     118     0.596
207     38      0.596
310     266     0.596
420     31      0.595
211     100     0.595
284     270     0.595
517     336     0.595
272     87      0.595
118     99      0.595
416     35      0.595
339     275     0.595
209     32      0.595
498     261     0.595
417     88      0.594
88      31      0.594
316     118     0.594
100     28      0.594
315     90      0.594
316     32      0.594
339     332     0.594
204     97      0.594
73      35      0.594
419     273     0.593
272     211     0.593
275     211     0.593
39      29      0.593
87      28      0.593
334     269     0.593
418     312     0.593
339     211     0.593
206     38      0.593
520     334     0.592
314     89      0.592
519     414     0.592
204     156     0.592
337     286     0.592
416     205     0.592
207     32      0.592
286     254     0.592
210     31      0.592
519     30      0.591
347     275     0.591
324     5       0.591
311     89      0.591
312     206     0.591
314     33      0.590
356     87      0.590
104     97      0.590
312     119     0.590
87      37      0.590
105     32      0.590
155     88      0.590
341     261     0.590
342     272     0.590
317     204     0.590
419     36      0.590
419     116     0.589
421     115     0.589
312     204     0.589
211     98      0.589
343     88      0.589
274     96      0.589
101     27      0.589
310     39      0.589
315     114     0.588
209     87      0.588
421     88      0.588
419     28      0.588
113     88      0.588
206     104     0.588
343     91      0.588
310     88      0.588
105     33      0.588
312     269     0.588
205     155     0.587
524     284     0.587
356     337     0.587
347     312     0.587
89      35      0.587
284     183     0.586
314     208     0.586
341     116     0.586
284     277     0.586
332     286     0.586
104     87      0.586
106     88      0.586
269     229     0.586
339     73      0.586
316     27      0.586
114     99      0.586
347     211     0.585
416     98      0.585
88      29      0.585
284     254     0.585
332     266     0.585
310     276     0.585
284     35      0.585
286     277     0.585
208     36      0.585
313     274     0.585
420     117     0.585
313     114     0.585
524     175     0.585
357     205     0.585
341     101     0.585
114     101     0.585
520     272     0.585
333     273     0.585
324     116     0.584
90      35      0.584
205     182     0.584
279     272     0.584
286     229     0.584
356     272     0.584
269     233     0.583
88      33      0.583
342     37      0.583
316     208     0.583
523     324     0.583
356     269     0.583
207     88      0.583
418     38      0.583
101     87      0.583
116     105     0.583
417     116     0.583
356     211     0.583
339     39      0.583
310     28      0.583
116     32      0.582
324     183     0.582
332     88      0.582
204     28      0.582
341     87      0.582
339     171     0.581
517     420     0.581
339     271     0.581
284     5       0.581
335     269     0.581
335     211     0.581
329     272     0.581
157     27      0.581
418     100     0.581
211     119     0.580
347     284     0.580
115     102     0.580
339     261     0.580
284     74      0.580
317     33      0.580
104     27      0.580
156     115     0.580
275     28      0.580
87      35      0.580
205     40      0.579
416     315     0.579
347     332     0.579
312     275     0.579
342     312     0.579
417     209     0.579
333     286     0.579
115     105     0.579
333     270     0.578
284     37      0.578
354     96      0.578
88      74      0.578
416     34      0.578
312     31      0.578
272     182     0.578
115     30      0.578
269     211     0.578
324     28      0.578
312     271     0.578
273     4       0.578
114     31      0.578
272     115     0.578
269     39      0.578
101     32      0.578
343     272     0.578
204     89      0.577
115     96      0.577
420     314     0.577
115     34      0.577
419     97      0.577
342     205     0.577
311     88      0.577
342     90      0.577
417     28      0.577
420     269     0.577
417     38      0.576
419     87      0.576
340     273     0.576
329     269     0.576
205     30      0.576
73      37      0.576
416     183     0.576
98      28      0.576
523     88      0.575
335     286     0.575
315     27      0.575
336     211     0.575
316     91      0.575
209     118     0.575
338     272     0.575
114     32      0.575
315     269     0.575
356     347     0.575
336     265     0.575
87      27      0.574
272     41      0.574
315     271     0.574
417     105     0.574
313     284     0.574
207     28      0.574
421     311     0.574
417     270     0.574
105     87      0.574
156     98      0.574
315     284     0.573
207     34      0.573
206     103     0.573
324     316     0.573
206     87      0.573
210     114     0.573
324     118     0.573
273     5       0.573
204     27      0.573
154     90      0.573
347     337     0.573
272     96      0.573
416     314     0.573
206     115     0.572
317     274     0.572
114     29      0.572
420     337     0.572
156     33      0.572
106     89      0.572
118     27      0.572
272     101     0.572
273     233     0.572
100     27      0.572
209     115     0.572
89      37      0.572
266     182     0.572
416     36      0.572
354     154     0.571
343     28      0.571
156     119     0.571
273     209     0.571
415     39      0.571
98      88      0.571
115     32      0.571
91      29      0.571
261     250     0.570
100     39      0.570
205     118     0.570
156     29      0.570
98      32      0.570
341     332     0.570
341     28      0.570
354     312     0.570