Prediction Made with CORNET:
a Neural Network based method trained using Correlated Mutations,
Sequence Conservation, Predicted Secondary structure of Proteins and
Evolutionary Information.
Authors Fariselli Piero, Olmea Osvaldo, Valencia Alfonso, Rita Casadio.
This method is an extension of the two following methods

Olmea O. and Valencia A. (1997) Fold. Des. 2: S25-32.

Fariselli P and Casadio R. (1999) Prot. Engng 12:15-21

#================================================================#

PREDICTION

Couple          Reliability
i       j
279     18      0.868
299     278     0.859
379     229     0.854
379     349     0.848
108     96      0.846
219     108     0.842
96      43      0.837
275     92      0.835
299     92      0.834
382     299     0.833
380     229     0.831
109     8       0.829
380     349     0.829
379     215     0.824
18      8       0.823
108     43      0.817
17      7       0.817
299     279     0.816
218     9       0.814
279     220     0.814
220     109     0.811
14      5       0.806
345     220     0.806
378     16      0.805
376     8       0.805
380     56      0.805
380     5       0.803
220     43      0.801
96      41      0.801
108     8       0.800
382     215     0.800
380     279     0.800
380     8       0.799
380     18      0.798
109     96      0.798
218     8       0.797
376     215     0.796
376     16      0.796
345     43      0.796
220     96      0.796
379     223     0.796
229     186     0.795
380     299     0.795
219     43      0.794
111     96      0.792
229     196     0.791
349     8       0.791
220     41      0.791
279     8       0.790
94      41      0.790
108     97      0.789
215     107     0.789
379     279     0.787
16      8       0.787
111     5       0.787
376     349     0.787
111     94      0.787
350     5       0.787
382     279     0.785
219     41      0.785
379     108     0.785
218     93      0.784
111     43      0.784
220     111     0.783
380     96      0.782
299     276     0.781
299     275     0.781
219     96      0.780
219     94      0.780
43      8       0.779
349     14      0.778
41      5       0.778
379     5       0.778
218     107     0.778
380     43      0.778
218     95      0.777
109     43      0.777
109     41      0.777
219     109     0.776
380     317     0.776
225     215     0.775
111     41      0.775
96      8       0.774
111     103     0.774
382     349     0.774
379     217     0.773
382     142     0.772
108     94      0.772
380     186     0.772
349     215     0.772
378     349     0.771
299     235     0.771
218     41      0.771
317     142     0.771
378     215     0.771
220     108     0.769
217     9       0.769
345     223     0.769
113     93      0.769
108     5       0.767
279     43      0.767
345     214     0.766
219     8       0.765
219     93      0.764
94      43      0.763
215     93      0.762
299     223     0.761
108     41      0.761
299     231     0.760
377     349     0.760
279     41      0.760
41      14      0.758
214     96      0.757
218     91      0.756
382     229     0.755
380     215     0.755
376     220     0.755
220     97      0.755
279     223     0.754
218     96      0.753
380     351     0.752
109     94      0.752
229     92      0.751
114     103     0.751
383     215     0.751
377     15      0.750
349     5       0.750
378     218     0.750
218     43      0.749
380     345     0.748
380     74      0.748
219     14      0.748
279     229     0.748
299     91      0.748
379     93      0.748
383     299     0.747
216     108     0.747
347     218     0.746
218     92      0.746
218     42      0.745
379     218     0.745
220     42      0.744
214     108     0.744
221     93      0.744
108     93      0.744
215     92      0.744
275     216     0.744
110     42      0.744
317     145     0.743
92      8       0.743
219     111     0.743
218     108     0.743
377     4       0.743
279     219     0.742
346     215     0.742
108     17      0.742
345     109     0.741
215     186     0.741
217     93      0.741
215     9       0.741
377     93      0.741
300     142     0.740
219     42      0.739
380     214     0.739
42      14      0.738
109     18      0.738
220     95      0.738
94      14      0.738
379     8       0.737
317     279     0.737
16      5       0.737
317     235     0.736
229     56      0.735
345     279     0.734
109     14      0.733
223     108     0.733
378     6       0.733
380     109     0.733
379     43      0.733
382     186     0.732
279     145     0.732
279     216     0.732
279     96      0.732
380     108     0.731
377     7       0.731
345     97      0.731
282     216     0.731
93      41      0.731
279     235     0.730
279     186     0.730
215     96      0.730
379     142     0.730
97      41      0.730
349     109     0.729
379     97      0.728
382     217     0.728
41      18      0.728
380     41      0.728
220     92      0.728
299     226     0.727
94      8       0.727
382     218     0.727
345     219     0.727
219     114     0.727
350     218     0.726
377     9       0.726
103     43      0.726
215     110     0.725
221     42      0.725
218     18      0.725
220     94      0.725
284     92      0.724
215     113     0.724
13      4       0.724
284     186     0.724
215     97      0.724
349     111     0.723
382     8       0.723
377     5       0.723
217     91      0.723
96      14      0.723
349     108     0.722
377     218     0.722
382     351     0.722
220     14      0.722
215     91      0.722
299     186     0.722
382     18      0.722
281     215     0.722
345     216     0.721
349     218     0.721
380     91      0.721
275     237     0.719
216     94      0.719
226     143     0.719
216     109     0.719
96      18      0.719
317     282     0.718
95      13      0.718
109     92      0.718
350     14      0.718
218     97      0.718
284     232     0.717
216     8       0.717
376     18      0.717
42      17      0.717
108     92      0.717
349     220     0.717
108     95      0.716
109     97      0.716
219     95      0.716
42      15      0.716
379     109     0.716
350     108     0.716
111     8       0.715
17      5       0.715
379     17      0.715
299     216     0.714
379     135     0.714
377     219     0.714
94      5       0.713
376     5       0.713
43      18      0.712
382     214     0.712
216     43      0.712
376     214     0.712
214     142     0.712
377     237     0.712
216     96      0.711
97      43      0.711
218     44      0.711
214     94      0.711
215     43      0.711
376     41      0.711
377     13      0.711
379     299     0.711
215     42      0.711
375     215     0.710
284     49      0.710
349     43      0.710
111     14      0.710
229     142     0.710
218     14      0.709
226     145     0.709
348     5       0.709
317     275     0.709
219     5       0.708
96      42      0.708
110     95      0.708
109     42      0.708
235     196     0.707
41      8       0.707
42      4       0.707
377     221     0.707
279     92      0.707
279     9       0.707
218     110     0.707
221     44      0.706
377     217     0.706
383     229     0.706
377     215     0.706
349     41      0.706
380     92      0.705
279     108     0.705
276     216     0.705
346     219     0.704
278     215     0.704
226     196     0.704
347     93      0.703
214     8       0.703
279     217     0.703
345     103     0.703
377     17      0.703
215     95      0.703
275     145     0.703
348     41      0.702
380     217     0.701
378     41      0.701
214     114     0.701
317     229     0.701
223     92      0.701
221     9       0.701
218     94      0.701
282     223     0.700
135     56      0.700
381     8       0.700
103     92      0.700
380     142     0.699
107     93      0.699
348     8       0.699
221     110     0.699
284     229     0.699
382     74      0.699
275     214     0.699
380     14      0.698
220     5       0.698
284     235     0.698
109     5       0.698
349     91      0.698
382     203     0.698
275     215     0.698
284     89      0.698
317     223     0.697
351     217     0.697
350     215     0.697
223     215     0.697
376     217     0.697
282     92      0.696
214     109     0.696
317     135     0.696
377     42      0.696
379     214     0.696
380     226     0.695
344     215     0.695
111     97      0.694
280     92      0.694
278     108     0.694
350     219     0.694
95      41      0.693
349     18      0.693
382     96      0.693
222     107     0.693
235     227     0.693
350     217     0.692
317     284     0.692
235     92      0.692
214     92      0.691
279     221     0.691
91      9       0.691
222     43      0.691
235     142     0.691
217     10      0.690
377     223     0.690
377     110     0.690
349     15      0.690
42      9       0.689
216     41      0.689
382     345     0.689
219     103     0.689
345     217     0.689
379     7       0.689
215     41      0.689
279     215     0.688
382     92      0.688
103     94      0.688
380     19      0.688
278     92      0.688
93      9       0.688
378     5       0.688
379     144     0.687
377     40      0.687
381     18      0.686
345     215     0.686
110     4       0.686
276     215     0.686
317     226     0.686
345     111     0.686
317     203     0.685
275     142     0.685
276     223     0.685
380     135     0.685
103     41      0.685
382     91      0.684
282     214     0.684
374     186     0.684
282     103     0.684
105     25      0.684
215     111     0.684
339     279     0.684
279     196     0.684
278     223     0.683
351     279     0.683
379     19      0.683
382     19      0.683
299     281     0.683
43      14      0.683
279     114     0.683
214     41      0.682
351     229     0.682
222     92      0.682
93      42      0.682
275     108     0.682
223     43      0.682
350     41      0.682
380     223     0.682
317     276     0.681
383     214     0.681
379     219     0.681
345     8       0.680
142     56      0.680
110     15      0.680
229     43      0.680
219     17      0.679
350     94      0.679
380     111     0.679
299     282     0.679
349     16      0.679
145     49      0.678
351     214     0.678
350     279     0.678
317     92      0.678
276     92      0.678
317     290     0.678
217     97      0.678
376     111     0.678
216     114     0.678
275     235     0.677
229     135     0.677
279     109     0.677
95      42      0.677
279     97      0.677
218     104     0.677
284     56      0.676
94      42      0.676
347     42      0.676
378     8       0.676
221     95      0.676
241     232     0.676
347     110     0.676
299     249     0.676
229     145     0.676
232     186     0.675
279     222     0.675
114     92      0.675
226     197     0.675
218     109     0.674
235     186     0.674
219     9       0.674
351     96      0.674
108     14      0.674
346     218     0.674
223     216     0.674
401     226     0.674
346     220     0.673
186     142     0.673
349     96      0.673
215     108     0.673
279     195     0.672
276     186     0.672
226     186     0.672
235     214     0.672
345     108     0.672
226     89      0.671
276     235     0.671
276     18      0.671
383     223     0.671
280     8       0.671
220     93      0.671
379     42      0.671
42      5       0.671
43      5       0.671
382     93      0.670
112     9       0.670
317     186     0.670
215     40      0.670
222     41      0.670
218     112     0.670
279     203     0.670
217     11      0.670
347     220     0.669
346     280     0.669
345     145     0.669
114     96      0.668
382     275     0.668
345     44      0.668
235     18      0.668
382     108     0.668
95      44      0.667
317     89      0.667
348     109     0.667
379     237     0.666
345     18      0.666
89      49      0.666
348     108     0.666
108     42      0.666
347     41      0.665
380     220     0.665
351     109     0.665
299     10      0.665
214     103     0.665
113     98      0.664
347     109     0.664
214     111     0.664
229     195     0.664
380     348     0.664
218     17      0.664
279     91      0.663
345     41      0.663
219     91      0.663
109     95      0.663
350     43      0.663
106     92      0.663
380     218     0.663
215     19      0.662
348     220     0.662
348     219     0.662
215     94      0.662
299     274     0.662
92      43      0.662
284     226     0.662
347     217     0.662
93      44      0.661
378     275     0.661
278     216     0.661
284     275     0.661
214     93      0.660
401     229     0.660
376     275     0.660
276     220     0.660
279     214     0.660
112     42      0.660
345     96      0.660
109     16      0.659
347     43      0.659
214     186     0.659
241     186     0.659
383     349     0.658
379     284     0.658
95      9       0.658
95      40      0.658
379     313     0.658
417     203     0.657
299     232     0.657
275     229     0.657
379     345     0.656
229     114     0.656
217     44      0.656
275     222     0.656
348     110     0.656
384     215     0.656
219     97      0.656
279     93      0.656
18      5       0.656
220     112     0.656
275     147     0.656
413     142     0.656
380     280     0.656
42      13      0.656
376     14      0.656
220     103     0.656
348     278     0.656
276     217     0.655
317     49      0.655
299     218     0.654
344     222     0.654
376     218     0.654
348     14      0.654
379     32      0.654
43      16      0.654
223     111     0.653
216     92      0.653
317     108     0.653
223     96      0.653
222     214     0.653
383     317     0.653
241     92      0.653
216     103     0.653
43      17      0.653
380     32      0.653
186     140     0.653
221     97      0.653
95      43      0.652
317     140     0.652
235     89      0.652
351     218     0.652
345     236     0.652
317     230     0.652
376     6       0.652
350     17      0.652
214     195     0.652
282     229     0.652
111     42      0.652
349     49      0.652
351     215     0.652
145     114     0.651
279     218     0.651
278     222     0.651
317     25      0.651
278     43      0.651
108     18      0.651
108     44      0.651
214     43      0.651
379     9       0.650
110     93      0.650
221     112     0.650
103     89      0.650
220     8       0.650
95      15      0.650
232     145     0.650
111     93      0.649
226     97      0.649
317     90      0.649
380     89      0.649
229     109     0.649
348     93      0.649
221     108     0.649
379     96      0.648
374     225     0.648
275     10      0.648
217     92      0.648
215     44      0.648
345     186     0.648
299     215     0.648
279     111     0.648
379     280     0.648
379     350     0.648
217     103     0.648
218     113     0.647
276     43      0.647
220     145     0.647
201     96      0.647
346     92      0.647
349     186     0.647
97      42      0.647
103     8       0.647
345     93      0.647
192     142     0.646
317     232     0.646
42      8       0.646
350     8       0.646
96      9       0.646
381     218     0.646
380     336     0.645
214     14      0.645
317     114     0.645
319     235     0.645
229     96      0.645
378     93      0.645
376     56      0.645
348     42      0.645
229     216     0.645
376     317     0.645
348     215     0.645
280     17      0.644
345     229     0.644
274     19      0.644
216     111     0.644
276     145     0.644
278     218     0.644
186     49      0.643
300     229     0.643
109     6       0.643
229     197     0.643
379     167     0.643
218     111     0.643
17      8       0.642
345     218     0.642
235     56      0.642
221     107     0.642
382     280     0.642
382     235     0.642
232     142     0.642
107     98      0.641
111     16      0.641
275     223     0.641
221     96      0.641
217     108     0.641
229     89      0.641
284     216     0.641
381     217     0.641
349     94      0.641
349     4       0.640
383     92      0.640
108     56      0.640
295     188     0.639
220     196     0.639
299     221     0.639
351     18      0.639
93      43      0.639
216     97      0.638
374     275     0.638
344     218     0.638
110     41      0.638
223     214     0.638
279     227     0.638
348     95      0.638
218     106     0.638
110     6       0.637
380     196     0.637
379     18      0.637
317     241     0.637
349     299     0.637
381     349     0.637
328     301     0.637
226     214     0.636
96      44      0.636
238     25      0.636
220     16      0.636
349     93      0.636
346     41      0.636
351     43      0.636
104     93      0.636
195     56      0.636
347     214     0.636
221     109     0.635
278     221     0.635
385     215     0.635
350     42      0.635
284     214     0.634
350     220     0.634
215     145     0.634
218     4       0.634
349     17      0.633
379     94      0.633
349     279     0.633
275     226     0.633
226     60      0.633
382     278     0.633
299     290     0.633
378     14      0.633
378     18      0.633
19      2       0.633
276     103     0.633
113     42      0.633
300     279     0.633
349     40      0.633
379     74      0.632
299     219     0.632
380     235     0.632
376     43      0.632
279     94      0.632
346     43      0.632
95      14      0.632
317     274     0.631
216     14      0.631
241     89      0.631
381     215     0.631
376     229     0.631
96      5       0.631
378     279     0.631
349     142     0.631
345     98      0.630
232     220     0.630
218     40      0.630
347     95      0.630
377     97      0.630
351     103     0.630
282     89      0.630
376     299     0.630
348     43      0.629
382     135     0.629
346     5       0.629
349     229     0.629
218     197     0.628
279     142     0.628
377     144     0.628
111     92      0.628
319     220     0.627
279     95      0.627
317     56      0.627
276     227     0.627
220     19      0.627
107     91      0.627
192     145     0.627
110     97      0.627
382     313     0.626
346     98      0.626
277     214     0.626
346     222     0.626
348     91      0.626
349     42      0.626
376     284     0.626
338     18      0.625
282     60      0.625
300     92      0.625
276     203     0.625
379     351     0.625
229     108     0.625
108     9       0.625
345     114     0.624
346     42      0.624
217     186     0.624
219     145     0.624
95      5       0.624
226     103     0.624
284     10      0.624
280     214     0.624
376     142     0.624
135     92      0.623
376     290     0.623
229     49      0.623
221     13      0.623
95      4       0.623
378     7       0.623
382     284     0.622
299     89      0.622
379     114     0.622
382     317     0.622
145     25      0.622
346     96      0.622
214     89      0.622
111     95      0.622
220     186     0.622
347     14      0.622
280     219     0.621
299     222     0.621
351     223     0.621
349     317     0.621
317     214     0.621
300     74      0.621
280     216     0.621
351     216     0.621
39      25      0.621
219     186     0.621