Prediction Made with CORNET:
a Neural Network based method trained using Correlated Mutations,
Sequence Conservation, Predicted Secondary structure of Proteins and
Evolutionary Information.
Authors Fariselli Piero, Olmea Osvaldo, Valencia Alfonso, Rita Casadio.
This method is an extension of the two following methods

Olmea O. and Valencia A. (1997) Fold. Des. 2: S25-32.

Fariselli P and Casadio R. (1999) Prot. Engng 12:15-21

#================================================================#

PREDICTION

Couple          Reliability
i       j
333     325     0.946
323     229     0.943
362     161     0.939
311     256     0.939
298     258     0.932
258     161     0.931
129     6       0.930
303     220     0.929
256     159     0.925
324     222     0.923
333     161     0.921
303     228     0.920
331     226     0.920
303     52      0.920
256     17      0.919
333     226     0.919
239     161     0.918
303     224     0.918
312     258     0.916
333     159     0.916
314     229     0.916
323     258     0.915
303     53      0.915
114     53      0.914
333     303     0.914
311     229     0.913
328     161     0.913
324     256     0.912
229     52      0.912
324     52      0.912
303     258     0.912
333     257     0.912
300     226     0.911
311     18      0.910
333     324     0.907
323     303     0.907
113     90      0.907
324     113     0.907
300     161     0.907
328     312     0.906
333     52      0.906
324     90      0.906
312     52      0.905
324     258     0.904
258     159     0.904
113     52      0.904
311     258     0.904
312     161     0.904
323     161     0.904
258     52      0.903
256     161     0.903
256     222     0.901
303     127     0.900
331     161     0.900
329     258     0.900
333     311     0.900
324     312     0.899
333     258     0.897
300     52      0.896
159     52      0.896
362     324     0.896
323     159     0.896
303     119     0.895
368     258     0.895
303     114     0.895
333     65      0.894
257     159     0.894
298     8       0.894
309     161     0.893
275     258     0.893
303     222     0.893
325     114     0.893
220     114     0.892
325     258     0.892
226     114     0.892
331     312     0.892
303     116     0.892
323     312     0.892
331     314     0.891
323     222     0.890
314     161     0.890
311     52      0.890
331     179     0.889
222     90      0.888
220     53      0.887
300     257     0.887
312     229     0.886
303     18      0.886
314     18      0.886
324     303     0.886
328     18      0.886
323     90      0.886
311     17      0.886
160     18      0.885
258     18      0.885
325     229     0.885
323     114     0.884
368     159     0.884
333     222     0.884
159     129     0.884
303     229     0.884
222     52      0.884
229     53      0.883
333     119     0.883
324     159     0.882
324     229     0.882
362     159     0.881
324     223     0.881
114     52      0.881
258     65      0.881
333     242     0.880
303     256     0.880
362     312     0.880
362     160     0.879
223     114     0.879
323     52      0.879
301     222     0.879
301     226     0.878
314     277     0.878
312     18      0.877
97      52      0.877
128     110     0.877
333     51      0.877
128     91      0.876
129     53      0.876
52      18      0.876
221     110     0.876
160     52      0.875
257     222     0.875
230     54      0.875
114     25      0.875
256     160     0.875
228     52      0.875
256     51      0.874
303     159     0.874
222     114     0.874
323     311     0.873
323     129     0.873
303     257     0.872
323     256     0.872
303     25      0.872
229     18      0.871
303     90      0.871
116     52      0.871
334     226     0.871
363     161     0.871
303     129     0.871
222     53      0.870
323     277     0.870
333     53      0.870
331     246     0.870
323     257     0.870
229     161     0.870
333     220     0.869
119     53      0.868
257     52      0.868
228     220     0.868
362     182     0.868
298     159     0.867
333     323     0.867
220     23      0.867
328     256     0.867
90      52      0.867
363     159     0.867
329     161     0.867
311     303     0.867
333     160     0.867
129     92      0.867
333     312     0.866
328     229     0.866
221     91      0.866
324     97      0.866
334     325     0.866
362     256     0.866
324     53      0.866
362     258     0.866
256     18      0.866
363     325     0.865
325     222     0.865
311     159     0.865
108     22      0.864
362     323     0.864
323     226     0.864
362     257     0.864
329     312     0.864
367     312     0.864
311     277     0.864
222     113     0.863
223     116     0.863
256     90      0.863
325     159     0.862
117     53      0.862
333     256     0.862
303     113     0.862
362     303     0.862
228     161     0.862
303     227     0.861
309     285     0.861
325     303     0.861
331     242     0.861
303     97      0.861
314     258     0.861
325     53      0.861
220     52      0.861
312     159     0.861
239     220     0.860
52      25      0.860
331     65      0.859
231     27      0.859
362     18      0.859
303     161     0.859
159     114     0.859
303     51      0.859
333     314     0.858
298     6       0.858
366     229     0.858
300     224     0.858
337     52      0.858
258     129     0.857
363     323     0.857
323     239     0.857
368     312     0.856
303     242     0.856
331     303     0.856
97      90      0.856
229     220     0.856
331     18      0.855
287     258     0.855
333     228     0.855
323     160     0.855
363     129     0.855
324     181     0.855
97      53      0.855
333     272     0.854
337     23      0.854
324     18      0.854
323     223     0.854
325     52      0.854
129     90      0.854
362     311     0.853
257     229     0.853
329     159     0.853
334     300     0.853
366     54      0.853
368     53      0.853
229     159     0.852
223     52      0.852
362     325     0.852
331     52      0.852
331     258     0.852
323     18      0.851
114     90      0.851
257     223     0.851
311     220     0.851
300     222     0.850
362     333     0.850
129     23      0.850
324     220     0.850
325     312     0.850
95      53      0.850
159     83      0.850
256     52      0.849
331     311     0.849
312     303     0.849
300     227     0.848
129     8       0.848
314     52      0.848
219     114     0.848
258     182     0.848
331     159     0.848
159     54      0.847
224     25      0.847
331     156     0.847
182     161     0.847
229     114     0.846
323     275     0.846
298     83      0.846
363     324     0.846
223     159     0.846
363     229     0.846
325     256     0.845
314     114     0.845
301     114     0.845
324     114     0.845
119     52      0.845
331     229     0.845
324     17      0.845
113     23      0.844
302     23      0.844
324     257     0.844
362     222     0.844
333     229     0.844
301     259     0.844
113     18      0.844
337     229     0.844
314     256     0.844
223     25      0.844
368     325     0.843
323     314     0.843
362     329     0.843
90      18      0.843
243     161     0.843
272     161     0.843
322     229     0.843
309     220     0.843
229     162     0.843
331     260     0.842
277     256     0.841
298     161     0.841
368     161     0.841
331     253     0.841
256     113     0.841
312     160     0.841
363     53      0.841
362     331     0.840
220     161     0.840
314     160     0.840
221     54      0.840
159     18      0.840
113     6       0.840
301     257     0.840
303     248     0.840
160     65      0.840
181     159     0.840
311     161     0.840
312     53      0.839
256     223     0.839
314     8       0.839
311     160     0.839
250     161     0.839
224     53      0.839
127     90      0.839
368     119     0.838
226     90      0.838
300     114     0.838
257     243     0.838
362     52      0.838
311     182     0.838
320     312     0.838
365     303     0.838
309     52      0.838
312     17      0.838
227     53      0.838
362     275     0.838
331     300     0.837
314     23      0.837
303     27      0.837
368     333     0.837
325     161     0.837
368     324     0.837
364     54      0.837
363     303     0.837
227     126     0.837
363     312     0.837
300     53      0.837
161     18      0.836
314     65      0.836
324     311     0.836
323     113     0.836
331     119     0.836
222     161     0.835
224     114     0.835
129     83      0.835
368     114     0.835
333     116     0.835
362     314     0.835
260     161     0.835
257     90      0.835
300     229     0.835
301     223     0.834
325     223     0.834
161     52      0.834
114     97      0.834
331     160     0.834
257     113     0.834
365     301     0.834
258     114     0.834
325     226     0.834
366     225     0.834
119     18      0.833
329     239     0.833
301     229     0.833
324     54      0.833
220     90      0.833
367     256     0.833
181     161     0.833
257     53      0.833
300     258     0.833
314     159     0.833
367     229     0.832
367     52      0.832
303     17      0.832
328     239     0.832
368     314     0.832
314     17      0.831
227     24      0.831
298     243     0.831
324     284     0.831
320     18      0.831
303     95      0.831
284     275     0.831
222     23      0.830
228     53      0.830
302     54      0.830
303     100     0.830
275     248     0.830
368     52      0.830
337     301     0.830
363     257     0.830
323     182     0.830
324     161     0.830
108     7       0.830
329     162     0.829
223     90      0.829
219     52      0.829
239     159     0.829
222     117     0.829
366     302     0.829
324     166     0.829
161     83      0.829
362     243     0.829
323     51      0.829
129     52      0.828
337     312     0.828
362     229     0.828
52      17      0.828
220     159     0.828
274     156     0.827
323     220     0.827
331     256     0.827
287     264     0.827
302     257     0.827
314     119     0.827
329     243     0.827
325     239     0.827
331     272     0.826
299     227     0.826
226     53      0.826
334     302     0.826
52      6       0.826
300     220     0.826
311     231     0.825
223     113     0.825
311     243     0.825
309     239     0.825
309     258     0.825
301     110     0.825
303     287     0.825
331     257     0.825
312     257     0.825
323     291     0.825
323     54      0.825
287     83      0.825
312     222     0.825
298     264     0.825
220     119     0.824
257     220     0.824
323     300     0.824
333     300     0.824
303     250     0.824
298     229     0.824
368     303     0.824
324     239     0.824
258     222     0.824
312     220     0.823
220     51      0.823
300     256     0.823
312     243     0.823
365     161     0.823
331     275     0.823
53      18      0.823
337     6       0.823
365     52      0.823
314     179     0.823
325     246     0.823
328     52      0.823
223     24      0.823
256     190     0.823
222     25      0.823
362     65      0.822
329     18      0.822
284     159     0.822
223     127     0.822
333     298     0.822
271     247     0.822
302     114     0.822
368     228     0.822
97      23      0.822
325     90      0.822
314     301     0.822
329     257     0.821
368     331     0.821
275     18      0.821
323     117     0.821
104     53      0.821
314     243     0.821
298     239     0.821
109     23      0.821
362     246     0.821
365     229     0.821
239     160     0.821
302     223     0.821
367     18      0.821
223     161     0.820
368     311     0.820
114     6       0.820
320     161     0.820
324     160     0.820
272     182     0.820
337     230     0.820
258     239     0.820
300     50      0.819
324     128     0.819
311     3       0.819
223     109     0.819
257     162     0.819
302     227     0.819
224     90      0.819
331     324     0.819
365     27      0.818
98      53      0.818
108     91      0.818
257     18      0.818
302     221     0.818
328     159     0.818
329     263     0.818
363     239     0.818
127     6       0.818
303     223     0.818
367     311     0.818
222     160     0.818
335     54      0.818
298     182     0.818
323     17      0.818
257     181     0.817
227     54      0.817
311     301     0.817
300     90      0.817
325     181     0.817
334     229     0.817
301     100     0.817
300     23      0.817
368     51      0.817
301     258     0.817
299     54      0.816
300     223     0.816
311     257     0.816
219     161     0.816
314     182     0.816
311     53      0.816
160     113     0.816
314     3       0.816
258     160     0.816
364     301     0.816
312     226     0.816
230     52      0.815
229     222     0.815
334     222     0.815
51      18      0.815
337     53      0.815
363     52      0.815
229     116     0.815
328     258     0.815
117     97      0.815
312     114     0.815
337     302     0.814
363     114     0.814
303     65      0.814
337     258     0.814
331     182     0.814
116     90      0.814
337     159     0.814
228     18      0.814
329     314     0.814
258     229     0.814
256     239     0.813
229     65      0.813
302     52      0.813
333     18      0.813
311     90      0.813
329     179     0.813
229     129     0.813
258     162     0.813
314     275     0.813
366     110     0.813
367     220     0.813
299     257     0.812
182     159     0.812
333     246     0.812
113     97      0.812
367     90      0.812
332     229     0.812
239     8       0.812
227     52      0.812
366     301     0.812
117     90      0.812
303     24      0.812
334     127     0.812
323     301     0.811
362     181     0.811
256     114     0.811
220     18      0.811
302     219     0.811
116     97      0.811
223     97      0.811
299     241     0.811
302     226     0.811
228     117     0.811
223     54      0.811
312     51      0.811
127     52      0.811
224     97      0.810
329     246     0.810
258     223     0.810
223     112     0.810
17      3       0.810
97      18      0.810
324     227     0.810
368     239     0.809
337     300     0.809
53      23      0.809
301     22      0.809
328     243     0.809
161     8       0.809
300     117     0.809
310     259     0.809
333     182     0.809
226     127     0.809
119     51      0.809
331     243     0.809
303     226     0.809
324     117     0.808
100     53      0.808
329     182     0.808
365     312     0.808
90      17      0.808
364     227     0.808
239     90      0.808
159     117     0.808
362     83      0.808
302     229     0.808
323     272     0.808
250     239     0.808
275     163     0.808
368     18      0.808
222     97      0.808
328     162     0.808
324     129     0.808
314     260     0.808
323     285     0.807
333     97      0.807
324     224     0.807
323     243     0.807
333     114     0.807
256     220     0.807
311     119     0.807
114     51      0.807
311     284     0.807
227     116     0.807
366     108     0.807
300     160     0.807
226     52      0.807
323     246     0.807
323     23      0.806
322     28      0.806
324     246     0.806
128     22      0.806
298     171     0.806
309     257     0.806
222     116     0.806
300     246     0.806
325     179     0.805
336     110     0.805
329     52      0.805
220     160     0.805
223     53      0.805
287     139     0.805
257     17      0.805
127     23      0.805
239     114     0.805
368     229     0.805
322     159     0.805
314     239     0.805
303     117     0.805
367     333     0.804
256     246     0.804
311     51      0.804
257     227     0.804
333     223     0.804
227     97      0.804
114     92      0.804
222     6       0.804
246     65      0.804
325     314     0.804
222     65      0.804
119     23      0.804
241     229     0.803
221     101     0.803
270     256     0.803
368     323     0.803
366     335     0.803
284     161     0.803
311     275     0.803
337     51      0.803
334     53      0.803
309     18      0.802
303     160     0.802
108     24      0.802
242     226     0.802
258     243     0.802
226     23      0.802
333     17      0.802
221     24      0.802
365     127     0.802
287     171     0.802
331     114     0.802
222     83      0.802
330     257     0.802
303     239     0.802
299     52      0.802
129     111     0.802
367     303     0.801
363     258     0.801
329     285     0.801
363     331     0.801
219     27      0.801
368     242     0.801
257     97      0.801
314     220     0.801
311     114     0.801
337     309     0.801
159     65      0.801
312     277     0.801
323     25      0.801
239     18      0.801
224     116     0.801
335     227     0.800
312     65      0.800
333     25      0.800
275     161     0.800
129     109     0.800
331     50      0.800
228     159     0.800
323     127     0.800
220     25      0.800
160     70      0.800
258     220     0.800
302     225     0.800
114     18      0.800
331     239     0.800
302     128     0.799
337     257     0.799
367     323     0.799
334     220     0.799
362     300     0.799
311     279     0.799
323     219     0.799
241     6       0.799
337     228     0.799
299     162     0.799
239     6       0.799
95      52      0.799
117     25      0.798
98      25      0.798
301     91      0.798
228     114     0.798
256     162     0.798
365     222     0.798
329     311     0.798
323     309     0.798
314     257     0.798
159     17      0.798
311     247     0.798
300     113     0.797
229     90      0.797
311     65      0.797
324     162     0.797
223     181     0.797
227     115     0.797
226     100     0.797
299     229     0.797
332     257     0.797
270     161     0.797
323     83      0.796
362     272     0.796
363     333     0.796