Prediction Made with CORNET:
a Neural Network based method trained using Correlated Mutations,
Sequence Conservation, Predicted Secondary structure of Proteins and
Evolutionary Information.
Authors Fariselli Piero, Olmea Osvaldo, Valencia Alfonso, Rita Casadio.
This method is an extension of the two following methods

Olmea O. and Valencia A. (1997) Fold. Des. 2: S25-32.

Fariselli P and Casadio R. (1999) Prot. Engng 12:15-21

#================================================================#

PREDICTION

Couple          Reliability
i       j
99      88      0.871
315     273     0.859
97      88      0.858
315     99      0.841
114     88      0.839
313     37      0.834
315     35      0.831
313     88      0.826
316     273     0.824
313     209     0.822
99      35      0.820
205     97      0.816
313     35      0.815
97      35      0.814
97      39      0.811
313     99      0.809
316     211     0.808
316     88      0.808
103     32      0.807
114     39      0.806
315     37      0.804
102     37      0.800
99      37      0.800
316     39      0.799
88      39      0.799
205     35      0.797
417     99      0.794
312     39      0.791
324     273     0.791
316     209     0.790
313     211     0.789
209     37      0.787
313     273     0.787
205     88      0.786
315     39      0.785
315     88      0.785
209     99      0.783
312     99      0.781
313     33      0.781
205     37      0.780
99      39      0.779
88      28      0.779
114     28      0.779
315     102     0.779
313     205     0.778
114     99      0.778
205     39      0.778
103     36      0.778
209     35      0.777
416     272     0.776
314     35      0.776
316     114     0.776
103     35      0.773
205     104     0.770
337     261     0.770
116     37      0.769
101     35      0.769
116     88      0.768
205     99      0.767
316     35      0.766
314     37      0.764
116     39      0.764
210     37      0.764
316     37      0.763
98      36      0.763
210     35      0.763
98      38      0.762
205     102     0.761
209     102     0.760
315     205     0.759
209     101     0.759
417     272     0.758
211     114     0.757
339     266     0.757
336     269     0.757
211     88      0.756
314     39      0.756
100     36      0.756
114     37      0.755
316     205     0.755
312     88      0.755
272     89      0.755
312     210     0.755
315     103     0.754
116     102     0.753
97      37      0.752
337     269     0.752
316     104     0.752
313     100     0.751
315     97      0.750
314     99      0.750
313     102     0.749
114     97      0.748
114     35      0.748
339     284     0.747
272     88      0.747
102     35      0.747
209     36      0.747
312     37      0.747
315     210     0.746
313     34      0.746
209     38      0.746
339     286     0.746
313     38      0.746
315     38      0.745
210     103     0.745
99      34      0.745
341     273     0.745
211     39      0.745
209     114     0.744
209     88      0.744
419     272     0.743
98      35      0.743
315     114     0.742
312     211     0.742
116     35      0.741
102     39      0.740
272     37      0.739
97      31      0.739
312     209     0.739
315     115     0.739
210     115     0.738
37      28      0.738
314     273     0.738
341     272     0.735
209     39      0.735
313     97      0.734
314     38      0.734
314     209     0.734
316     102     0.733
39      31      0.733
207     101     0.733
316     117     0.733
312     102     0.731
211     97      0.730
205     114     0.729
339     269     0.729
419     99      0.729
312     35      0.728
272     97      0.728
39      28      0.728
316     99      0.726
103     33      0.726
314     36      0.726
205     87      0.725
100     38      0.725
315     34      0.723
418     103     0.723
315     209     0.722
104     35      0.722
313     207     0.721
312     28      0.721
316     28      0.721
315     28      0.721
208     100     0.721
35      28      0.720
205     115     0.720
206     103     0.720
420     312     0.720
205     38      0.719
313     115     0.719
116     38      0.719
208     37      0.718
101     88      0.718
101     33      0.718
101     37      0.717
339     272     0.716
116     98      0.716
208     115     0.716
312     272     0.715
273     266     0.715
273     88      0.715
312     205     0.715
210     99      0.715
99      28      0.715
312     273     0.715
97      28      0.715
315     98      0.714
269     73      0.714
114     38      0.714
114     27      0.714
313     36      0.713
341     39      0.712
420     28      0.712
211     28      0.711
313     39      0.711
272     118     0.711
312     89      0.711
209     34      0.711
315     211     0.710
115     103     0.710
272     39      0.710
316     271     0.710
205     34      0.710
209     98      0.709
313     28      0.709
205     28      0.709
313     210     0.709
415     272     0.709
100     35      0.709
420     114     0.709
314     34      0.709
209     104     0.709
208     39      0.709
210     98      0.708
210     39      0.708
341     37      0.707
97      89      0.707
209     33      0.707
98      33      0.707
103     89      0.707
316     115     0.707
417     37      0.706
116     34      0.706
206     36      0.705
284     182     0.705
102     36      0.705
210     34      0.704
314     104     0.704
97      34      0.703
316     38      0.703
339     277     0.703
272     28      0.703
420     88      0.703
114     104     0.702
417     273     0.702
116     36      0.701
99      36      0.701
205     117     0.701
119     96      0.701
102     28      0.700
314     98      0.700
316     36      0.700
315     261     0.699
314     205     0.699
314     102     0.699
210     97      0.699
204     96      0.698
417     316     0.698
336     275     0.698
209     115     0.698
114     34      0.697
417     39      0.697
313     114     0.697
312     115     0.696
99      31      0.696
312     38      0.695
315     36      0.695
270     88      0.694
208     32      0.694
88      35      0.694
210     38      0.694
210     88      0.694
206     39      0.694
104     33      0.694
417     315     0.694
315     101     0.693
272     35      0.693
273     261     0.693
313     98      0.693
116     99      0.692
269     37      0.692
314     97      0.691
339     331     0.691
324     88      0.691
211     37      0.691
114     87      0.691
419     88      0.691
211     35      0.690
313     103     0.690
39      27      0.689
334     272     0.689
337     275     0.689
116     33      0.689
347     269     0.689
419     316     0.689
88      37      0.689
313     101     0.689
101     34      0.688
209     97      0.688
115     39      0.688
316     31      0.688
116     97      0.688
98      89      0.687
312     36      0.687
114     40      0.687
116     101     0.687
313     32      0.686
117     88      0.686
261     73      0.686
313     275     0.686
339     312     0.686
314     114     0.685
310     273     0.685
313     270     0.685
316     33      0.685
97      87      0.684
315     207     0.684
103     88      0.683
314     101     0.683
419     97      0.683
314     28      0.683
96      32      0.683
313     89      0.683
313     206     0.683
206     37      0.683
419     336     0.683
419     273     0.682
115     37      0.682
417     35      0.682
272     30      0.681
73      35      0.681
211     99      0.681
315     100     0.681
103     38      0.681
312     274     0.680
312     270     0.680
205     89      0.680
101     36      0.680
316     101     0.679
417     314     0.679
210     114     0.678
104     88      0.678
312     32      0.678
284     74      0.678
312     208     0.678
88      74      0.678
419     313     0.678
313     104     0.678
39      32      0.678
286     219     0.677
104     31      0.677
211     117     0.677
416     115     0.676
261     182     0.676
104     37      0.676
315     104     0.676
205     36      0.676
418     98      0.676
118     88      0.675
284     261     0.675
324     272     0.675
206     97      0.675
313     208     0.674
273     39      0.674
103     37      0.674
272     205     0.674
521     272     0.674
312     114     0.674
315     31      0.673
342     115     0.673
99      33      0.672
73      37      0.672
315     208     0.672
102     34      0.672
211     102     0.672
312     101     0.671
97      38      0.671
417     34      0.671
341     312     0.671
97      27      0.670
102     33      0.670
314     115     0.670
207     99      0.670
99      38      0.669
207     35      0.669
362     337     0.669
419     314     0.668
521     286     0.668
98      34      0.668
115     38      0.668
98      37      0.668
207     39      0.668
273     58      0.668
312     118     0.667
317     32      0.667
273     211     0.667
98      39      0.667
206     35      0.667
117     99      0.667
284     272     0.667
102     38      0.667
272     99      0.666
211     115     0.666
315     272     0.666
101     38      0.666
286     261     0.666
336     37      0.665
117     36      0.665
99      87      0.664
311     272     0.664
313     90      0.664
316     206     0.664
116     27      0.664
211     38      0.664
335     266     0.664
312     33      0.663
207     37      0.663
312     100     0.663
313     31      0.663
114     36      0.662
315     87      0.662
314     206     0.661
419     312     0.661
419     115     0.661
336     284     0.661
274     103     0.661
100     37      0.660
420     286     0.660
316     97      0.660
100     34      0.659
104     34      0.659
313     116     0.659
272     71      0.659
416     315     0.659
419     324     0.659
313     272     0.658
88      40      0.658
113     88      0.658
273     73      0.658
312     97      0.658
272     261     0.658
417     206     0.658
208     102     0.658
205     90      0.658
272     41      0.658
117     97      0.658
114     89      0.657
336     286     0.657
317     97      0.657
315     33      0.657
114     101     0.657
419     205     0.657
310     270     0.657
117     34      0.656
117     39      0.656
343     273     0.656
261     37      0.656
116     104     0.656
341     205     0.656
114     102     0.655
115     99      0.655
420     316     0.655
269     182     0.655
341     88      0.655
104     36      0.654
38      28      0.654
522     284     0.654
117     28      0.654
205     40      0.653
420     313     0.653
210     102     0.653
286     74      0.653
419     117     0.653
316     272     0.652
117     35      0.652
97      40      0.652
211     36      0.652
205     152     0.652
316     34      0.652
313     117     0.652
414     272     0.651
102     88      0.651
316     261     0.651
341     211     0.651
205     58      0.651
339     73      0.651
51      37      0.651
207     115     0.651
314     117     0.651
208     35      0.650
314     211     0.650
284     88      0.650
341     269     0.650
206     102     0.650
314     88      0.650
286     266     0.650
211     31      0.650
103     34      0.649
36      28      0.649
205     103     0.649
115     35      0.649
342     210     0.649
114     31      0.648
261     58      0.648
347     333     0.647
313     27      0.647
209     117     0.647
315     206     0.647
316     98      0.647
207     36      0.647
272     265     0.647
210     28      0.646
337     284     0.646
324     211     0.646
97      33      0.646
207     98      0.645
207     33      0.645
521     336     0.645
347     261     0.645
269     87      0.645
314     103     0.645
286     182     0.645
207     102     0.645
210     89      0.645
115     88      0.644
418     115     0.644
116     103     0.644
208     98      0.644
310     261     0.644
286     35      0.644
339     182     0.644
515     286     0.644
269     261     0.644
152     88      0.644
40      28      0.644
335     284     0.643
315     286     0.643
114     33      0.643
417     312     0.643
211     104     0.643
324     261     0.643
324     310     0.642
205     91      0.642
211     32      0.642
206     34      0.642
347     324     0.642
362     286     0.642
206     88      0.641
116     87      0.641
207     104     0.641
206     114     0.640
376     273     0.640
284     273     0.640
310     272     0.640
273     205     0.640
87      39      0.639
317     115     0.639
356     88      0.639
118     97      0.639
420     273     0.639
272     103     0.639
420     97      0.639
208     99      0.639
417     117     0.639
315     118     0.639
415     39      0.639
97      90      0.639
286     73      0.638
211     101     0.638
384     284     0.638
273     152     0.638
342     88      0.637
418     36      0.637
347     88      0.637
333     284     0.637
274     96      0.637
89      39      0.637
272     183     0.636
117     37      0.636
210     33      0.636
209     100     0.636
420     332     0.636
314     272     0.636
88      27      0.636
211     33      0.636
418     312     0.636
261     74      0.635
341     27      0.635
103     39      0.635
275     88      0.635
341     284     0.635
316     89      0.634
88      31      0.634
418     313     0.634
324     284     0.634
98      32      0.634
115     102     0.634
342     32      0.634
419     103     0.634
336     272     0.633
286     277     0.633
416     312     0.633
419     101     0.633
313     118     0.632
315     32      0.632
206     28      0.632
341     114     0.632
417     211     0.631
114     91      0.631
206     101     0.631
286     273     0.631
419     114     0.631
117     89      0.631
310     269     0.631
272     96      0.631
273     104     0.630
419     269     0.630
419     315     0.630
208     33      0.630
315     89      0.630
286     270     0.629
315     270     0.629
313     30      0.629
415     312     0.629
89      29      0.629
205     31      0.629
312     34      0.629
316     87      0.628
313     40      0.628
116     100     0.628
316     284     0.627
206     115     0.627
272     209     0.627
209     28      0.627
261     88      0.627
118     99      0.627
206     99      0.627
341     270     0.626
204     30      0.626
206     117     0.626
315     116     0.626
313     269     0.626
284     35      0.625
420     336     0.625
284     211     0.625
272     113     0.625
114     32      0.625
286     254     0.625
97      73      0.625
209     27      0.624
284     219     0.624
118     39      0.624
337     266     0.624
350     114     0.624
420     272     0.624
316     210     0.624
205     27      0.624
419     37      0.623
208     88      0.623
316     207     0.623
270     211     0.622
272     115     0.622
284     275     0.622
341     316     0.622
419     211     0.622
324     275     0.622
87      28      0.622
339     257     0.622
313     261     0.622
337     286     0.622
417     269     0.622
286     229     0.621
314     207     0.621
312     104     0.621
419     286     0.621
362     336     0.621
208     34      0.621
351     312     0.621
341     89      0.621
35      27      0.620
101     39      0.620
119     88      0.620
419     102     0.620
336     261     0.620
316     40      0.620
284     257     0.620
336     73      0.620
207     38      0.619
286     269     0.619
284     266     0.619
356     336     0.619
332     261     0.619
341     115     0.619
317     33      0.619
337     324     0.618
99      58      0.618
211     34      0.618
314     210     0.618
333     272     0.618
204     97      0.618
104     39      0.617
356     119     0.617
116     31      0.617
416     183     0.616
420     39      0.616
310     97      0.616
100     33      0.616
316     270     0.616
284     269     0.616
311     211     0.616
286     88      0.615
313     271     0.615
332     284     0.615
310     152     0.615
339     273     0.615
317     89      0.615
342     273     0.615
416     103     0.615
210     31      0.615
207     114     0.614
314     271     0.614
332     286     0.614
204     113     0.614
113     27      0.614
157     88      0.613
273     74      0.613
273     182     0.613
418     272     0.613
324     269     0.613
324     270     0.613
419     87      0.613
209     116     0.612
419     34      0.612
347     339     0.612
269     39      0.612
39      29      0.612
211     27      0.612
312     98      0.612
284     73      0.612
87      37      0.612
342     37      0.612
273     99      0.611
117     33      0.611
416     205     0.611
335     286     0.611
324     266     0.611
416     38      0.609
211     91      0.609
335     183     0.609
316     27      0.609
204     28      0.609
205     116     0.609
420     315     0.609
420     341     0.609
419     35      0.608
324     97      0.608
521     261     0.608
275     261     0.608
332     273     0.608
417     38      0.608
116     89      0.608
207     89      0.608
362     269     0.608
206     33      0.608
312     117     0.608
350     312     0.607
314     33      0.607
317     204     0.607
343     205     0.607
98      28      0.607
341     28      0.607
333     286     0.607
419     116     0.606
354     96      0.606
99      89      0.606
273     28      0.606
417     205     0.606
317     274     0.606
116     28      0.606
312     116     0.606
342     211     0.606
310     28      0.606
517     272     0.606
341     40      0.606
206     38      0.605
284     99      0.605
211     98      0.605
97      74      0.605
419     33      0.605
343     88      0.605
117     101     0.605
312     87      0.605
209     32      0.605
419     334     0.605
113     87      0.605
270     182     0.604
273     114     0.604
117     27      0.604
209     103     0.604
206     89      0.604
521     11      0.604
417     103     0.604
356     312     0.603
347     270     0.603
310     88      0.603
98      88      0.603
419     333     0.603
312     90      0.603
100     39      0.603
97      58      0.602
115     97      0.602
317     39      0.602
210     104     0.602
350     211     0.602
416     35      0.602
420     211     0.602
272     87      0.602
315     27      0.602
314     100     0.602
416     313     0.601
341     275     0.601
316     286     0.601
312     40      0.600
339     88      0.600
416     98      0.600
316     100     0.600
113     89      0.600
420     37      0.600
273     97      0.600
275     97      0.599
211     87      0.599
420     261     0.599
356     87      0.599
207     88      0.599
310     286     0.599
419     28      0.599
417     88      0.598
286     175     0.598
99      73      0.598
115     36      0.598
332     88      0.598
99      74      0.598
339     37      0.598
419     210     0.598
310     266     0.597
117     98      0.597
419     337     0.597
420     27      0.597
117     31      0.597
104     38      0.597
261     254     0.597
343     211     0.597
324     286     0.596
284     270     0.596
117     103     0.596
209     87      0.596
88      33      0.596
332     272     0.596
118     102     0.596
316     74      0.596
105     88      0.596
286     272     0.596
339     275     0.596
211     113     0.595
313     286     0.595
415     99      0.595
97      29      0.595
356     286     0.595
316     32      0.595
34      27      0.595
416     314     0.595
208     104     0.594
118     35      0.594
204     103     0.594
275     211     0.594
317     205     0.594
339     332     0.594
338     71      0.594
205     73      0.594
105     28      0.593
515     341     0.593
522     272     0.593
286     257     0.593
334     269     0.593
208     114     0.592
521     362     0.592
273     35      0.592
347     275     0.592
114     98      0.592
312     206     0.592
207     103     0.592
113     30      0.591
118     96      0.591
273     37      0.591
343     91      0.591
418     100     0.591
420     284     0.591
316     103     0.591
312     204     0.590
207     97      0.590
418     102     0.590
286     275     0.590
211     89      0.590
418     116     0.590
118     33      0.590
518     334     0.590
416     89      0.590
204     98      0.590
114     59      0.589
204     27      0.589
417     116     0.589
310     114     0.589
416     88      0.588
269     88      0.588
415     269     0.588
286     39      0.588
312     269     0.588
206     32      0.588
347     312     0.588
310     276     0.588
119     87      0.588
356     337     0.588
317     29      0.588
341     87      0.588
342     272     0.587
339     72      0.587
211     40      0.587
420     117     0.587
314     89      0.587
336     88      0.587
418     33      0.587
336     99      0.587
314     208     0.587
339     211     0.587
100     89      0.587
205     182     0.587
269     229     0.586
284     183     0.586
272     98      0.586
310     30      0.586
118     32      0.586
419     39      0.586
284     277     0.586
315     90      0.586
357     205     0.586
98      27      0.586
266     74      0.586
272     114     0.585
332     266     0.585
272     211     0.585
522     286     0.585
114     73      0.585
347     87      0.585
313     274     0.585
333     273     0.585
417     97      0.585
279     272     0.585
115     33      0.585
261     250     0.585
347     211     0.584
210     101     0.584
117     32      0.584
356     272     0.584
90      39      0.584
350     88      0.584
339     171     0.584
116     32      0.584
269     233     0.584
339     271     0.583
356     269     0.583
315     117     0.583
312     27      0.583
316     208     0.583
207     100     0.583
114     90      0.583
116     29      0.583
205     100     0.583
417     87      0.583
335     269     0.583
420     311     0.582
261     35      0.582
286     99      0.582
324     183     0.582
101     31      0.582
418     315     0.582
284     37      0.582
342     39      0.582
91      31      0.582
114     100     0.581
314     32      0.581
205     101     0.581
416     316     0.581
40      29      0.581
311     89      0.581
269     58      0.581
117     87      0.581
90      28      0.581
347     284     0.581
208     97      0.580
311     88      0.580
415     88      0.580
341     261     0.580
339     261     0.580
342     205     0.580
333     270     0.580
317     210     0.580
312     271     0.580
312     275     0.580
105     39      0.580
205     98      0.580
347     332     0.580
419     209     0.579
272     182     0.579
207     117     0.579
343     28      0.579
98      30      0.579
521     333     0.579
350     28      0.579
88      36      0.579
312     29      0.578
518     272     0.578
356     211     0.578
87      35      0.578
115     28      0.578
417     102     0.578
340     273     0.578
316     116     0.578
205     33      0.577
341     73      0.577
521     284     0.577
286     77      0.577
118     89      0.577
384     337     0.577
329     272     0.577
210     118     0.577
284     254     0.577
342     312     0.577
89      37      0.577
103     90      0.576
113     41      0.576
206     100     0.576
419     341     0.576
341     99      0.576
115     98      0.576
315     271     0.575
356     347     0.575
89      35      0.575
315     269     0.575
329     269     0.575
338     272     0.575
312     103     0.575
336     265     0.575
313     284     0.575
269     211     0.575
324     316     0.574
100     32      0.574
339     39      0.574
311     118     0.574
418     35      0.574
205     155     0.574
339     74      0.574
316     91      0.574
419     31      0.574
315     284     0.574
335     211     0.573