Prediction Made with CORNET:
a Neural Network based method trained using Correlated Mutations,
Sequence Conservation, Predicted Secondary structure of Proteins and
Evolutionary Information.
Authors Fariselli Piero, Olmea Osvaldo, Valencia Alfonso, Rita Casadio.
This method is an extension of the two following methods

Olmea O. and Valencia A. (1997) Fold. Des. 2: S25-32.

Fariselli P and Casadio R. (1999) Prot. Engng 12:15-21

#================================================================#

PREDICTION

Couple          Reliability
i       j
331     222     0.932
386     273     0.925
262     163     0.923
232     222     0.921
386     199     0.920
331     232     0.918
386     247     0.917
245     232     0.917
386     222     0.912
485     332     0.911
386     232     0.910
331     245     0.910
262     232     0.909
331     247     0.908
262     231     0.907
232     25      0.906
386     36      0.905
262     223     0.904
331     264     0.904
386     231     0.904
331     199     0.901
483     332     0.901
199     25      0.899
485     331     0.899
386     331     0.898
334     163     0.898
222     36      0.898
264     232     0.898
262     245     0.896
273     99      0.896
485     264     0.895
262     222     0.892
485     36      0.890
222     25      0.890
386     271     0.890
331     25      0.889
222     185     0.888
246     232     0.888
273     108     0.888
222     41      0.888
483     264     0.887
485     25      0.887
483     222     0.886
386     245     0.886
486     332     0.886
232     162     0.884
332     222     0.884
264     36      0.883
162     25      0.883
332     25      0.882
331     200     0.880
323     163     0.880
331     246     0.878
331     324     0.878
386     185     0.878
184     163     0.878
262     151     0.878
262     199     0.878
485     246     0.878
273     246     0.878
264     222     0.877
222     163     0.876
245     163     0.876
267     247     0.876
485     44      0.875
604     222     0.875
604     232     0.874
485     162     0.874
331     162     0.874
485     43      0.874
262     200     0.874
483     232     0.873
108     36      0.873
236     222     0.873
273     162     0.872
262     214     0.871
262     77      0.871
386     161     0.871
332     247     0.871
331     163     0.871
485     41      0.870
162     36      0.869
719     680     0.869
485     231     0.869
483     247     0.868
246     200     0.868
331     297     0.868
386     268     0.868
232     108     0.868
386     264     0.868
163     25      0.868
485     222     0.868
262     25      0.868
231     222     0.867
485     247     0.867
386     332     0.866
244     236     0.866
221     36      0.866
264     43      0.866
262     43      0.865
334     321     0.865
332     36      0.865
483     331     0.865
264     200     0.864
335     298     0.864
386     41      0.864
36      25      0.863
246     163     0.863
244     163     0.863
323     200     0.863
332     232     0.862
485     9       0.861
485     221     0.861
386     221     0.860
485     268     0.860
331     214     0.860
106     36      0.860
273     25      0.859
332     262     0.859
232     199     0.858
262     79      0.858
106     43      0.858
713     332     0.857
236     163     0.857
485     245     0.856
244     199     0.854
331     185     0.854
199     79      0.854
713     264     0.854
332     264     0.854
485     185     0.853
244     231     0.853
162     57      0.853
713     36      0.853
713     222     0.853
334     232     0.852
486     331     0.852
262     244     0.852
326     200     0.852
485     232     0.852
245     25      0.852
330     222     0.852
483     36      0.852
222     44      0.851
329     242     0.851
713     232     0.851
245     201     0.851
222     162     0.851
686     273     0.850
161     99      0.850
713     485     0.849
267     200     0.849
485     108     0.849
264     163     0.849
604     199     0.849
485     271     0.848
485     106     0.848
686     36      0.847
336     25      0.847
262     185     0.847
163     36      0.846
266     234     0.846
331     77      0.846
687     264     0.846
331     36      0.846
386     25      0.846
686     222     0.845
244     232     0.845
222     108     0.845
245     222     0.845
331     273     0.844
483     185     0.843
604     245     0.843
332     273     0.843
483     44      0.842
323     214     0.842
232     163     0.842
199     163     0.842
227     163     0.841
485     161     0.841
246     25      0.840
686     44      0.839
267     232     0.839
332     163     0.839
200     161     0.838
713     25      0.838
245     162     0.838
386     246     0.838
90      25      0.837
386     262     0.837
232     36      0.837
200     162     0.837
244     200     0.837
334     326     0.836
264     178     0.836
106     41      0.836
273     251     0.836
236     199     0.836
262     215     0.836
386     210     0.835
302     246     0.835
326     163     0.834
222     43      0.834
331     244     0.834
270     232     0.833
485     273     0.833
222     187     0.833
222     201     0.832
330     298     0.832
719     330     0.832
484     332     0.832
270     222     0.832
262     251     0.832
331     90      0.831
264     215     0.831
686     332     0.831
331     44      0.831
231     36      0.831
222     199     0.831
232     200     0.831
323     232     0.830
161     25      0.830
262     213     0.830
604     247     0.829
262     75      0.829
246     162     0.829
267     163     0.829
486     222     0.829
330     270     0.829
262     36      0.828
388     332     0.828
185     25      0.828
386     214     0.828
273     222     0.827
604     273     0.827
334     262     0.827
108     41      0.827
331     215     0.827
222     200     0.827
246     57      0.827
334     222     0.826
604     323     0.826
273     161     0.825
331     271     0.825
44      36      0.825
604     163     0.824
604     200     0.824
323     245     0.823
604     162     0.823
323     199     0.823
321     199     0.823
266     187     0.823
686     264     0.823
686     331     0.823
334     25      0.822
222     77      0.822
222     151     0.822
713     331     0.822
386     24      0.821
332     185     0.821
485     326     0.821
221     37      0.821
246     222     0.821
231     214     0.821
604     214     0.820
231     163     0.820
319     200     0.820
331     262     0.820
680     222     0.820
604     326     0.820
334     244     0.820
273     245     0.820
273     244     0.819
333     298     0.819
273     77      0.819
267     199     0.819
331     161     0.819
262     221     0.819
246     197     0.819
483     273     0.819
231     199     0.819
386     90      0.819
331     323     0.819
326     232     0.818
486     262     0.818
302     245     0.818
185     162     0.818
485     199     0.817
323     236     0.817
264     99      0.817
686     271     0.816
334     245     0.816
331     106     0.816
678     36      0.816
483     245     0.816
688     331     0.816
678     331     0.816
262     90      0.815
270     32      0.815
680     330     0.815
686     485     0.815
336     215     0.814
604     25      0.814
262     236     0.814
326     215     0.814
604     251     0.814
162     99      0.814
262     27      0.813
333     232     0.813
686     262     0.813
326     25      0.813
715     331     0.813
262     41      0.813
336     246     0.813
346     247     0.813
326     244     0.812
302     215     0.812
334     324     0.812
332     44      0.812
332     323     0.812
221     200     0.812
336     99      0.812
331     201     0.811
333     164     0.811
298     214     0.811
687     36      0.811
232     161     0.811
483     262     0.811
330     234     0.811
692     247     0.810
222     214     0.810
326     264     0.810
247     99      0.810
273     52      0.810
323     244     0.810
244     162     0.809
231     25      0.809
678     221     0.809
321     232     0.809
346     199     0.809
264     185     0.809
267     25      0.809
330     232     0.809
332     201     0.809
199     162     0.808
331     108     0.808
185     41      0.808
245     200     0.808
334     79      0.808
232     214     0.808
264     25      0.808
386     300     0.807
225     197     0.807
273     106     0.807
264     227     0.807
43      36      0.807
387     186     0.807
388     222     0.807
262     246     0.806
486     221     0.806
486     36      0.806
199     99      0.806
604     267     0.806
236     25      0.806
485     104     0.805
685     105     0.805
298     245     0.805
325     232     0.805
604     134     0.805
262     184     0.805
483     221     0.805
241     222     0.805
264     9       0.804
388     185     0.804
236     200     0.804
326     262     0.804
331     151     0.804
334     223     0.804
332     245     0.804
222     184     0.803
334     302     0.803
298     246     0.803
686     38      0.803
321     200     0.803
222     46      0.803
677     485     0.803
277     247     0.803
241     25      0.803
483     9       0.802
231     162     0.802
713     273     0.802
106     44      0.802
273     90      0.802
336     245     0.802
713     245     0.802
108     43      0.802
386     104     0.802
262     162     0.802
687     222     0.802
232     77      0.802
199     36      0.801
267     187     0.801
677     36      0.801
336     162     0.801
486     185     0.801
713     108     0.801
267     185     0.801
336     300     0.801
686     232     0.801
107     37      0.801
483     199     0.800
386     324     0.800
262     209     0.800
241     79      0.800
386     162     0.800
162     108     0.800
677     43      0.800
244     222     0.800
331     41      0.800
486     264     0.800
483     106     0.800
720     264     0.800
267     222     0.800
675     325     0.800
331     221     0.800
312     236     0.800
264     44      0.800
334     236     0.800
267     245     0.800
231     200     0.799
319     232     0.799
326     222     0.799
604     77      0.798
485     215     0.798
386     334     0.798
222     90      0.798
332     41      0.798
331     250     0.798
222     31      0.798
266     225     0.798
334     231     0.798
483     41      0.798
686     185     0.797
350     273     0.797
388     264     0.797
484     222     0.797
484     108     0.797
273     232     0.797
604     246     0.797
485     262     0.797
680     185     0.796
483     271     0.796
330     265     0.796
293     247     0.796
675     221     0.796
332     162     0.796
715     332     0.796
458     222     0.795
713     262     0.795
201     163     0.795
245     36      0.795
686     41      0.794
323     297     0.794
485     200     0.794
386     204     0.794
236     185     0.794
334     151     0.794
331     251     0.794
184     36      0.794
245     199     0.793
245     57      0.793
686     104     0.793
305     163     0.793
330     224     0.793
264     236     0.792
336     267     0.792
680     36      0.792
483     162     0.792
323     251     0.792
319     199     0.792
232     221     0.792
334     267     0.792
331     267     0.792
236     214     0.792
326     199     0.792
178     163     0.791
678     106     0.791
484     36      0.791
330     36      0.791
386     319     0.791
333     37      0.791
386     77      0.791
236     215     0.791
330     162     0.791
41      25      0.791
331     57      0.790
267     231     0.790
675     231     0.790
386     40      0.790
686     247     0.790
270     46      0.789
277     199     0.789
386     134     0.789
331     231     0.789
713     324     0.789
221     43      0.789
162     77      0.789
108     44      0.789
45      37      0.788
386     215     0.788
386     184     0.788
604     324     0.788
686     231     0.788
664     247     0.788
244     214     0.787
334     77      0.787
722     264     0.787
332     90      0.787
331     265     0.787
386     326     0.787
241     232     0.787
264     245     0.787
326     245     0.787
186     36      0.786
331     241     0.786
485     42      0.786
385     269     0.786
680     332     0.786
269     232     0.786
244     25      0.786
385     272     0.786
713     163     0.786
485     244     0.786
163     99      0.785
247     222     0.785
664     222     0.785
267     244     0.785
264     201     0.785
604     244     0.785
265     232     0.785
722     232     0.785
264     246     0.785
264     162     0.785
486     104     0.785
485     333     0.784
720     485     0.784
245     236     0.784
388     221     0.784
199     77      0.784
262     74      0.784
222     161     0.784
302     267     0.784
37      9       0.784
221     9       0.784
483     163     0.784
294     264     0.784
262     31      0.783
222     186     0.783
162     134     0.783
680     333     0.783
332     321     0.783
678     108     0.783
328     297     0.783
227     215     0.783
247     163     0.783
458     163     0.782
715     264     0.782
236     46      0.782
184     25      0.782
485     267     0.782
308     246     0.782
715     222     0.782
334     200     0.782
244     215     0.782
485     386     0.782
332     246     0.782
326     201     0.782
675     32      0.781
321     163     0.781
331     320     0.781
688     332     0.781
486     232     0.781
393     246     0.781
219     163     0.781
336     227     0.781
680     38      0.781
386     96      0.781
687     332     0.780
678     43      0.780
322     298     0.780
333     325     0.779
265     201     0.779
226     37      0.779
262     24      0.779
323     77      0.778
331     43      0.778
332     37      0.778
331     300     0.778
302     162     0.778
483     197     0.778
325     179     0.778
722     331     0.778
323     222     0.778
331     223     0.778
245     161     0.778
262     46      0.778
483     244     0.777
108     38      0.777
326     77      0.777
267     236     0.777
264     244     0.777
264     223     0.777
332     223     0.777
562     232     0.777
223     36      0.777
244     151     0.777
386     197     0.776
675     44      0.776
320     245     0.776
330     262     0.776
386     38      0.776
294     79      0.776
321     215     0.776
334     264     0.776
221     25      0.775
270     186     0.775
687     485     0.775
484     331     0.775
270     44      0.775
332     265     0.775
713     247     0.775
486     44      0.775
273     262     0.775
386     31      0.775
185     36      0.774
387     332     0.774
246     191     0.774
458     232     0.774
678     485     0.774
262     186     0.774
386     288     0.774
333     222     0.774
246     236     0.774
43      25      0.774
308     161     0.774
485     184     0.774
246     99      0.774
677     9       0.774
585     247     0.774
245     187     0.774
386     44      0.774
108     40      0.774
485     40      0.773
676     186     0.773
330     238     0.773
241     162     0.773
319     214     0.773
720     221     0.773
221     44      0.773
321     245     0.773
386     236     0.773
326     214     0.773
308     267     0.773
247     236     0.773
247     25      0.772
236     99      0.772
664     36      0.772
713     231     0.772
197     81      0.772
264     247     0.772
330     241     0.772
264     79      0.772
334     162     0.772
222     104     0.772
302     25      0.772
686     269     0.772
713     185     0.771
715     104     0.771
302     199     0.771
262     194     0.771
719     270     0.771
302     178     0.771
604     331     0.771
675     265     0.771
483     324     0.771
686     486     0.771
265     242     0.771
487     263     0.771
686     108     0.770
199     134     0.770
332     104     0.770
485     388     0.770
484     44      0.770
685     109     0.770
222     134     0.770
683     297     0.770
333     224     0.770
222     40      0.770
244     178     0.770
485     24      0.770
221     185     0.769
720     36      0.769
270     162     0.769
161     57      0.769
393     43      0.769
221     108     0.769
692     241     0.769
485     324     0.769
686     40      0.769
675     387     0.769
197     79      0.769
162     151     0.769
184     43      0.768
162     90      0.768
187     36      0.768
333     221     0.768
483     246     0.768
199     158     0.768
264     108     0.768
326     178     0.768
263     44      0.768
330     273     0.768
232     187     0.768
324     25      0.768
319     251     0.768
388     31      0.768
677     41      0.768
459     222     0.768
264     221     0.768
270     36      0.767
308     241     0.767
483     38      0.767
262     120     0.767
262     201     0.767
484     185     0.767
386     43      0.767
713     686     0.767
264     37      0.767
332     244     0.767
334     36      0.767
247     199     0.767
41      9       0.767
686     221     0.767
486     9       0.767
675     333     0.767
324     163     0.766
678     41      0.766
715     485     0.766
330     183     0.766
231     151     0.766
236     57      0.766
330     264     0.766
247     214     0.766
241     99      0.766
483     231     0.766
261     164     0.766
686     484     0.766
486     388     0.765
680     262     0.765
688     232     0.765
458     162     0.765
332     324     0.765
689     220     0.765
386     108     0.765
677     185     0.765
310     197     0.765
390     330     0.765
273     247     0.765
678     44      0.765
393     162     0.764
686     386     0.764
386     270     0.764
222     215     0.764
312     163     0.764
678     483     0.764
713     677     0.764
246     36      0.764
686     106     0.764
350     247     0.764
236     178     0.764
605     199     0.764
483     268     0.763
483     90      0.763
675     222     0.763
715     262     0.763
267     223     0.763
486     162     0.763
692     163     0.763
222     106     0.763
686     25      0.763
687     273     0.763
215     163     0.763
245     231     0.762
336     214     0.762
236     223     0.762
231     99      0.762
232     185     0.762
582     25      0.762
330     28      0.762
99      79      0.762
264     77      0.762
719     222     0.762
236     77      0.762
106     40      0.761
675     220     0.761
720     330     0.761
675     36      0.761
386     267     0.761
713     221     0.761
224     195     0.761
675     270     0.761
485     90      0.761
326     151     0.761
332     108     0.761
386     223     0.761
689     270     0.761
334     284     0.761
326     297     0.761
686     678     0.761
692     273     0.761
330     90      0.761
715     221     0.761
336     308     0.760
483     104     0.760
486     106     0.760
386     187     0.760
308     273     0.760
686     37      0.760
236     36      0.760
312     267     0.760
386     163     0.760
262     108     0.760
393     197     0.760
223     162     0.760
262     158     0.759
227     162     0.759
331     178     0.759
390     232     0.759
270     185     0.759
409     199     0.759
334     297     0.759
722     244     0.759
330     245     0.759
363     199     0.759
664     273     0.759
604     215     0.759
199     108     0.759
604     90      0.759
321     214     0.759
386     99      0.759
664     232     0.759
483     25      0.759
331     187     0.759
713     200     0.759
185     44      0.758
713     41      0.758
333     36      0.758
302     77      0.758
321     236     0.758
332     267     0.758
332     268     0.758
185     31      0.758
78      53      0.758
692     232     0.758
713     334     0.758
262     178     0.758
486     41      0.758
458     25      0.758
688     222     0.757
692     178     0.757
236     66      0.757
108     99      0.757
333     270     0.757
678     222     0.757
331     236     0.757
332     43      0.757
677     42      0.757
324     247     0.757
199     57      0.756
665     332     0.756
323     302     0.756
262     197     0.756
334     214     0.756
677     331     0.756
264     41      0.756
264     199     0.756
221     106     0.756
36      9       0.756
264     57      0.756
199     151     0.756
266     222     0.756
106     38      0.756
684     385     0.756
222     57      0.756
326     162     0.755
676     185     0.755
262     187     0.755
678     232     0.755
231     161     0.755
332     161     0.755
320     236     0.755
719     187     0.755
222     37      0.755
323     57      0.755
680     486     0.755
232     215     0.755
270     164     0.755
273     151     0.755
483     326     0.755
225     196     0.755
231     201     0.755
720     222     0.755
187     43      0.755
331     321     0.755
604     151     0.755
677     107     0.755
325     199     0.755
298     231     0.754
298     200     0.754
713     326     0.754
263     9       0.754
485     387     0.754
236     79      0.754
390     234     0.754
326     246     0.754
336     232     0.754
486     268     0.754
323     267     0.754
719     263     0.754
393     200     0.754
686     43      0.754
262     44      0.753
386     269     0.753
222     99      0.753
680     162     0.753
720     332     0.753
334     27      0.753
264     230     0.753
458     262     0.753
308     247     0.753
722     151     0.753
665     222     0.753
326     247     0.753
486     330     0.753
330     231     0.752
346     273     0.752
267     162     0.752
185     163     0.752
719     43      0.752
324     232     0.752
273     75      0.752
246     161     0.751
184     162     0.751
676     222     0.751
263     162     0.751
604     161     0.751
482     263     0.751
675     22      0.751
331     184     0.751
482     269     0.751
677     221     0.751
714     677     0.751
677     484     0.751
332     106     0.751
104     43      0.751
719     44      0.751
262     161     0.751
719     186     0.751
675     273     0.750
246     215     0.750
232     151     0.750
246     77      0.750
484     43      0.750
485     35      0.750
262     247     0.750
687     224     0.750
312     199     0.750
336     163     0.750
722     25      0.750
485     297     0.750
185     43      0.750
336     262     0.749
485     239     0.749
215     200     0.749
484     162     0.749
161     90      0.749
221     197     0.749
336     79      0.749
484     41      0.749
686     245     0.749
232     99      0.749
294     199     0.749
331     134     0.748
236     201     0.748
323     151     0.748
106     99      0.748
268     163     0.748
178     77      0.748
686     161     0.748
221     163     0.748
686     186     0.748
184     41      0.748
267     214     0.748
485     321     0.748
244     187     0.748
720     486     0.747
298     199     0.747
677     106     0.747
246     214     0.747
676     485     0.747
329     297     0.747
485     178     0.747
221     162     0.747
297     222     0.747
108     24      0.747
199     187     0.747
720     43      0.747
713     199     0.747
330     243     0.747
486     223     0.747
332     99      0.747
222     109     0.747
720     268     0.747
386     37      0.747
386     79      0.746
99      25      0.746
268     232     0.746
715     185     0.746
582     151     0.746
268     222     0.746
185     35      0.746
262     203     0.746
485     223     0.746
713     44      0.745
604     334     0.745
686     263     0.745
715     232     0.745
713     486     0.745
264     186     0.745
266     232     0.745
330     22      0.745
221     104     0.745
262     104     0.745
236     151     0.745
273     163     0.745
264     224     0.745
263     107     0.744
191     25      0.744
686     677     0.744
458     244     0.744
262     57      0.744
241     19      0.744
273     134     0.744
321     246     0.744
321     25      0.744
323     247     0.744
687     38      0.744
224     164     0.744
321     99      0.744
386     321     0.744
163     90      0.743
386     244     0.743
45      36      0.743
246     231     0.743
39      9       0.743
332     187     0.743
323     246     0.743
263     222     0.743
332     271     0.743
227     25      0.743
331     302     0.743
719     232     0.743
329     234     0.743
90      79      0.743
713     386     0.743
685     263     0.743
330     185     0.743
680     484     0.743
714     483     0.743
236     90      0.742
386     151     0.742
263     36      0.742
331     268     0.742
187     163     0.742
161     108     0.742
298     240     0.742
486     163     0.742
294     247     0.742
161     106     0.742
677     44      0.742
675     331     0.742
387     331     0.742
264     251     0.742
245     178     0.742
246     96      0.741
680     388     0.741
485     107     0.741
298     179     0.741
185     108     0.741
330     246     0.741
582     199     0.741
333     263     0.741
486     43      0.741
688     264     0.741
723     325     0.741
297     199     0.740
665     232     0.740
332     269     0.740
323     201     0.740
236     162     0.740
270     221     0.740
387     223     0.740
297     236     0.740
686     109     0.740
262     250     0.740
386     323     0.740
678     332     0.740
264     106     0.740
329     269     0.740
323     231     0.740
262     241     0.740
245     151     0.740
326     227     0.740
323     25      0.740
692     236     0.740
336     241     0.739
485     163     0.739
486     37      0.739
267     178     0.739
678     486     0.739
713     483     0.739
247     77      0.739
246     134     0.739
185     104     0.739
330     199     0.739
692     324     0.739
332     221     0.738
675     298     0.738
331     9       0.738
713     244     0.738
162     83      0.738
161     44      0.738
324     246     0.738
485     265     0.738
232     201     0.738
162     75      0.738
484     330     0.738
273     200     0.737
199     52      0.737
106     25      0.737
245     90      0.737
161     52      0.737
605     222     0.737
676     36      0.737
483     40      0.737
402     200     0.737
104     90      0.737
250     215     0.737
267     246     0.737
388     331     0.737
715     486     0.736
458     245     0.736
246     199     0.736
483     223     0.736
484     262     0.736
231     108     0.736
324     162     0.736
713     106     0.736
333     231     0.736
197     90      0.736
675     611     0.735
302     79      0.735
332     300     0.735
106     42      0.735
333     200     0.735
331     37      0.735
326     312     0.735
714     332     0.735
229     37      0.735
325     200     0.735
262     40      0.735
458     200     0.735
678     231     0.735
332     241     0.735
713     688     0.735
250     162     0.735
162     96      0.735
325     245     0.734
320     199     0.734
680     40      0.734
333     162     0.734
162     44      0.734
262     29      0.734
486     271     0.734
185     161     0.734
680     104     0.734
680     270     0.734
483     201     0.734
336     247     0.734
692     215     0.734
333     245     0.734
678     185     0.734
679     331     0.734
329     303     0.734
332     255     0.734
184     104     0.734
677     263     0.734
330     215     0.734
162     37      0.733
223     185     0.733
273     164     0.733
485     201     0.733
687     262     0.733
487     269     0.733
331     197     0.733
264     187     0.733
222     27      0.733
714     36      0.733
244     191     0.732
332     215     0.732
485     263     0.732
178     151     0.732
484     232     0.732
713     223     0.732
679     485     0.732
330     268     0.732
42      9       0.732
484     386     0.732
334     300     0.731
262     254     0.731
486     25      0.731
326     224     0.731
664     264     0.731
312     245     0.731
713     37      0.731
336     326     0.731
386     239     0.731
334     246     0.731
267     24      0.731
715     36      0.731
483     323     0.731
664     271     0.731
715     184     0.731
326     267     0.731
232     178     0.731
713     43      0.731
187     151     0.731
686     388     0.731
312     200     0.731
485     323     0.730
300     246     0.730
44      37      0.730
227     185     0.730
336     77      0.730
680     232     0.730
388     162     0.730
713     267     0.730
222     178     0.730
688     675     0.730
336     244     0.730
677     483     0.730
108     25      0.729
262     156     0.729
325     222     0.729
250     222     0.729
687     331     0.729
714     185     0.729
393     66      0.729
402     251     0.729
236     24      0.729
721     332     0.729
393     163     0.729
386     201     0.729
330     266     0.729
302     236     0.729
713     215     0.729
688     163     0.729
713     40      0.728
714     263     0.728
245     191     0.728
318     232     0.728
231     43      0.728
264     161     0.728
162     53      0.728
250     199     0.728
692     25      0.728
485     99      0.728
245     215     0.728
324     199     0.728
268     162     0.728
714     186     0.728
200     25      0.728
386     265     0.728
334     308     0.728
713     161     0.728
714     44      0.728
270     179     0.728
483     265     0.728
308     215     0.727
604     262     0.727
161     77      0.727
244     197     0.727
336     36      0.727
186     37      0.727
265     233     0.727
722     267     0.727
330     178     0.727
722     197     0.727
664     331     0.727
486     10      0.727
324     200     0.727
336     323     0.727
386     375     0.726
46      36      0.726
677     105     0.726
678     484     0.726
343     215     0.726
231     79      0.726
562     247     0.726
241     90      0.726
331     75      0.726
236     74      0.726
393     201     0.726
483     241     0.726
719     221     0.726
675     234     0.726
458     332     0.725
246     221     0.725
297     246     0.725
487     37      0.725
107     39      0.725
45      38      0.725
221     41      0.725
686     162     0.725
246     151     0.725
604     332     0.725
246     216     0.725
604     201     0.725
714     485     0.725
482     330     0.725
104     31      0.724
163     134     0.724
675     38      0.724
386     9       0.724
264     104     0.724
273     214     0.724
692     302     0.724
688     297     0.724
485     105     0.724
231     221     0.724
105     9       0.724
664     262     0.724
483     184     0.724
582     191     0.724
386     213     0.724
104     40      0.724
267     57      0.723
332     236     0.723
232     223     0.723
250     214     0.723
244     90      0.723
686     110     0.723
714     331     0.723
324     201     0.723
714     232     0.723
679     37      0.723
679     332     0.723
664     231     0.723
221     201     0.723
485     79      0.723
676     43      0.723
386     35      0.723
325     164     0.723
265     9       0.723
483     215     0.723
241     178     0.723
604     302     0.723
713     104     0.723
262     106     0.722
333     264     0.722
604     236     0.722
105     43      0.722
332     9       0.722
452     232     0.722
247     232     0.722
319     245     0.722
236     176     0.722
264     231     0.722
483     388     0.722
485     393     0.722
246     201     0.722
605     200     0.722
713     321     0.722
488     222     0.722
458     334     0.722
327     232     0.722
714     486     0.722
332     227     0.722
722     245     0.722
264     191     0.721
267     90      0.721
232     44      0.721
161     96      0.721
266     241     0.721
713     214     0.721
245     223     0.721
714     676     0.721
323     162     0.721
221     191     0.721
264     214     0.721
326     300     0.721
247     162     0.721
688     386     0.721
330     38      0.721
230     223     0.721
714     484     0.721
393     247     0.721
267     184     0.721
485     403     0.720
245     108     0.720
713     90      0.720
483     37      0.720
722     201     0.720
214     200     0.720
320     222     0.720
723     197     0.720
688     326     0.720
244     201     0.720
692     321     0.720
482     265     0.720
326     195     0.719
264     66      0.719
458     36      0.719
485     319     0.719
604     99      0.719
336     222     0.719
484     109     0.719
331     288     0.719
676     484     0.719
336     321     0.719
326     21      0.719
393     221     0.719
484     106     0.719
485     288     0.719
244     77      0.719
677     186     0.719
720     263     0.718
485     343     0.718
723     234     0.718
332     200     0.718
184     27      0.718
386     297     0.718
326     36      0.718
485     214     0.718
333     44      0.718
320     241     0.718
680     487     0.718
714     222     0.718
391     241     0.718
200     156     0.718
713     687     0.718
485     39      0.718
486     265     0.717
680     221     0.717
483     334     0.717
293     273     0.717
387     105     0.717
605     162     0.717
294     201     0.717
582     178     0.717
236     75      0.717
241     163     0.717
191     151     0.717
222     75      0.717
487     220     0.717
266     196     0.717
336     302     0.717
185     9       0.717