Prediction Made with CORNET:
a Neural Network based method trained using Correlated Mutations,
Sequence Conservation, Predicted Secondary structure of Proteins and
Evolutionary Information.
Authors Fariselli Piero, Olmea Osvaldo, Valencia Alfonso, Rita Casadio.
This method is an extension of the two following methods

Olmea O. and Valencia A. (1997) Fold. Des. 2: S25-32.

Fariselli P and Casadio R. (1999) Prot. Engng 12:15-21

#================================================================#

PREDICTION

Couple          Reliability
i       j
421     312     0.906
405     312     0.904
380     239     0.903
110     9       0.890
381     312     0.887
329     7       0.886
311     239     0.885
329     239     0.873
426     225     0.869
380     312     0.868
109     8       0.866
409     312     0.865
229     7       0.865
285     92      0.864
421     239     0.861
329     312     0.860
381     311     0.859
421     409     0.856
14      7       0.852
421     147     0.852
409     239     0.848
111     6       0.847
421     405     0.847
426     228     0.847
307     285     0.844
311     182     0.843
108     96      0.842
127     5       0.842
230     14      0.842
381     239     0.841
418     235     0.840
327     239     0.840
329     230     0.839
421     287     0.839
387     239     0.838
421     382     0.834
427     312     0.833
109     15      0.833
405     74      0.831
229     108     0.831
421     311     0.831
424     225     0.830
109     14      0.829
314     239     0.829
109     6       0.829
329     311     0.827
329     225     0.825
230     109     0.825
230     7       0.824
421     294     0.824
421     236     0.822
355     6       0.822
380     329     0.822
230     6       0.822
382     239     0.822
230     15      0.821
409     225     0.820
382     312     0.820
409     381     0.820
96      6       0.819
421     91      0.819
421     206     0.817
426     8       0.817
235     225     0.816
96      15      0.815
239     92      0.814
228     7       0.814
229     8       0.814
425     312     0.813
409     380     0.813
329     182     0.813
422     235     0.813
311     7       0.813
380     311     0.813
21      6       0.813
230     8       0.812
108     43      0.812
289     230     0.812
229     6       0.811
111     103     0.811
409     182     0.811
312     239     0.811
329     227     0.810
329     229     0.810
359     285     0.810
420     236     0.809
229     43      0.809
356     9       0.808
225     115     0.807
424     7       0.807
395     312     0.807
109     7       0.806
416     239     0.806
329     6       0.805
229     41      0.804
356     5       0.803
230     96      0.803
421     381     0.803
329     15      0.803
94      7       0.803
229     15      0.803
229     14      0.803
406     225     0.802
312     147     0.802
404     381     0.801
229     109     0.801
378     225     0.801
108     14      0.801
425     7       0.801
422     227     0.800
96      8       0.800
409     382     0.798
421     327     0.798
329     228     0.798
311     108     0.797
409     236     0.797
96      43      0.797
232     6       0.797
108     15      0.796
109     96      0.796
108     41      0.796
289     15      0.795
421     329     0.795
381     74      0.795
421     410     0.794
239     207     0.793
405     239     0.793
233     108     0.793
108     97      0.792
96      7       0.792
327     311     0.792
95      14      0.792
387     329     0.791
408     235     0.790
406     239     0.790
94      41      0.790
103     41      0.789
396     284     0.789
426     9       0.789
381     329     0.789
95      15      0.788
334     239     0.788
230     41      0.788
428     225     0.788
380     96      0.788
307     91      0.787
387     334     0.787
359     312     0.787
111     8       0.787
407     312     0.786
307     236     0.786
421     380     0.786
395     334     0.786
421     214     0.785
111     94      0.785
182     109     0.785
95      7       0.783
289     239     0.783
312     224     0.783
96      14      0.782
229     94      0.782
229     96      0.782
428     227     0.782
307     228     0.781
380     224     0.781
96      41      0.781
405     382     0.781
426     307     0.781
111     96      0.781
381     96      0.780
116     103     0.780
387     312     0.779
405     206     0.779
425     381     0.779
387     327     0.779
327     285     0.778
230     111     0.778
426     6       0.777
427     109     0.777
15      6       0.777
308     239     0.777
228     95      0.776
94      15      0.776
359     225     0.776
424     182     0.776
423     356     0.776
233     6       0.775
311     225     0.775
103     43      0.775
41      15      0.775
424     8       0.774
423     312     0.774
380     236     0.774
428     356     0.774
228     93      0.774
311     228     0.774
409     74      0.773
108     7       0.773
230     97      0.773
308     147     0.773
289     41      0.773
421     96      0.773
382     285     0.772
404     311     0.772
380     108     0.772
327     312     0.772
395     89      0.772
230     43      0.771
359     182     0.771
116     43      0.771
394     312     0.771
416     404     0.771
232     7       0.770
311     224     0.770
285     226     0.770
421     315     0.770
360     239     0.770
425     329     0.770
422     312     0.769
228     13      0.769
380     228     0.769
381     331     0.769
420     228     0.768
424     247     0.768
228     107     0.767
228     96      0.767
182     103     0.767
421     230     0.767
182     43      0.766
421     232     0.766
386     284     0.766
239     56      0.766
307     225     0.766
421     411     0.765
289     233     0.765
239     43      0.765
228     92      0.765
285     108     0.764
232     43      0.764
43      6       0.764
312     236     0.764
424     9       0.763
233     92      0.763
424     229     0.763
329     43      0.763
289     43      0.762
285     224     0.762
111     14      0.762
421     197     0.762
358     285     0.761
383     225     0.761
415     285     0.761
228     180     0.761
425     10      0.761
426     227     0.761
398     5       0.760
421     227     0.760
426     110     0.760
427     41      0.760
416     381     0.760
309     239     0.760
228     42      0.760
380     285     0.760
116     6       0.760
382     227     0.759
228     41      0.759
97      15      0.759
289     229     0.759
386     329     0.758
15      7       0.758
355     8       0.758
239     197     0.758
108     94      0.758
421     406     0.758
395     311     0.758
425     8       0.757
379     312     0.757
427     329     0.757
427     311     0.757
228     15      0.757
424     6       0.756
380     307     0.756
381     147     0.756
231     42      0.756
329     14      0.756
421     182     0.756
425     230     0.756
16      9       0.756
345     312     0.756
233     121     0.755
15      8       0.755
393     225     0.755
229     93      0.755
311     197     0.755
329     8       0.755
387     294     0.755
43      14      0.755
427     289     0.755
229     103     0.754
228     91      0.754
311     6       0.754
359     239     0.754
230     108     0.754
285     225     0.754
416     182     0.754
426     239     0.754
111     41      0.754
97      43      0.753
425     109     0.753
416     74      0.753
239     224     0.752
94      14      0.752
230     95      0.752
422     406     0.752
109     94      0.752
405     381     0.752
109     92      0.751
93      7       0.751
427     14      0.751
427     381     0.750
312     285     0.750
425     311     0.750
108     6       0.749
380     225     0.749
232     41      0.749
110     42      0.748
420     410     0.748
294     239     0.748
228     115     0.748
334     285     0.748
231     93      0.747
225     92      0.747
425     96      0.747
103     92      0.747
422     409     0.746
43      15      0.746
334     311     0.746
382     224     0.746
381     182     0.746
404     239     0.746
409     7       0.746
116     15      0.746
311     97      0.745
294     242     0.745
307     239     0.745
427     382     0.745
428     228     0.745
109     97      0.745
422     93      0.745
356     225     0.744
97      41      0.744
395     327     0.744
355     43      0.744
110     15      0.744
422     110     0.744
230     92      0.744
404     8       0.744
228     14      0.744
380     182     0.744
94      6       0.743
230     42      0.743
378     323     0.743
409     285     0.742
327     147     0.742
427     96      0.742
233     225     0.742
182     6       0.742
93      41      0.742
421     15      0.741
409     228     0.741
425     6       0.741
424     355     0.741
228     108     0.741
427     10      0.741
20      5       0.741
421     360     0.741
386     285     0.741
285     239     0.741
332     311     0.741
381     286     0.741
421     89      0.740
424     109     0.740
289     96      0.740
116     92      0.740
288     233     0.740
382     96      0.739
386     91      0.739
108     92      0.739
225     107     0.739
405     147     0.739
108     93      0.739
239     108     0.739
21      8       0.739
312     8       0.739
234     5       0.738
327     236     0.738
111     15      0.738
421     116     0.738
232     92      0.738
380     14      0.738
422     228     0.738
421     74      0.737
307     288     0.737
231     6       0.737
415     236     0.737
421     228     0.737
109     43      0.737
422     91      0.737
427     380     0.736
311     236     0.736
425     41      0.736
387     182     0.736
427     7       0.736
331     311     0.735
95      8       0.735
381     206     0.735
231     13      0.735
231     110     0.735
433     312     0.735
229     111     0.735
233     43      0.734
97      6       0.734
233     96      0.734
380     286     0.734
387     103     0.734
404     329     0.734
422     211     0.733
380     314     0.733
355     7       0.733
426     112     0.733
226     43      0.733
94      43      0.733
121     92      0.733
182     108     0.733
420     307     0.733
311     294     0.733
286     233     0.733
286     7       0.733
97      14      0.732
110     5       0.732
43      7       0.732
92      43      0.732
380     74      0.732
426     16      0.732
433     236     0.732
182     15      0.731
228     5       0.731
422     410     0.731
420     239     0.730
225     93      0.730
408     91      0.730
229     95      0.730
181     6       0.730
229     42      0.730
109     41      0.730
427     15      0.730
423     235     0.729
400     89      0.729
233     111     0.729
427     327     0.729
121     109     0.729
294     92      0.729
227     91      0.728
422     329     0.728
239     206     0.728
398     91      0.728
307     284     0.728
421     309     0.728
421     41      0.728
115     91      0.728
311     289     0.728
427     285     0.728
114     42      0.728
231     15      0.727
286     225     0.727
116     97      0.727
386     307     0.727
395     329     0.727
227     93      0.726
380     227     0.726
358     235     0.726
41      6       0.726
113     93      0.726
409     49      0.726
382     242     0.726
226     15      0.726
312     230     0.726
16      8       0.726
92      41      0.726
333     236     0.726
434     235     0.726
312     96      0.725
327     214     0.725
230     112     0.725
231     9       0.725
311     181     0.725
42      15      0.725
419     91      0.725
288     108     0.724
395     285     0.724
329     96      0.724
420     381     0.724
424     329     0.724
111     43      0.724
95      6       0.724
110     95      0.723
382     92      0.723
329     309     0.723
359     329     0.723
359     331     0.723
329     307     0.723
292     239     0.723
42      5       0.722
427     56      0.722
409     329     0.722
421     356     0.722
386     228     0.722
408     239     0.722
290     92      0.722
355     329     0.722
408     227     0.722
421     330     0.722
233     15      0.722
420     225     0.721
226     7       0.721
312     7       0.721
415     89      0.721
427     92      0.721
289     109     0.720
334     147     0.720
21      7       0.720
395     359     0.720
239     182     0.720
426     314     0.720
311     14      0.719
423     228     0.719
426     115     0.719
285     233     0.719
311     147     0.719
427     239     0.718
230     94      0.718
382     294     0.718
286     226     0.718
421     334     0.718
378     247     0.718
312     91      0.718
427     230     0.717
286     230     0.717
228     97      0.717
410     312     0.717
286     103     0.717
286     92      0.717
328     228     0.717
428     307     0.716
359     91      0.716
108     8       0.716
330     6       0.716
289     232     0.716
409     96      0.716
285     247     0.716
229     182     0.716
409     212     0.716
42      14      0.716
433     294     0.715
309     225     0.715
314     307     0.715
292     92      0.715
405     182     0.715
121     14      0.715
239     147     0.715
381     225     0.715
423     7       0.715
387     359     0.714
288     92      0.714
289     92      0.714
181     7       0.714
311     89      0.714
232     8       0.714
14      6       0.714
356     247     0.714
423     109     0.714
424     409     0.714
420     380     0.714
228     43      0.713
399     312     0.713
228     40      0.713
385     227     0.713
327     294     0.713
410     239     0.713
314     7       0.713
182     147     0.713
289     97      0.712
236     224     0.712
424     108     0.712
329     214     0.712
426     231     0.712
181     116     0.712
410     285     0.712
329     314     0.712
115     5       0.712
420     227     0.712
308     7       0.712
116     108     0.711
228     110     0.711
380     289     0.711
228     94      0.711
103     94      0.711
230     103     0.711
396     227     0.711
394     225     0.711
416     405     0.710
312     15      0.710
420     411     0.710
224     96      0.710
424     228     0.710
358     312     0.710
288     231     0.710
117     5       0.710
430     236     0.710
428     421     0.709
311     15      0.709
424     96      0.709
408     329     0.709
311     96      0.709
360     89      0.709
230     9       0.709
287     232     0.709
308     285     0.709
312     89      0.709
355     229     0.708
329     308     0.708
330     14      0.708
380     181     0.708
422     356     0.708
427     356     0.708
97      7       0.708
97      8       0.708
409     224     0.708
380     93      0.708
378     358     0.708
289     231     0.707
360     91      0.707
294     285     0.707
426     229     0.707
239     96      0.707
311     285     0.707
425     380     0.707
433     197     0.707
286     43      0.706
251     242     0.706
182     14      0.706
121     108     0.706
426     7       0.706
183     5       0.706
121     7       0.706
332     312     0.706
231     7       0.706
103     15      0.706
393     98      0.706
427     6       0.706
356     91      0.705
422     183     0.705
411     312     0.705
307     227     0.705
93      15      0.705
416     116     0.705
360     284     0.705
327     182     0.705
398     297     0.705
292     226     0.705
288     225     0.705
329     74      0.704
288     232     0.704
421     323     0.704
329     181     0.704
380     294     0.704
425     15      0.704
329     103     0.704
380     359     0.704
239     7       0.704
233     103     0.704
329     41      0.704
382     103     0.703
289     108     0.703
327     242     0.703
421     307     0.703
16      6       0.703
405     148     0.703
182     7       0.703
226     182     0.703
419     236     0.703
380     233     0.703
386     236     0.703
423     8       0.703
387     226     0.703
226     108     0.702
387     230     0.702
395     382     0.702
232     107     0.702
242     41      0.702
355     239     0.702
380     7       0.702
404     309     0.701
381     327     0.701
423     182     0.701
354     313     0.701
360     307     0.701
294     89      0.701
233     13      0.701
406     307     0.701
108     95      0.701
231     14      0.700
110     7       0.700
380     6       0.700
425     289     0.700
426     97      0.700
228     109     0.700
395     360     0.700
292     103     0.700
420     300     0.700
421     224     0.700
411     309     0.700
425     111     0.700
426     288     0.700
421     290     0.699
289     245     0.699
228     104     0.699
421     317     0.699
329     187     0.699
286     227     0.699
409     331     0.699
22      7       0.699
421     284     0.699
236     103     0.699
286     41      0.699
398     247     0.699
422     117     0.699
239     109     0.698
409     334     0.698
409     147     0.698
314     182     0.698
420     235     0.698
226     116     0.698
427     214     0.698
121     96      0.698
114     92      0.698
334     56      0.698
307     235     0.698
110     14      0.698
355     10      0.697
406     247     0.697
307     289     0.697
284     227     0.697
314     230     0.697
380     109     0.697
239     103     0.696
380     360     0.696
359     308     0.696
421     395     0.696
382     359     0.696
381     330     0.695
358     91      0.695
43      8       0.695
327     49      0.695
93      42      0.695
231     8       0.695
386     308     0.695
116     10      0.695
110     6       0.695
288     228     0.694
425     95      0.694
424     314     0.694
355     225     0.694
419     284     0.694
314     225     0.694
348     225     0.694
409     89      0.694
428     239     0.694
288     42      0.694
424     15      0.694
229     121     0.694
425     103     0.693
294     236     0.693
422     182     0.693
233     182     0.693
386     313     0.693
314     91      0.693
182     92      0.693
424     14      0.693
329     22      0.693
381     197     0.693
337     284     0.693
239     89      0.692
386     239     0.692
389     284     0.692
289     14      0.692
446     236     0.692
421     103     0.692
421     49      0.692
226     109     0.692
285     41      0.692
427     409     0.692
387     229     0.692
242     92      0.692
109     42      0.691
409     116     0.691
427     121     0.691
236     89      0.691
224     108     0.691
411     329     0.690
420     285     0.690
312     225     0.690
433     285     0.690
181     8       0.690
285     232     0.690
121     103     0.690
292     233     0.690
398     376     0.690
387     227     0.690
416     382     0.690
225     91      0.689
421     21      0.689
424     112     0.689
426     108     0.689
231     95      0.689
294     245     0.689
419     312     0.689
415     383     0.689
382     329     0.689
314     294     0.689
425     409     0.689
382     327     0.689
422     311     0.689
329     294     0.688
408     115     0.688
354     285     0.688
355     227     0.688
114     93      0.688
403     247     0.688
416     197     0.688
358     115     0.688
409     311     0.688
427     242     0.688
360     285     0.688
233     41      0.687
287     224     0.687
405     360     0.687
432     236     0.687
387     315     0.687
424     116     0.687
426     247     0.687
122     92      0.687
289     227     0.687
394     380     0.687
427     236     0.686
236     148     0.686
426     380     0.686
311     233     0.686
398     180     0.686
242     230     0.686
382     289     0.686
116     41      0.686
307     92      0.686
385     327     0.686
380     121     0.686
285     241     0.686
116     109     0.686
382     230     0.686
121     93      0.686
381     236     0.685
225     127     0.685
307     89      0.685
121     43      0.685
329     94      0.685
387     300     0.685
334     294     0.685
395     242     0.685
380     116     0.685
359     108     0.685
421     285     0.685
356     228     0.685
285     245     0.685
430     299     0.684
421     338     0.684
359     272     0.684
396     91      0.684
232     103     0.684
239     226     0.683
409     108     0.683
309     6       0.683
427     411     0.683
411     239     0.683
380     240     0.683
426     13      0.683
427     224     0.683
42      7       0.682
409     307     0.682
416     236     0.682
111     97      0.682
287     7       0.682