Prediction Made with CORNET:
a Neural Network based method trained using Correlated Mutations,
Sequence Conservation, Predicted Secondary structure of Proteins and
Evolutionary Information.
Authors Fariselli Piero, Olmea Osvaldo, Valencia Alfonso, Rita Casadio.
This method is an extension of the two following methods

Olmea O. and Valencia A. (1997) Fold. Des. 2: S25-32.

Fariselli P and Casadio R. (1999) Prot. Engng 12:15-21

#================================================================#

PREDICTION

Couple          Reliability
i       j
297     30      0.925
301     32      0.903
321     163     0.900
297     32      0.884
297     13      0.877
300     32      0.874
321     241     0.870
321     286     0.864
297     163     0.860
321     140     0.858
301     35      0.855
301     34      0.851
321     135     0.847
297     34      0.843
92      30      0.842
163     35      0.841
300     13      0.838
297     35      0.836
297     92      0.835
301     30      0.835
163     69      0.833
163     116     0.831
301     163     0.831
321     250     0.828
134     69      0.826
163     85      0.825
321     13      0.824
321     25      0.823
163     13      0.821
319     163     0.819
321     134     0.817
163     98      0.815
297     241     0.814
389     214     0.814
385     10      0.814
163     92      0.814
297     69      0.812
25      13      0.810
297     244     0.809
301     13      0.809
321     244     0.808
300     30      0.808
301     129     0.805
321     30      0.804
92      32      0.804
163     134     0.803
32      13      0.803
300     286     0.802
300     134     0.801
212     134     0.800
300     163     0.799
34      13      0.799
320     162     0.799
222     132     0.798
163     125     0.798
321     300     0.798
301     134     0.796
300     92      0.795
29      14      0.795
300     34      0.795
289     132     0.794
321     113     0.793
301     14      0.793
300     35      0.791
162     137     0.791
163     129     0.790
297     15      0.790
321     69      0.789
286     163     0.788
212     132     0.788
385     69      0.786
320     12      0.786
33      13      0.786
220     132     0.785
93      35      0.785
215     163     0.784
297     132     0.784
300     129     0.783
321     213     0.783
289     163     0.782
319     69      0.780
163     46      0.779
300     213     0.779
297     140     0.778
288     163     0.777
30      15      0.774
321     92      0.773
297     250     0.772
299     32      0.771
30      13      0.771
301     69      0.771
35      14      0.770
287     162     0.770
31      14      0.770
92      34      0.770
301     113     0.769
321     65      0.769
301     195     0.766
212     129     0.766
321     131     0.766
92      13      0.765
301     135     0.765
319     134     0.764
163     50      0.764
285     212     0.763
301     33      0.763
301     212     0.762
32      15      0.762
321     129     0.761
24      13      0.761
129     69      0.760
36      15      0.760
301     213     0.757
319     289     0.757
319     132     0.756
304     134     0.756
132     46      0.755
69      62      0.754
320     29      0.754
24      14      0.753
301     241     0.753
304     297     0.752
300     69      0.750
214     12      0.750
300     212     0.750
160     129     0.750
297     25      0.750
297     113     0.750
318     98      0.748
93      29      0.748
304     163     0.747
297     134     0.747
301     223     0.746
134     125     0.746
301     46      0.745
301     25      0.744
35      13      0.744
179     132     0.744
160     134     0.743
134     113     0.743
36      13      0.743
132     113     0.743
300     33      0.743
93      33      0.742
296     162     0.742
162     14      0.741
304     289     0.741
301     215     0.740
163     84      0.740
321     130     0.739
321     132     0.739
296     31      0.738
300     15      0.738
92      15      0.738
385     220     0.737
212     140     0.737
321     32      0.737
298     14      0.736
300     132     0.736
134     46      0.735
91      29      0.735
297     36      0.735
319     212     0.735
316     69      0.735
316     140     0.734
163     10      0.734
163     113     0.733
301     289     0.733
259     140     0.732
297     131     0.732
296     29      0.731
300     62      0.731
154     125     0.730
132     69      0.730
34      15      0.730
163     34      0.729
298     35      0.729
301     286     0.728
320     289     0.728
289     214     0.728
301     259     0.727
163     15      0.727
297     31      0.727
160     135     0.726
299     30      0.726
319     129     0.726
163     138     0.725
154     113     0.725
245     132     0.725
385     116     0.724
383     221     0.723
154     129     0.723
32      14      0.723
163     32      0.723
285     213     0.721
298     31      0.721
222     46      0.720
302     35      0.720
32      25      0.720
222     129     0.720
321     155     0.720
212     69      0.719
285     163     0.719
296     12      0.719
94      14      0.719
301     250     0.718
289     220     0.718
321     288     0.718
93      12      0.717
300     288     0.717
321     138     0.717
303     35      0.717
318     131     0.717
213     69      0.716
318     104     0.716
297     85      0.716
297     246     0.716
218     27      0.715
321     285     0.715
321     297     0.715
163     154     0.715
289     27      0.715
160     69      0.715
25      10      0.714
321     34      0.714
244     125     0.714
220     134     0.713
301     125     0.713
305     27      0.713
297     33      0.713
300     289     0.712
301     70      0.712
307     162     0.712
336     46      0.712
215     140     0.711
321     289     0.711
300     135     0.710
299     34      0.709
398     163     0.709
308     163     0.709
297     286     0.709
25      15      0.708
69      32      0.708
212     68      0.708
291     163     0.708
256     140     0.708
304     213     0.708
24      15      0.707
140     129     0.707
320     163     0.706
160     10      0.706
163     62      0.706
298     32      0.705
303     32      0.705
154     140     0.705
321     17      0.705
319     220     0.704
299     35      0.704
321     195     0.704
286     69      0.704
163     151     0.703
297     116     0.703
301     132     0.703
301     15      0.703
319     285     0.702
300     46      0.702
222     212     0.702
214     132     0.702
300     195     0.702
375     289     0.701
318     132     0.701
384     214     0.701
240     69      0.701
290     13      0.701
91      35      0.701
163     135     0.701
213     163     0.701
289     113     0.701
375     12      0.700
297     98      0.699
285     27      0.699
385     321     0.699
321     212     0.699
301     154     0.699
132     116     0.698
321     240     0.698
134     70      0.698
163     90      0.698
336     125     0.697
132     65      0.697
297     135     0.697
303     14      0.697
289     69      0.697
301     276     0.696
189     30      0.696
289     212     0.696
308     287     0.695
297     129     0.695
321     151     0.695
292     27      0.695
385     250     0.694
321     121     0.694
300     244     0.694
398     250     0.693
320     16      0.693
163     25      0.693
163     68      0.693
301     36      0.693
321     266     0.693
263     65      0.692
98      13      0.692
321     304     0.692
298     29      0.692
301     31      0.692
189     140     0.691
92      36      0.691
300     230     0.691
297     65      0.690
301     275     0.690
301     92      0.689
220     69      0.689
46      32      0.689
124     46      0.689
285     134     0.689
321     116     0.688
285     245     0.688
212     180     0.687
300     246     0.687
212     46      0.687
289     10      0.687
300     241     0.687
215     13      0.686
302     33      0.686
321     85      0.686
69      34      0.686
385     230     0.686
297     101     0.686
316     134     0.685
385     132     0.685
316     116     0.685
23      12      0.684
297     105     0.684
300     154     0.684
289     166     0.683
140     62      0.683
385     354     0.683
297     195     0.683
304     13      0.683
301     214     0.682
316     132     0.682
33      15      0.682
220     27      0.682
301     140     0.681
259     134     0.681
301     244     0.681
301     65      0.681
299     33      0.681
300     31      0.680
287     24      0.680
375     27      0.680
294     27      0.680
308     132     0.679
300     214     0.679
297     46      0.679
301     256     0.679
212     135     0.679
301     245     0.679
289     155     0.679
69      53      0.679
163     132     0.679
290     98      0.679
321     308     0.679
166     10      0.679
319     105     0.679
95      13      0.679
92      35      0.678
297     289     0.678
289     13      0.678
295     163     0.678
263     140     0.678
301     85      0.678
222     195     0.678
263     250     0.677
129     32      0.677
301     62      0.677
319     13      0.677
121     69      0.677
319     222     0.677
297     84      0.676
300     113     0.676
316     289     0.676
94      13      0.676
303     93      0.676
316     195     0.676
385     154     0.676
289     129     0.675
304     25      0.675
154     69      0.675
300     131     0.675
321     122     0.675
62      30      0.674
220     140     0.674
286     32      0.674
300     65      0.674
395     132     0.674
95      35      0.673
281     125     0.673
163     94      0.673
321     154     0.673
298     34      0.673
320     31      0.672
93      31      0.672
316     129     0.672
308     286     0.672
395     69      0.672
333     301     0.672
321     230     0.672
225     34      0.672
321     46      0.671
318     13      0.671
36      24      0.671
321     70      0.670
160     140     0.670
321     210     0.670
213     140     0.670
286     134     0.669
289     213     0.669
31      13      0.669
163     95      0.669
263     134     0.668
354     32      0.668
384     296     0.668
225     32      0.668
25      14      0.668
301     68      0.668
319     160     0.667
94      35      0.667
381     321     0.667
390     375     0.667
129     68      0.667
94      34      0.667
159     89      0.667
321     226     0.667
320     285     0.667
321     196     0.667
220     129     0.667
134     7       0.667
318     221     0.666
49      34      0.666
220     7       0.666
129     46      0.666
154     46      0.665
301     98      0.665
296     16      0.665
134     121     0.665
301     281     0.665
220     195     0.664
297     29      0.664
296     289     0.664
289     245     0.664
289     35      0.664
383     214     0.663
301     93      0.663
308     27      0.663
212     53      0.663
385     253     0.663
134     124     0.663
240     140     0.663
263     69      0.663
140     46      0.662
212     154     0.662
321     309     0.662
220     212     0.662
244     233     0.662
146     30      0.662
215     132     0.661
321     15      0.661
195     32      0.661
318     89      0.661
301     288     0.661
301     124     0.661
289     14      0.661
253     69      0.661
389     221     0.661
321     161     0.661
301     130     0.661
33      25      0.661
300     215     0.660
294     132     0.660
100     25      0.660
96      25      0.660
69      46      0.659
132     85      0.659
218     160     0.659
291     160     0.659
321     215     0.658
166     135     0.658
385     113     0.658
321     301     0.658
319     304     0.658
285     69      0.658
298     33      0.657
301     28      0.657
297     222     0.657
300     240     0.657
336     301     0.657
212     131     0.657
212     121     0.657
321     101     0.657
290     12      0.657
256     180     0.656
37      28      0.656
319     62      0.656
297     240     0.656
320     102     0.656
216     27      0.656
300     36      0.656
336     129     0.656
166     98      0.656
263     241     0.656
318     187     0.655
385     297     0.655
27      13      0.655
321     24      0.655
321     166     0.655
154     132     0.655
319     10      0.654
134     10      0.654
25      12      0.654
297     186     0.654
384     11      0.654
289     140     0.654
220     62      0.654
385     289     0.654
92      28      0.654
222     69      0.653
303     163     0.653
297     212     0.653
212     10      0.652
263     229     0.652
301     161     0.652
215     69      0.652
301     97      0.652
304     285     0.652
319     25      0.651
285     97      0.651
308     25      0.651
212     25      0.651
233     140     0.651
321     23      0.651
286     132     0.650
316     125     0.650
285     135     0.650
29      13      0.650
321     98      0.650
385     98      0.650
233     212     0.650
297     215     0.650
195     132     0.649
321     11      0.649
297     198     0.649
296     35      0.649
129     113     0.648
308     17      0.648
318     213     0.648
398     129     0.648
304     32      0.648
124     62      0.648
195     34      0.648
297     287     0.648
49      13      0.648
132     98      0.647
62      35      0.647
256     32      0.647
138     131     0.647
159     131     0.647
34      14      0.647
319     297     0.647
299     92      0.647
189     34      0.647
65      13      0.647
69      50      0.647
301     95      0.646
189     32      0.646
295     288     0.646
146     32      0.646
308     214     0.646
35      25      0.646
319     32      0.646
221     134     0.646
289     134     0.646
230     32      0.645
303     33      0.645
316     62      0.645
321     68      0.645
244     180     0.645
163     147     0.645
213     113     0.644
285     214     0.644
302     13      0.644
90      25      0.644
298     93      0.644
125     30      0.644
94      15      0.644
318     16      0.644
97      16      0.644
303     289     0.643
132     125     0.643
132     124     0.643
321     303     0.643
319     300     0.643
285     14      0.643
62      32      0.643
96      35      0.643
213     46      0.643
390     214     0.643
215     116     0.643
308     69      0.643
134     32      0.643
132     32      0.643
320     24      0.642
285     131     0.642
286     13      0.642
300     125     0.642
256     213     0.642
299     31      0.642
164     13      0.642
163     105     0.642
319     135     0.642
46      30      0.642
321     220     0.642
131     69      0.642
225     69      0.641
230     132     0.641
226     34      0.641
381     131     0.641
213     129     0.641
300     256     0.640
319     233     0.640
240     32      0.640
263     113     0.640
303     34      0.640
140     125     0.640
318     127     0.640
319     154     0.639
35      15      0.639
124     70      0.639
138     113     0.639
320     25      0.639
304     286     0.639
289     15      0.639
385     129     0.639
215     30      0.639
298     30      0.638
385     226     0.638
288     28      0.638
304     212     0.638
297     94      0.638
160     27      0.638
212     65      0.638
195     134     0.637
132     122     0.637
93      13      0.637
256     244     0.637
218     54      0.637
304     215     0.637
195     69      0.637
290     15      0.637
321     36      0.637
300     29      0.637
289     131     0.637
33      14      0.636
244     69      0.636
163     70      0.636
256     154     0.636
308     97      0.636
27      10      0.636
212     32      0.636
300     277     0.636
46      34      0.635
256     129     0.635
101     92      0.635
37      14      0.635
215     35      0.635
321     125     0.635
164     14      0.635
300     222     0.634
97      13      0.634
301     94      0.634
225     132     0.634
186     140     0.634
280     140     0.634
280     132     0.634
299     163     0.634
225     134     0.634
92      69      0.634
151     30      0.634
276     256     0.634
37      25      0.634
302     15      0.633
303     28      0.633
318     222     0.633
380     27      0.633
151     69      0.633
321     103     0.633
222     7       0.633
266     69      0.632
303     92      0.632
125     69      0.632
304     92      0.632
244     13      0.632
163     29      0.632
222     213     0.632
321     162     0.632
375     42      0.632
195     53      0.632
298     28      0.632
319     15      0.632
285     132     0.632
318     35      0.631
319     140     0.631
92      25      0.631
212     133     0.631
212     195     0.631
212     113     0.631
291     10      0.631
299     13      0.631
304     15      0.630
320     132     0.630
304     131     0.630
222     134     0.630
318     286     0.630
222     62      0.630
164     93      0.630
300     260     0.630
297     154     0.630
383     132     0.630
163     12      0.630
320     35      0.630
304     30      0.629
222     125     0.629
319     288     0.629
121     113     0.629
134     62      0.629
212     124     0.629
212     125     0.629
220     54      0.628
297     249     0.628
285     195     0.628
321     28      0.628
277     32      0.628
159     104     0.628
233     129     0.628
336     32      0.627
304     166     0.627
91      31      0.627
318     220     0.627
289     135     0.627
140     69      0.627
357     301     0.627
321     10      0.627
302     32      0.627
124     69      0.627
96      13      0.626
320     32      0.626
302     92      0.626
213     132     0.626
162     13      0.626
318     289     0.626
285     220     0.626
69      7       0.626
320     286     0.625
307     289     0.625
298     288     0.625
249     62      0.625
163     53      0.625
219     131     0.625
300     50      0.625
318     212     0.624
384     289     0.624
256     132     0.624
166     134     0.624
195     116     0.624
116     62      0.624
316     285     0.624
385     212     0.624
287     16      0.624
291     69      0.624
62      34      0.623
289     36      0.623
300     98      0.623
388     287     0.623
308     101     0.623
163     121     0.623
325     113     0.622
213     135     0.622
240     135     0.622
304     95      0.622