Prediction Made with CORNET:
a Neural Network based method trained using Correlated Mutations,
Sequence Conservation, Predicted Secondary structure of Proteins and
Evolutionary Information.
Authors Fariselli Piero, Olmea Osvaldo, Valencia Alfonso, Rita Casadio.
This method is an extension of the two following methods

Olmea O. and Valencia A. (1997) Fold. Des. 2: S25-32.

Fariselli P and Casadio R. (1999) Prot. Engng 12:15-21

#================================================================#

PREDICTION

Couple          Reliability
i       j
313     271     0.861
314     271     0.824
311     207     0.819
313     99      0.818
311     104     0.818
207     104     0.817
203     104     0.807
314     209     0.799
313     104     0.798
314     104     0.795
311     99      0.794
313     102     0.792
310     99      0.791
322     271     0.790
311     271     0.788
314     207     0.785
312     104     0.778
203     102     0.776
337     282     0.775
337     264     0.772
207     102     0.764
311     209     0.763
314     99      0.763
335     259     0.761
114     104     0.760
416     103     0.758
334     267     0.757
271     88      0.756
311     203     0.755
310     208     0.754
207     101     0.754
337     275     0.752
335     267     0.751
311     105     0.750
313     35      0.748
313     208     0.747
311     101     0.747
203     99      0.746
337     267     0.746
208     99      0.746
339     270     0.745
312     271     0.743
339     271     0.737
314     203     0.736
209     99      0.735
203     97      0.734
103     36      0.733
310     209     0.732
313     209     0.731
311     88      0.731
313     203     0.730
102     37      0.729
310     207     0.729
337     270     0.728
282     88      0.727
311     102     0.727
97      88      0.726
104     35      0.726
313     103     0.725
311     37      0.724
311     35      0.724
207     99      0.724
312     99      0.724
313     101     0.723
271     104     0.723
312     207     0.722
313     37      0.721
99      88      0.720
113     98      0.718
114     102     0.718
334     273     0.716
310     271     0.716
310     270     0.715
313     207     0.715
271     264     0.712
416     314     0.712
311     208     0.712
311     114     0.711
282     180     0.711
271     259     0.709
208     104     0.709
311     273     0.708
208     103     0.708
337     88      0.707
335     273     0.707
102     35      0.707
314     269     0.706
104     37      0.705
114     99      0.705
99      35      0.703
310     102     0.703
322     88      0.701
313     100     0.700
310     101     0.699
312     37      0.698
270     106     0.698
313     114     0.696
104     88      0.696
308     271     0.695
314     102     0.695
312     35      0.695
311     100     0.695
314     88      0.695
311     205     0.695
337     329     0.694
313     36      0.694
103     32      0.694
310     104     0.693
203     114     0.692
310     203     0.691
416     270     0.691
314     101     0.691
106     98      0.690
313     259     0.690
259     88      0.690
332     270     0.689
207     37      0.689
334     88      0.689
311     33      0.689
114     97      0.688
203     105     0.687
101     35      0.686
416     207     0.685
311     204     0.684
310     206     0.684
314     114     0.683
282     259     0.682
209     114     0.682
311     268     0.680
268     88      0.679
312     103     0.679
314     39      0.679
113     106     0.679
312     102     0.679
339     282     0.679
203     115     0.679
337     284     0.677
311     206     0.677
310     272     0.677
310     268     0.676
415     270     0.676
208     37      0.676
312     36      0.676
104     34      0.676
345     88      0.675
345     267     0.675
314     115     0.675
206     100     0.675
322     270     0.674
337     310     0.674
100     36      0.674
102     36      0.673
312     100     0.673
310     113     0.673
312     101     0.672
416     310     0.672
205     104     0.672
417     313     0.672
314     37      0.672
415     314     0.672
206     99      0.672
313     205     0.671
209     104     0.671
99      37      0.671
314     204     0.671
412     270     0.670
113     105     0.670
313     113     0.670
204     101     0.670
104     36      0.669
259     180     0.669
203     88      0.669
313     270     0.669
309     270     0.668
416     313     0.667
103     38      0.666
271     209     0.666
417     314     0.666
114     105     0.666
203     113     0.666
311     36      0.665
101     37      0.665
204     104     0.664
312     203     0.664
205     101     0.663
339     267     0.663
114     98      0.663
310     39      0.663
416     38      0.662
207     35      0.662
101     36      0.662
121     88      0.662
414     270     0.662
282     270     0.661
360     335     0.661
113     103     0.661
314     28      0.661
312     204     0.660
270     89      0.660
313     88      0.660
270     259     0.660
333     264     0.660
311     270     0.659
312     209     0.659
340     208     0.659
209     105     0.658
104     28      0.658
203     35      0.658
337     180     0.657
310     100     0.657
308     268     0.657
208     35      0.656
204     102     0.656
204     105     0.656
209     88      0.656
313     204     0.656
313     38      0.655
209     101     0.655
415     99      0.655
313     34      0.655
311     115     0.655
208     101     0.654
115     105     0.654
35      28      0.654
314     259     0.654
339     88      0.653
313     206     0.653
415     271     0.653
311     34      0.653
113     99      0.653
270     104     0.652
334     282     0.652
208     34      0.652
103     35      0.652
99      39      0.652
314     270     0.651
310     105     0.651
360     334     0.651
208     102     0.651
313     39      0.650
417     270     0.650
102     28      0.650
311     28      0.649
270     263     0.649
417     28      0.649
339     273     0.649
322     273     0.648
341     271     0.648
208     113     0.648
102     39      0.648
273     102     0.647
209     113     0.646
415     35      0.646
308     259     0.645
37      28      0.645
114     101     0.645
209     98      0.645
206     32      0.645
270     98      0.644
310     88      0.644
203     37      0.644
282     209     0.644
267     180     0.643
39      28      0.643
203     28      0.643
267     259     0.643
340     271     0.643
311     103     0.643
207     36      0.643
282     273     0.642
205     99      0.642
268     209     0.642
202     98      0.642
335     282     0.642
322     308     0.641
115     98      0.641
282     271     0.641
312     270     0.641
313     98      0.641
104     33      0.640
207     103     0.640
340     209     0.640
209     115     0.640
416     311     0.640
339     310     0.639
354     88      0.639
308     270     0.639
339     104     0.638
270     203     0.638
313     28      0.638
337     273     0.637
273     259     0.637
310     28      0.637
417     203     0.637
105     37      0.637
337     330     0.637
209     102     0.637
270     181     0.636
333     282     0.636
203     101     0.636
345     259     0.636
417     99      0.635
115     99      0.635
208     98      0.635
207     33      0.634
100     38      0.634
331     282     0.634
382     282     0.633
334     270     0.633
345     331     0.633
337     271     0.633
105     36      0.633
339     209     0.633
313     268     0.632
204     99      0.632
308     267     0.632
273     88      0.632
273     209     0.632
333     88      0.631
209     97      0.631
204     37      0.630
335     88      0.630
310     37      0.630
314     35      0.630
271     203     0.630
322     282     0.629
113     104     0.629
206     102     0.629
345     322     0.629
417     311     0.629
417     37      0.628
271     114     0.628
207     105     0.628
207     114     0.628
312     34      0.628
270     88      0.627
416     36      0.627
322     259     0.627
282     264     0.627
312     114     0.627
417     104     0.627
206     104     0.626
311     267     0.626
330     259     0.626
417     310     0.626
115     97      0.626
105     28      0.626
267     87      0.625
349     310     0.625
205     100     0.625
282     267     0.625
207     100     0.625
282     255     0.625
311     259     0.625
337     255     0.624
314     282     0.624
339     203     0.623
310     114     0.623
330     282     0.623
208     100     0.623
314     208     0.623
309     209     0.623
322     97      0.623
209     28      0.622
204     98      0.622
312     208     0.622
415     104     0.622
339     268     0.622
354     334     0.622
322     209     0.622
203     39      0.621
310     36      0.621
208     114     0.621
413     270     0.621
334     259     0.621
416     101     0.621
331     270     0.621
271     77      0.621
271     180     0.621
335     264     0.621
312     39      0.621
416     113     0.620
101     88      0.620
340     270     0.620
314     36      0.620
115     28      0.620
282     217     0.619
113     101     0.619
417     208     0.619
374     271     0.619
322     267     0.618
339     314     0.618
103     33      0.618
337     259     0.618
322     268     0.618
335     322     0.618
417     207     0.618
330     270     0.618
102     34      0.617
415     39      0.617
114     37      0.617
311     98      0.616
270     207     0.616
115     39      0.616
312     269     0.616
314     105     0.616
345     268     0.616
312     115     0.615
98      38      0.615
416     98      0.614
97      28      0.614
416     33      0.614
314     268     0.614
417     102     0.614
341     209     0.614
268     180     0.614
204     114     0.613
314     100     0.613
416     209     0.613
417     209     0.613
416     208     0.612
282     275     0.612
205     113     0.611
312     105     0.611
312     106     0.611
206     37      0.611
310     273     0.610
313     115     0.610
312     98      0.610
310     115     0.610
360     267     0.610
112     104     0.609
417     271     0.609
115     104     0.609
39      27      0.609
415     312     0.609
314     31      0.608
416     99      0.608
209     36      0.608
209     37      0.608
101     34      0.607
333     181     0.607
315     202     0.607
205     102     0.607
322     264     0.607
310     98      0.607
354     310     0.607
282     268     0.607
415     102     0.607
207     98      0.606
314     205     0.606
105     98      0.606
206     113     0.606
271     99      0.605
203     106     0.605
113     102     0.605
209     39      0.605
308     274     0.605
272     103     0.605
104     31      0.605
348     310     0.605
282     181     0.604
313     31      0.604
311     269     0.604
416     35      0.604
312     38      0.603
417     206     0.603
114     100     0.603
415     313     0.602
282     232     0.601
311     38      0.601
314     98      0.601
310     202     0.601
99      77      0.601
114     39      0.601
114     106     0.600
204     36      0.600
308     275     0.600
414     310     0.600
312     205     0.600
270     105     0.600
308     88      0.599
415     37      0.598
100     34      0.598
314     206     0.598
259     252     0.598
340     310     0.598
103     34      0.597
341     114     0.597
112     97      0.597
204     39      0.597
102     31      0.597
310     204     0.596
416     102     0.596
312     206     0.596
354     273     0.596
312     28      0.596
313     105     0.595
267     104     0.595
105     35      0.595
270     209     0.595
314     273     0.595
208     105     0.595
345     273     0.595
345     337     0.594
267     88      0.594
416     271     0.594
100     35      0.594
205     114     0.593
39      31      0.593
99      36      0.593
416     312     0.593
114     107     0.593
311     97      0.592
273     104     0.592
418     113     0.592
313     97      0.592
97      39      0.592
414     100     0.592
417     39      0.591
207     115     0.591
206     101     0.591
113     100     0.591
309     273     0.591
417     312     0.590
311     39      0.590
311     113     0.590
331     271     0.590
416     28      0.590
348     331     0.590
282     252     0.590
339     259     0.590
310     267     0.589
348     209     0.589
103     37      0.589
313     33      0.589
202     106     0.589
331     268     0.589
207     38      0.589
314     33      0.589
354     267     0.588
314     275     0.588
332     267     0.588
418     204     0.588
354     335     0.587
98      36      0.587
417     267     0.587
209     35      0.587
382     273     0.586
204     103     0.586
270     99      0.586
99      34      0.586
270     180     0.585
337     169     0.585
100     37      0.585
209     112     0.585
267     231     0.585
355     180     0.585
208     28      0.585
314     38      0.585
322     181     0.584
341     203     0.584
355     203     0.584
114     88      0.584
339     330     0.583
330     180     0.583
337     181     0.583
354     270     0.583
209     106     0.583
415     310     0.582
417     27      0.582
206     105     0.582
310     32      0.582
333     267     0.582
208     36      0.582
207     88      0.582
311     202     0.581
311     272     0.581
310     89      0.581
417     88      0.581
36      28      0.581
355     273     0.581
340     104     0.581
414     104     0.581
414     103     0.581
115     101     0.581
310     35      0.580
277     270     0.580
330     271     0.580
104     38      0.580
271     102     0.580
203     98      0.580
99      31      0.580
114     31      0.580
270     39      0.579
102     38      0.579
270     115     0.578
331     88      0.578
101     38      0.578
330     88      0.578
310     97      0.578
413     39      0.578
310     269     0.578
348     271     0.578
311     180     0.577
313     267     0.577
313     112     0.577
340     99      0.577
337     297     0.577
322     114     0.576
341     202     0.576
416     203     0.576
382     88      0.576
207     113     0.576
310     106     0.576
208     39      0.575
336     270     0.575
315     113     0.575
418     100     0.575
311     32      0.575
345     310     0.575
416     206     0.575
415     34      0.574
207     34      0.574
308     264     0.574
204     35      0.574
313     269     0.574
340     311     0.574
416     37      0.574
282     248     0.573
112     98      0.573
337     269     0.573
204     34      0.573
311     30      0.573
340     203     0.573
327     270     0.572
113     88      0.572
340     98      0.572
382     335     0.572
415     203     0.572
310     103     0.572
206     98      0.571
308     97      0.571
337     209     0.571
322     314     0.571
341     270     0.571
205     115     0.571
345     282     0.570
259     104     0.570
271     168     0.570
315     272     0.570
333     259     0.570
264     180     0.570
330     264     0.570
271     207     0.570
416     339     0.570
415     105     0.569
203     100     0.569
114     35      0.569
98      32      0.569
413     310     0.569
282     173     0.569
39      32      0.569
309     269     0.568
113     97      0.568
340     313     0.568
335     258     0.568
208     115     0.568
209     202     0.567
345     209     0.567
330     322     0.567
416     104     0.567
207     28      0.567
327     267     0.566
203     36      0.566
106     28      0.566
310     38      0.566
282     176     0.566
313     32      0.566
263     181     0.565
348     314     0.565
103     88      0.565
341     273     0.565
312     113     0.565
114     36      0.565
102     33      0.565
340     207     0.565
315     98      0.565
416     105     0.564
339     106     0.564
267     209     0.564
340     202     0.564
414     113     0.564
209     100     0.564
335     275     0.564
415     103     0.563
314     267     0.563
270     103     0.563
311     282     0.563
339     313     0.563
352     310     0.563
267     73      0.562
314     202     0.562
204     28      0.562
338     271     0.562
337     77      0.562
313     106     0.562
112     99      0.562
309     98      0.561
315     32      0.561
416     114     0.561
275     264     0.561
355     282     0.561
418     311     0.561
354     209     0.561
207     39      0.561
267     173     0.561
338     270     0.561
413     271     0.561
99      28      0.560
519     267     0.560
106     99      0.560
382     180     0.560
313     282     0.560
205     98      0.560
418     32      0.560
203     180     0.559
415     114     0.559
314     77      0.559
314     103     0.559
105     39      0.559
334     284     0.558
208     38      0.558
330     273     0.558
322     265     0.558
271     74      0.557
418     310     0.557
311     275     0.557
99      33      0.557
337     73      0.557
339     322     0.557
309     106     0.557
335     270     0.557
417     113     0.557
339     181     0.556
207     106     0.556
352     331     0.556
333     209     0.556
203     90      0.556
416     100     0.556
113     39      0.555
360     330     0.555
114     28      0.555
335     173     0.555
314     113     0.554
345     330     0.554
282     269     0.554
355     335     0.554
314     112     0.554
259     77      0.554
310     29      0.554
264     255     0.553
181     88      0.553
264     252     0.553
345     335     0.553
413     203     0.553
310     33      0.553
336     181     0.553
121     28      0.553
206     34      0.552
354     271     0.552
105     32      0.551
360     282     0.551
334     268     0.551
309     207     0.551
337     262     0.551
354     345     0.551
314     97      0.551
104     39      0.551
360     284     0.551
417     334     0.551
310     205     0.550
282     104     0.550
270     28      0.550
202     105     0.550
384     282     0.550
209     103     0.550
416     32      0.550
271     248     0.550
105     38      0.549
354     309     0.549
354     272     0.549
209     38      0.549
317     270     0.549
413     311     0.549
334     310     0.549
297     99      0.549
417     339     0.548
274     181     0.548
297     259     0.548
204     113     0.548
180     88      0.548
269     88      0.548
259     217     0.548
322     121     0.548
412     310     0.548
203     34      0.548
418     115     0.548
259     232     0.547
205     106     0.547
114     27      0.547
121     99      0.547
315     203     0.547
268     259     0.547
116     98      0.547
282     102     0.547
345     334     0.546
333     270     0.546
115     35      0.546
38      28      0.546
333     322     0.546
205     103     0.546
271     28      0.546
203     27      0.546
209     31      0.545
332     266     0.545
351     270     0.545
334     263     0.545
415     28      0.545
348     270     0.545
105     34      0.545
100     33      0.545
98      33      0.544
115     27      0.544
414     204     0.544
114     38      0.544
334     180     0.544
354     268     0.543
308     282     0.543
210     202     0.543
282     168     0.543
273     97      0.543
354     202     0.542
282     174     0.542
314     106     0.542
259     165     0.542
416     27      0.542
416     340     0.542
270     116     0.542
312     32      0.541
271     91      0.541
417     340     0.541
314     34      0.541
297     282     0.541
205     32      0.541
205     36      0.541
334     209     0.541
327     88      0.541
354     322     0.540
345     333     0.540
330     267     0.540
203     91      0.540
339     105     0.540
352     270     0.540
270     208     0.540
328     270     0.540
333     273     0.539
114     33      0.539
121     114     0.539
205     35      0.539
337     258     0.539
208     33      0.539
314     272     0.539
271     232     0.539
348     339     0.538
331     264     0.538
336     267     0.538
418     270     0.538
206     35      0.538
106     29      0.538
416     39      0.538
415     311     0.537
309     113     0.537
114     34      0.537
105     33      0.537
419     270     0.537
327     259     0.537
204     100     0.537
354     180     0.537
282     99      0.536
382     259     0.536
337     322     0.536
309     104     0.536
106     33      0.536
339     331     0.536
204     33      0.536
340     272     0.535
270     100     0.535
416     338     0.535
206     33      0.535
98      89      0.535
271     231     0.535
417     35      0.535
206     103     0.535
339     275     0.535
339     115     0.535
209     91      0.535
415     207     0.535
311     112     0.535
417     31      0.534
264     168     0.534
348     97      0.534
345     338     0.534
269     209     0.534
312     112     0.534
322     203     0.533
384     337     0.533
98      35      0.533
417     259     0.533
209     121     0.533
341     88      0.533
39      29      0.533
313     284     0.533
415     208     0.533
345     264     0.532
311     106     0.532
282     169     0.532
339     208     0.532
311     89      0.532
206     39      0.532
334     313     0.531
339     114     0.531
374     282     0.531
337     91      0.531
284     264     0.531
98      30      0.531
335     328     0.530
415     209     0.530
259     74      0.530
271     252     0.530
335     180     0.530
414     35      0.529
208     97      0.529
101     33      0.529
345     180     0.529
104     90      0.529
282     227     0.528
351     334     0.528
354     337     0.528
203     87      0.528
339     99      0.528
313     27      0.528
339     265     0.528
203     38      0.528
282     175     0.528
203     145     0.527
106     38      0.527
209     32      0.527
417     101     0.527
416     267     0.527
337     217     0.527
113     35      0.527
334     181     0.527
418     28      0.527
355     271     0.527
418     209     0.527
415     205     0.526
204     38      0.526
282     74      0.526
36      27      0.526
349     309     0.526
340     88      0.526
101     39      0.526
308     273     0.526
413     28      0.526
334     314     0.526
330     252     0.526
341     310     0.526
354     332     0.526
97      27      0.526
337     182     0.526
204     115     0.525
104     32      0.525
284     259     0.525
273     180     0.525
282     77      0.525
355     334     0.525
334     104     0.525
417     38      0.525
270     71      0.525
345     271     0.524
339     97      0.524
207     97      0.524
315     208     0.524
98      27      0.524
413     209     0.524
335     284     0.524
348     267     0.524
519     270     0.524
310     112     0.524
203     121     0.524
112     28      0.524
259     181     0.524
271     73      0.524
259     174     0.524
413     314     0.524
339     27      0.523
345     97      0.523
327     314     0.523
202     97      0.523
115     91      0.523
284     217     0.523
313     202     0.523
209     27      0.523
205     38      0.522
271     97      0.522
374     259     0.522
335     104     0.522
113     28      0.522
337     76      0.522
310     259     0.522
322     177     0.521
415     268     0.521
98      34      0.521
341     115     0.521
415     340     0.521
270     171     0.521
297     104     0.521
339     312     0.521
341     311     0.521
284     275     0.521
315     114     0.521
312     267     0.521
354     115     0.521
208     112     0.521
267     207     0.520
273     203     0.520
112     105     0.520
210     98      0.520
417     121     0.520
311     27      0.520
113     37      0.520
309     114     0.520
331     322     0.520