Prediction Made with CORNET:
a Neural Network based method trained using Correlated Mutations,
Sequence Conservation, Predicted Secondary structure of Proteins and
Evolutionary Information.
Authors Fariselli Piero, Olmea Osvaldo, Valencia Alfonso, Rita Casadio.
This method is an extension of the two following methods

Olmea O. and Valencia A. (1997) Fold. Des. 2: S25-32.

Fariselli P and Casadio R. (1999) Prot. Engng 12:15-21

#================================================================#

PREDICTION

Couple          Reliability
i       j
272     90      0.851
216     106     0.832
387     276     0.829
106     94      0.820
387     94      0.819
387     107     0.817
94      40      0.804
216     107     0.802
387     40      0.798
107     94      0.797
217     107     0.795
109     101     0.795
387     220     0.794
387     216     0.794
226     90      0.794
217     94      0.793
211     94      0.793
391     3       0.793
392     276     0.792
216     94      0.790
109     38      0.789
106     95      0.789
94      38      0.789
276     217     0.788
217     38      0.787
386     217     0.787
216     40      0.785
387     217     0.785
387     95      0.785
387     109     0.783
92      38      0.783
101     38      0.782
386     211     0.780
215     105     0.780
389     3       0.779
217     95      0.775
392     94      0.775
215     94      0.775
106     38      0.775
387     106     0.773
226     183     0.772
109     94      0.772
106     3       0.770
226     54      0.770
387     92      0.769
106     40      0.769
212     105     0.769
216     92      0.769
215     93      0.767
217     3       0.764
216     38      0.763
215     91      0.762
387     38      0.762
109     92      0.761
272     213     0.759
215     89      0.759
212     108     0.758
101     92      0.758
106     92      0.758
222     212     0.757
217     109     0.757
392     3       0.757
217     39      0.756
211     106     0.756
109     40      0.756
393     90      0.755
212     3       0.755
276     213     0.754
314     295     0.753
430     226     0.753
276     220     0.752
101     40      0.750
393     220     0.750
226     193     0.750
10      3       0.748
276     90      0.748
215     38      0.747
38      3       0.744
215     3       0.744
212     95      0.744
314     226     0.743
216     3       0.743
216     101     0.743
215     37      0.743
215     106     0.741
217     93      0.741
386     276     0.740
391     94      0.740
314     276     0.740
393     94      0.740
314     279     0.737
386     220     0.737
212     91      0.737
38      2       0.736
387     192     0.736
276     226     0.736
391     106     0.736
107     92      0.736
392     106     0.736
216     2       0.735
386     106     0.735
390     94      0.734
393     38      0.734
13      3       0.734
217     90      0.733
217     40      0.732
314     272     0.732
389     220     0.732
216     39      0.732
216     109     0.732
276     94      0.732
389     95      0.731
393     213     0.731
391     2       0.730
95      40      0.730
393     40      0.730
276     38      0.729
392     216     0.728
295     276     0.728
226     94      0.728
40      3       0.728
101     94      0.728
106     91      0.728
101     90      0.727
108     93      0.727
278     212     0.727
388     212     0.726
387     211     0.725
272     212     0.725
389     109     0.725
213     94      0.725
216     10      0.724
213     106     0.723
218     91      0.723
211     92      0.722
387     213     0.722
107     38      0.722
215     39      0.722
314     271     0.722
217     101     0.721
94      3       0.720
12      3       0.720
389     216     0.719
93      3       0.718
272     226     0.718
391     109     0.718
387     90      0.717
216     111     0.717
277     90      0.717
387     218     0.717
387     93      0.716
415     226     0.716
275     212     0.716
92      40      0.716
216     91      0.716
95      38      0.716
390     3       0.716
387     226     0.715
212     37      0.715
107     40      0.714
390     38      0.714
279     213     0.714
217     106     0.713
214     91      0.713
391     38      0.713
215     90      0.713
272     219     0.713
226     87      0.712
393     211     0.711
276     218     0.711
211     107     0.711
216     93      0.711
391     216     0.711
107     2       0.710
214     89      0.710
107     39      0.708
94      39      0.708
276     219     0.708
211     101     0.708
295     226     0.707
391     95      0.707
213     40      0.707
211     38      0.707
212     39      0.706
215     108     0.706
392     38      0.706
212     94      0.706
392     107     0.706
213     92      0.705
392     109     0.705
390     109     0.705
390     216     0.705
218     93      0.704
389     39      0.704
389     38      0.704
276     212     0.704
325     276     0.704
217     92      0.704
392     211     0.704
220     106     0.704
275     90      0.704
220     90      0.704
109     95      0.704
217     10      0.703
389     107     0.703
10      2       0.703
276     216     0.703
93      38      0.702
212     90      0.702
217     2       0.702
107     95      0.702
108     39      0.701
392     212     0.701
314     273     0.701
215     95      0.701
273     213     0.701
393     212     0.701
107     3       0.700
95      2       0.700
215     111     0.700
392     39      0.700
387     101     0.700
106     93      0.700
387     212     0.699
279     90      0.699
211     3       0.699
389     276     0.698
111     40      0.698
110     39      0.698
390     108     0.698
388     93      0.697
218     108     0.697
276     40      0.697
387     111     0.696
39      3       0.696
386     94      0.696
106     10      0.695
106     39      0.695
276     95      0.694
212     93      0.694
111     91      0.693
107     90      0.693
279     220     0.693
387     332     0.692
272     211     0.692
314     227     0.691
133     54      0.691
392     92      0.690
275     219     0.690
387     215     0.690
386     95      0.690
390     107     0.689
393     107     0.689
215     102     0.688
94      10      0.688
391     39      0.688
392     90      0.688
198     94      0.688
107     10      0.688
314     90      0.687
212     89      0.687
387     91      0.687
110     3       0.687
387     275     0.687
392     91      0.686
226     47      0.686
387     10      0.686
218     3       0.686
216     95      0.685
226     213     0.685
273     90      0.685
219     105     0.684
390     276     0.684
214     95      0.684
215     92      0.684
389     91      0.684
393     216     0.683
275     106     0.683
389     106     0.683
387     3       0.683
389     218     0.683
276     214     0.682
295     211     0.682
218     95      0.682
276     211     0.681
393     276     0.681
218     39      0.681
392     40      0.680
389     40      0.680
276     3       0.680
216     110     0.680
93      39      0.679
92      39      0.679
220     212     0.679
276     106     0.679
215     180     0.679
213     101     0.679
226     180     0.679
388     218     0.679
111     38      0.679
387     274     0.678
216     9       0.678
95      39      0.678
106     90      0.678
393     95      0.678
386     107     0.678
109     2       0.678
238     87      0.678
105     91      0.678
273     101     0.677
218     94      0.677
215     110     0.677
314     232     0.675
40      2       0.675
220     94      0.675
387     39      0.675
219     90      0.674
294     275     0.674
218     37      0.674
91      38      0.674
314     287     0.674
275     220     0.673
213     38      0.673
386     212     0.673
390     95      0.673
392     275     0.673
281     90      0.673
391     107     0.672
217     91      0.672
392     214     0.671
393     219     0.671
215     4       0.671
91      37      0.671
392     2       0.670
93      11      0.670
388     110     0.670
276     2       0.670
276     89      0.670
93      10      0.670
109     3       0.670
95      37      0.669
108     3       0.669
275     218     0.669
386     92      0.669
390     106     0.669
392     95      0.669
393     217     0.669
213     107     0.668
392     93      0.668
212     111     0.668
219     101     0.667
111     39      0.667
214     101     0.667
218     105     0.667
211     109     0.667
390     39      0.667
391     211     0.666
215     41      0.666
211     90      0.666
238     90      0.665
387     108     0.665
226     133     0.665
93      37      0.665
238     229     0.665
389     94      0.665
215     101     0.664
211     2       0.664
11      3       0.664
389     111     0.664
314     87      0.664
314     238     0.664
386     215     0.664
332     276     0.663
386     232     0.663
39      2       0.663
393     214     0.663
314     143     0.663
219     211     0.663
391     212     0.663
105     89      0.662
217     110     0.662
12      2       0.662
387     214     0.661
218     2       0.661
415     276     0.661
276     183     0.660
387     248     0.660
275     213     0.660
314     106     0.660
110     95      0.660
220     101     0.660
387     331     0.660
281     87      0.659
389     214     0.659
219     111     0.659
212     40      0.659
212     109     0.659
295     90      0.658
386     101     0.658
226     68      0.658
314     47      0.658
111     95      0.658
272     234     0.658
217     111     0.658
393     3       0.658
393     101     0.657
332     101     0.657
391     92      0.657
218     106     0.657
386     213     0.657
226     143     0.656
109     39      0.656
212     183     0.656
108     95      0.656
279     226     0.656
386     226     0.656
220     213     0.656
91      39      0.655
391     90      0.655
276     232     0.655
87      47      0.655
226     217     0.655
226     192     0.655
390     220     0.654
393     91      0.654
219     40      0.654
90      38      0.653
389     212     0.653
314     140     0.653
388     109     0.652
105     3       0.652
238     183     0.652
332     213     0.652
281     226     0.652
273     220     0.651
105     95      0.651
215     100     0.651
117     90      0.651
273     214     0.651
388     94      0.651
216     37      0.650
214     90      0.650
295     279     0.649
94      2       0.649
386     216     0.649
111     3       0.648
111     92      0.648
314     200     0.648
226     40      0.648
272     220     0.648
232     90      0.648
390     214     0.648
346     332     0.648
314     88      0.648
392     215     0.648
394     212     0.648
391     276     0.647
11      2       0.647
387     273     0.647
295     273     0.647
386     93      0.647
388     95      0.647
388     107     0.646
215     40      0.646
213     90      0.646
387     333     0.646
215     109     0.646
112     96      0.646
40      4       0.646
390     217     0.645
212     92      0.645
213     95      0.645
390     91      0.645
273     27      0.645
217     108     0.644
392     217     0.644
211     40      0.644
211     91      0.643
393     106     0.643
389     211     0.643
95      10      0.643
332     90      0.643
95      3       0.643
295     274     0.643
102     37      0.643
102     91      0.643
430     133     0.643
215     107     0.643
226     194     0.643
277     211     0.642
275     40      0.642
101     2       0.641
218     102     0.641
346     47      0.641
216     89      0.641
275     39      0.640
415     47      0.640
388     216     0.640
212     38      0.640
276     107     0.639
214     106     0.639
279     211     0.639
387     232     0.639
387     11      0.638
272     228     0.638
391     215     0.638
276     101     0.638
391     40      0.638
331     276     0.637
389     101     0.637
386     109     0.637
393     275     0.637
387     2       0.637
218     107     0.636
217     11      0.636
389     108     0.636
95      11      0.636
93      9       0.636
387     9       0.636
387     37      0.636
110     93      0.636
214     94      0.636
314     281     0.636
296     275     0.635
226     55      0.635
314     223     0.634
214     93      0.634
430     272     0.634
226     211     0.633
391     218     0.633
101     87      0.632
390     40      0.632
38      10      0.632
226     199     0.632
210     106     0.632
12      4       0.632
214     3       0.632
279     101     0.631
271     89      0.631
216     11      0.631
388     215     0.631
390     211     0.631
295     218     0.631
389     217     0.631
294     276     0.631
391     93      0.631
218     89      0.631
314     183     0.631
116     106     0.631
219     94      0.631
389     92      0.630
116     37      0.630
392     219     0.630
281     272     0.630
275     215     0.630
391     213     0.630
271     214     0.629
91      41      0.629
219     95      0.629
276     93      0.629
286     272     0.629
104     90      0.629
389     93      0.629
387     219     0.628
212     106     0.628
100     37      0.628
212     2       0.628
92      37      0.628
226     106     0.628
272     236     0.627
392     218     0.627
40      10      0.627
389     213     0.627
272     106     0.627
393     92      0.627
213     2       0.627
105     39      0.627
101     39      0.626
385     212     0.626
217     9       0.626
314     220     0.626
392     213     0.626
107     11      0.626
103     90      0.626
90      40      0.626
280     89      0.626
314     27      0.626
314     275     0.626
386     40      0.626
272     210     0.626
273     212     0.625
210     38      0.625
219     89      0.625
215     2       0.625
94      72      0.625
109     10      0.625
276     109     0.624
218     100     0.624
276     192     0.624
229     183     0.624
216     108     0.623
214     37      0.623
393     273     0.623
105     96      0.623
111     96      0.623
211     10      0.623
91      2       0.623
226     215     0.623
388     217     0.623
226     140     0.623
388     39      0.623
314     54      0.622
133     72      0.622
392     101     0.622
287     272     0.622
110     91      0.622
212     12      0.621
314     229     0.621
387     277     0.621
105     41      0.621
226     107     0.620
325     101     0.620
232     193     0.620
392     110     0.620
296     276     0.620
294     272     0.619
431     142     0.619
212     101     0.619
296     90      0.619
218     110     0.619
183     47      0.619
387     272     0.618
277     213     0.618
272     229     0.618
106     41      0.618
281     47      0.618
276     224     0.618
276     92      0.618
226     198     0.618
210     90      0.618
215     9       0.618
393     218     0.617
274     211     0.617
430     314     0.617
108     94      0.617
107     93      0.617
92      4       0.617
276     91      0.617
386     90      0.616
276     143     0.616
388     40      0.616
415     272     0.616
281     183     0.616
215     96      0.615
101     91      0.615
92      10      0.615
281     229     0.615
272     218     0.615
218     111     0.615
387     41      0.615
111     101     0.614
106     2       0.614
389     215     0.614
415     232     0.614
415     279     0.614
314     138     0.614
271     220     0.614
272     27      0.613
226     75      0.613
279     87      0.613
388     92      0.613
331     226     0.613
143     47      0.612
386     38      0.612
296     213     0.612
393     109     0.612
394     219     0.612
219     38      0.612
238     226     0.612
272     101     0.612
316     217     0.611
111     94      0.611
387     335     0.611
108     38      0.611
275     89      0.611
390     2       0.610
389     90      0.610
101     27      0.610
393     37      0.610
391     275     0.610
218     109     0.609
232     211     0.609
108     11      0.609
183     90      0.609
386     272     0.609
332     314     0.609
94      11      0.609
108     37      0.609
273     232     0.608
276     193     0.608
212     107     0.608
273     219     0.608
218     41      0.608
390     101     0.608
101     36      0.608
229     87      0.608
220     211     0.608
273     180     0.608
276     210     0.607
272     232     0.607
331     90      0.607
217     37      0.607
92      3       0.607
106     54      0.607
295     213     0.607
192     133     0.606
387     233     0.606
276     209     0.606
391     108     0.606
226     72      0.606
332     211     0.606
216     4       0.606
212     9       0.606
386     91      0.606
96      89      0.606
286     275     0.606
93      40      0.606
111     41      0.605
101     37      0.605
271     230     0.605
386     2       0.605
415     90      0.605
274     219     0.605
192     54      0.604
106     96      0.604
391     10      0.603
277     3       0.603
342     332     0.603
389     105     0.603
390     212     0.602
226     216     0.602
325     229     0.602
215     104     0.602
387     96      0.602
272     96      0.602
278     219     0.602
316     101     0.602
109     91      0.602
415     331     0.602
232     87      0.602
331     295     0.602
214     41      0.601
387     110     0.601
393     296     0.601
393     93      0.601
295     272     0.601
285     221     0.601
273     183     0.601
101     10      0.601
273     217     0.601
387     295     0.601
217     102     0.601
72      54      0.601
325     183     0.601
111     93      0.601
92      2       0.601
212     112     0.600
107     4       0.600
430     54      0.600
109     93      0.600
295     101     0.600
386     275     0.600
314     306     0.600
391     110     0.600
94      41      0.600
273     211     0.600
112     94      0.600
109     90      0.599
112     39      0.599
274     218     0.599
314     133     0.599
112     101     0.599
109     4       0.599
215     112     0.599
279     229     0.599
214     38      0.599
236     213     0.599
279     58      0.599
316     216     0.598
390     92      0.598
392     296     0.598
39      10      0.598
210     101     0.597
211     95      0.597
285     89      0.597
236     90      0.597
393     210     0.597
276     215     0.597
276     116     0.597
314     58      0.597
314     72      0.597
213     10      0.597
210     37      0.597
394     90      0.596
325     232     0.596
314     101     0.596
388     108     0.596
41      3       0.596
325     226     0.596
214     2       0.596
392     273     0.596
277     2       0.596
108     2       0.596
100     91      0.596
215     193     0.596
393     332     0.596
107     96      0.595
390     218     0.595
101     93      0.595
287     274     0.595
94      37      0.595
331     211     0.595
415     192     0.595
385     89      0.594
295     72      0.594
393     333     0.594
108     10      0.594
101     58      0.594
391     91      0.594
220     95      0.594
216     133     0.594
388     3       0.594
391     217     0.594
332     220     0.593
325     94      0.593
386     332     0.593
314     211     0.593
219     91      0.593
108     91      0.593
226     58      0.593
275     37      0.593
276     87      0.593
277     218     0.592
91      3       0.592
110     94      0.592
216     47      0.592
275     94      0.592
273     94      0.592
332     296     0.592
210     94      0.592
387     210     0.592
229     58      0.591
107     41      0.591
295     216     0.591
105     37      0.591
415     229     0.591
220     2       0.590
387     116     0.590
272     89      0.590
219     92      0.590
279     238     0.590
295     232     0.590