Prediction Made with CORNET:
a Neural Network based method trained using Correlated Mutations,
Sequence Conservation, Predicted Secondary structure of Proteins and
Evolutionary Information.
Authors Fariselli Piero, Olmea Osvaldo, Valencia Alfonso, Rita Casadio.
This method is an extension of the two following methods

Olmea O. and Valencia A. (1997) Fold. Des. 2: S25-32.

Fariselli P and Casadio R. (1999) Prot. Engng 12:15-21

#================================================================#

PREDICTION

Couple          Reliability
i       j
315     273     0.818
316     211     0.811
313     37      0.797
313     211     0.794
313     209     0.794
315     39      0.792
316     273     0.792
314     39      0.786
100     36      0.778
336     269     0.776
313     205     0.773
316     37      0.771
339     266     0.769
337     269     0.768
314     104     0.766
339     284     0.765
104     35      0.765
315     38      0.763
104     37      0.762
339     277     0.762
315     37      0.761
99      35      0.761
316     209     0.758
463     339     0.757
315     104     0.757
339     269     0.756
315     205     0.756
324     273     0.755
315     35      0.754
316     205     0.751
463     324     0.747
99      39      0.746
210     37      0.745
313     273     0.744
312     211     0.743
114     39      0.743
103     36      0.743
315     210     0.740
205     37      0.740
312     210     0.739
210     39      0.738
314     35      0.738
314     37      0.738
104     39      0.737
114     37      0.735
205     147     0.735
99      37      0.733
102     37      0.733
205     104     0.733
101     37      0.733
463     277     0.732
463     337     0.731
463     88      0.731
314     209     0.731
316     40      0.726
313     35      0.726
114     40      0.720
104     31      0.720
115     39      0.720
336     275     0.716
316     38      0.714
463     284     0.714
315     211     0.713
313     104     0.713
312     205     0.713
463     72      0.713
315     99      0.712
339     331     0.711
339     272     0.711
312     209     0.710
210     35      0.709
313     207     0.709
315     209     0.708
273     266     0.707
337     275     0.707
315     102     0.706
337     261     0.705
205     39      0.705
313     275     0.704
313     39      0.704
209     39      0.703
209     37      0.703
316     114     0.702
101     35      0.702
100     38      0.701
314     38      0.700
106     37      0.700
209     104     0.699
313     210     0.699
314     273     0.698
463     269     0.697
460     272     0.697
312     39      0.697
313     40      0.696
463     272     0.695
314     205     0.694
316     31      0.693
114     38      0.693
97      31      0.692
313     270     0.692
316     271     0.692
106     39      0.692
317     32      0.690
463     342     0.689
362     337     0.689
314     99      0.687
339     312     0.687
339     286     0.687
115     37      0.687
102     38      0.687
463     356     0.686
315     114     0.686
463     30      0.684
211     37      0.684
114     99      0.683
313     99      0.683
463     336     0.683
211     147     0.683
316     35      0.682
313     206     0.682
362     336     0.682
341     273     0.682
205     99      0.680
313     38      0.680
312     270     0.679
334     272     0.678
284     182     0.678
315     101     0.678
102     39      0.677
315     103     0.677
114     31      0.677
106     38      0.676
315     207     0.673
463     31      0.673
460     324     0.671
336     4       0.671
313     208     0.671
416     147     0.670
312     272     0.669
463     4       0.668
316     206     0.667
416     39      0.667
115     35      0.666
40      31      0.666
312     208     0.666
211     40      0.665
269     182     0.665
315     100     0.665
312     273     0.664
99      40      0.663
115     38      0.663
313     101     0.663
209     38      0.662
207     39      0.661
104     38      0.661
312     99      0.661
115     103     0.660
362     269     0.659
314     206     0.659
341     272     0.658
336     284     0.657
205     35      0.657
114     104     0.656
335     266     0.656
316     39      0.656
460     152     0.656
315     208     0.656
314     211     0.656
115     104     0.656
211     99      0.655
464     354     0.655
209     101     0.655
275     211     0.652
458     119     0.651
339     182     0.651
324     275     0.651
339     275     0.651
103     38      0.651
453     342     0.651
342     37      0.651
315     31      0.651
98      39      0.650
211     38      0.650
347     269     0.650
463     275     0.649
211     114     0.649
101     39      0.649
114     35      0.649
107     31      0.649
315     206     0.649
113     37      0.648
115     40      0.648
315     40      0.648
324     272     0.648
314     114     0.647
209     36      0.647
337     284     0.647
312     37      0.646
463     347     0.646
273     261     0.646
464     32      0.645
284     272     0.645
324     211     0.644
210     103     0.643
335     284     0.643
315     36      0.643
148     37      0.643
99      38      0.642
312     274     0.641
39      31      0.640
341     269     0.640
208     100     0.640
463     273     0.639
116     37      0.639
107     37      0.638
460     54      0.638
313     269     0.637
453     337     0.636
284     269     0.636
102     35      0.636
342     39      0.635
272     265     0.635
210     99      0.635
211     35      0.635
205     38      0.634
316     104     0.634
463     254     0.634
324     284     0.634
209     114     0.634
272     183     0.634
310     270     0.633
315     115     0.633
313     114     0.632
315     34      0.631
103     32      0.631
324     269     0.630
147     37      0.630
114     34      0.630
312     35      0.629
314     210     0.629
115     34      0.629
100     39      0.629
463     286     0.629
310     273     0.629
337     324     0.628
114     36      0.628
206     37      0.628
313     102     0.627
211     31      0.627
206     39      0.627
461     272     0.627
209     99      0.627
312     275     0.627
336     272     0.627
284     211     0.627
315     270     0.627
316     275     0.627
206     36      0.626
104     40      0.626
106     35      0.626
206     99      0.626
314     40      0.625
208     37      0.625
101     38      0.625
316     270     0.625
209     35      0.625
333     284     0.625
205     114     0.625
339     257     0.625
99      31      0.625
460     31      0.625
272     71      0.624
102     36      0.624
324     270     0.624
316     284     0.624
339     273     0.623
350     211     0.623
458     354     0.623
206     38      0.623
210     114     0.622
152     31      0.622
314     207     0.622
207     37      0.622
284     273     0.622
314     102     0.622
102     40      0.622
456     274     0.621
464     119     0.621
462     265     0.621
114     101     0.620
341     312     0.620
284     275     0.620
106     98      0.619
453     284     0.619
103     37      0.619
105     36      0.619
341     284     0.619
205     40      0.619
284     261     0.618
117     99      0.618
275     147     0.618
342     211     0.617
269     37      0.617
311     272     0.617
115     105     0.617
115     98      0.616
210     104     0.616
316     99      0.616
336     37      0.616
210     115     0.616
337     266     0.616
384     284     0.616
316     210     0.615
115     106     0.615
106     31      0.614
376     273     0.614
116     39      0.614
350     312     0.614
206     104     0.613
106     36      0.612
356     336     0.612
351     312     0.612
460     147     0.612
270     211     0.611
334     269     0.611
316     101     0.611
115     99      0.611
310     272     0.611
347     333     0.611
269     73      0.611
342     210     0.610
461     183     0.610
335     183     0.610
205     105     0.609
316     207     0.609
311     211     0.609
98      38      0.608
284     270     0.608
312     38      0.608
314     101     0.608
313     100     0.608
205     102     0.607
204     98      0.607
312     104     0.607
211     104     0.606
332     284     0.606
415     272     0.606
459     272     0.606
347     324     0.606
316     208     0.606
210     38      0.606
103     39      0.605
313     272     0.605
463     211     0.605
416     324     0.604
460     269     0.604
313     147     0.604
116     38      0.604
210     98      0.604
106     99      0.603
315     261     0.603
324     266     0.603
455     272     0.603
261     182     0.602
105     38      0.602
417     312     0.602
335     269     0.602
456     272     0.601
113     35      0.601
336     79      0.601
416     205     0.601
100     37      0.600
284     266     0.600
312     36      0.600
284     277     0.600
462     272     0.600
460     37      0.599
208     39      0.599
463     205     0.599
312     101     0.599
209     102     0.599
313     116     0.599
312     269     0.599
206     114     0.599
311     275     0.599
339     211     0.599
211     34      0.599
462     337     0.598
116     98      0.598
104     33      0.598
206     40      0.598
462     336     0.598
324     310     0.597
113     39      0.597
339     72      0.597
272     205     0.597
210     33      0.597
356     275     0.596
284     219     0.596
356     312     0.596
451     33      0.596
207     104     0.595
312     206     0.595
463     41      0.595
339     332     0.594
314     106     0.594
341     211     0.594
269     4       0.594
316     272     0.594
315     272     0.594
455     271     0.594
314     208     0.594
106     34      0.593
313     105     0.593
324     147     0.593
113     33      0.593
273     211     0.593
206     101     0.593
98      32      0.593
211     39      0.593
284     257     0.593
413     272     0.593
107     39      0.593
315     98      0.592
453     347     0.592
341     270     0.592
314     34      0.591
461     334     0.591
463     33      0.591
114     97      0.591
98      37      0.590
316     147     0.590
113     98      0.590
270     182     0.590
342     273     0.590
350     316     0.590
416     272     0.589
343     275     0.589
314     103     0.589
456     342     0.589
316     277     0.588
324     31      0.588
414     147     0.588
205     116     0.588
310     269     0.588
211     117     0.588
147     31      0.588
313     33      0.588
114     106     0.587
324     183     0.587
272     261     0.587
207     101     0.586
205     106     0.586
313     115     0.586
312     102     0.585
210     31      0.585
356     269     0.585
341     275     0.584
362     284     0.584
339     171     0.584
362     286     0.583
416     114     0.583
341     205     0.583
205     97      0.582
329     269     0.582
204     147     0.582
347     339     0.582
315     105     0.582
205     34      0.582
314     31      0.582
210     34      0.582
114     102     0.582
316     117     0.581
206     117     0.581
115     100     0.581
314     100     0.581
339     299     0.580
463     76      0.580
316     36      0.580
284     183     0.580
458     412     0.580
333     272     0.580
116     101     0.580
115     102     0.580
316     269     0.580
417     31      0.580
338     272     0.580
314     272     0.580
113     100     0.579
147     38      0.579
350     333     0.579
324     5       0.579
206     102     0.579
108     32      0.579
317     205     0.578
313     271     0.578
356     337     0.578
310     276     0.578
339     271     0.578
315     106     0.578
463     376     0.578
103     35      0.578
105     32      0.578
336     265     0.578
453     339     0.578
206     105     0.578
314     271     0.577
205     36      0.577
455     337     0.577
357     275     0.577
463     81      0.576
416     312     0.576
207     38      0.576
362     332     0.576
464     204     0.575
98      34      0.575
273     182     0.575
107     98      0.575
339     88      0.575
335     211     0.574
416     97      0.574
315     269     0.574
313     284     0.574
342     312     0.574
313     103     0.574
460     343     0.574
460     41      0.573
208     38      0.573
284     4       0.573
416     337     0.573
269     211     0.573
463     333     0.573
315     147     0.573
312     204     0.573
455     147     0.573
147     40      0.573
350     273     0.573
205     31      0.573
279     272     0.573
209     147     0.573
269     233     0.572
100     34      0.572
316     116     0.571
464     274     0.571
317     204     0.571
207     35      0.571
211     101     0.571
333     270     0.571
453     269     0.571
99      88      0.571
106     40      0.570
356     211     0.570
332     261     0.570
336     286     0.570
210     40      0.570
460     273     0.570
205     182     0.570
284     254     0.569
332     273     0.569
277     266     0.569
384     275     0.569
269     175     0.569
114     33      0.569
458     32      0.568
329     272     0.568
313     261     0.568
275     261     0.568
336     270     0.568
362     270     0.568
449     337     0.568
336     211     0.568
314     36      0.568
463     74      0.568
456     324     0.567
104     36      0.567
116     102     0.567
338     269     0.567
269     261     0.567
107     33      0.567
208     115     0.567
273     205     0.567
357     205     0.567
362     275     0.567
463     416     0.567
347     275     0.567
98      36      0.567
116     104     0.567
463     182     0.566
463     453     0.566
115     31      0.566
350     339     0.566
416     31      0.566
416     269     0.566
312     100     0.566
415     312     0.565
113     34      0.565
313     31      0.565
205     115     0.565
463     335     0.565
332     266     0.564
347     270     0.564
416     336     0.564
312     114     0.563
343     211     0.563
456     336     0.563
342     205     0.563
357     284     0.563
347     284     0.563
316     261     0.563
337     277     0.562
336     261     0.562
273     31      0.562
339     73      0.562
416     211     0.562
72      4       0.562
114     98      0.562
463     183     0.561
210     101     0.561
343     273     0.561
310     277     0.561
357     182     0.561
338     183     0.560
104     34      0.560
273     233     0.560
333     273     0.560
272     182     0.560
98      35      0.560
339     264     0.559
312     207     0.559
316     34      0.559
461     324     0.559
206     103     0.559
315     113     0.558
354     312     0.558
384     337     0.558
316     33      0.558
416     37      0.558
339     183     0.558
456     148     0.558
102     34      0.557
352     147     0.557
342     272     0.557
332     272     0.557
210     106     0.557
324     316     0.557
342     313     0.556
113     38      0.556
205     117     0.556
342     31      0.556
356     347     0.556
315     284     0.556
206     116     0.555
316     102     0.555
269     229     0.555
284     175     0.555
176     4       0.555
116     35      0.555
96      32      0.555
453     277     0.555
312     115     0.554
354     333     0.554
210     100     0.554
458     274     0.554
330     272     0.554
347     261     0.554
101     40      0.554
463     271     0.553
460     79      0.553
456     329     0.553
456     334     0.553
310     266     0.552
117     98      0.552
115     36      0.552
208     35      0.552
331     269     0.552
416     113     0.552
113     106     0.552
336     88      0.551
336     182     0.551
337     175     0.551
316     103     0.551
210     102     0.551
286     266     0.551
269     79      0.551
113     40      0.551
463     266     0.551
463     79      0.550
460     342     0.550
284     88      0.550
208     102     0.550
417     147     0.550
336     312     0.550
316     98      0.550
272     211     0.550
362     211     0.550
102     31      0.550
208     34      0.550
455     149     0.549
416     99      0.549
277     269     0.549
147     116     0.549
209     116     0.549
313     182     0.549
343     205     0.549
357     337     0.548
416     117     0.548
310     261     0.548
266     182     0.548
350     269     0.548
460     336     0.548
98      40      0.548
312     116     0.548
265     183     0.548
332     324     0.548
212     204     0.548
332     269     0.547
106     33      0.547
211     116     0.547
311     271     0.547
460     356     0.547
207     100     0.546
337     272     0.546
314     98      0.546
116     105     0.546
116     40      0.546
105     37      0.545
207     114     0.545
455     32      0.545
356     272     0.545
324     296     0.545
416     284     0.545
460     316     0.545
207     115     0.545
313     204     0.545
209     103     0.545
273     74      0.545
324     261     0.545
211     204     0.545
97      40      0.545
463     299     0.544
441     183     0.544
457     324     0.544
356     182     0.544
324     267     0.544
455     341     0.544
313     274     0.544
416     32      0.544
329     316     0.544
453     273     0.543
312     271     0.543
313     277     0.543
316     204     0.543
415     98      0.543
324     88      0.543
414     272     0.542
272     209     0.542
115     101     0.542
316     115     0.542
314     105     0.541
417     88      0.541
116     99      0.541
417     33      0.541
335     272     0.541
347     332     0.541
334     71      0.540
456     152     0.540
460     52      0.540
210     113     0.540
455     350     0.540
147     39      0.540
313     98      0.540
417     311     0.540
211     36      0.539
148     31      0.539
107     34      0.539
459     334     0.539
273     72      0.539
206     35      0.539
441     71      0.538
336     324     0.538
463     16      0.538
335     324     0.538
416     341     0.538
356     324     0.538
463     91      0.538
384     261     0.537
462     334     0.537
341     316     0.537
356     270     0.537
312     147     0.537
335     275     0.537
208     104     0.537
284     250     0.537
417     337     0.537
116     33      0.537
456     31      0.537
286     277     0.536
417     336     0.536
350     272     0.536
336     73      0.536
460     333     0.536
211     113     0.536
112     31      0.536
324     182     0.536
462     324     0.535
347     336     0.535
332     286     0.535
266     257     0.535
417     114     0.535
209     100     0.535
455     183     0.535
272     37      0.535
347     211     0.535
286     182     0.535
117     105     0.535
313     36      0.535
347     337     0.534
417     269     0.534
38      31      0.534
386     284     0.534
334     268     0.534
273     170     0.534
416     115     0.534
317     274     0.534
356     339     0.533
261     254     0.533
350     343     0.533
340     272     0.533
464     349     0.533
342     204     0.533
314     269     0.533
209     40      0.532
460     286     0.532
114     105     0.532
462     183     0.532
417     40      0.532
413     183     0.532
337     223     0.532
384     286     0.532
339     324     0.532
97      35      0.531
453     30      0.531
99      34      0.531
463     332     0.531
460     275     0.530
324     205     0.530
339     79      0.530
337     286     0.530
463     353     0.530
350     341     0.529
284     271     0.529
337     330     0.529
463     270     0.529
113     99      0.529
340     273     0.529
336     183     0.529
332     275     0.529
337     260     0.529
365     337     0.529
299     284     0.529
310     284     0.528
341     324     0.528
284     234     0.528
276     183     0.528
416     40      0.528
456     312     0.528
362     182     0.528
315     271     0.527
312     34      0.527
347     312     0.527
284     74      0.527
458     204     0.527
356     274     0.527
209     34      0.527
329     270     0.527
275     205     0.526
336     316     0.526
312     284     0.526
335     270     0.526
461     269     0.526
314     115     0.526
101     33      0.526
357     269     0.526
454     324     0.526
456     33      0.526
456     316     0.525
356     273     0.525
317     210     0.525
311     209     0.525
339     37      0.525
315     286     0.525
284     170     0.525
339     184     0.525
313     117     0.525
464     456     0.524
329     284     0.524
113     31      0.524
117     37      0.524
103     40      0.524
286     219     0.524
347     340     0.523
356     311     0.523
317     119     0.523
462     354     0.523
324     312     0.523
460     347     0.523
147     114     0.523
97      88      0.523
117     101     0.522
376     284     0.522
342     315     0.522
362     333     0.522
310     275     0.522
207     99      0.522
317     115     0.522
207     98      0.522
315     116     0.522
337     88      0.521
211     98      0.521
460     59      0.521
333     324     0.521
107     40      0.521
148     39      0.521
206     115     0.521
455     415     0.521
332     270     0.520
116     31      0.520
339     260     0.520
333     316     0.520
455     269     0.520