Prediction Made with CORNET:
a Neural Network based method trained using Correlated Mutations,
Sequence Conservation, Predicted Secondary structure of Proteins and
Evolutionary Information.
Authors Fariselli Piero, Olmea Osvaldo, Valencia Alfonso, Rita Casadio.
This method is an extension of the two following methods

Olmea O. and Valencia A. (1997) Fold. Des. 2: S25-32.

Fariselli P and Casadio R. (1999) Prot. Engng 12:15-21

#================================================================#

PREDICTION

Couple          Reliability
i       j
230     197     0.852
276     94      0.849
110     98      0.848
386     230     0.838
386     8       0.824
113     98      0.812
219     175     0.810
113     96      0.808
111     98      0.806
220     110     0.802
98      5       0.802
110     5       0.802
387     230     0.802
221     111     0.798
110     9       0.793
386     5       0.791
110     99      0.791
220     98      0.790
220     111     0.787
219     109     0.785
42      5       0.783
386     280     0.783
219     95      0.782
218     8       0.781
386     224     0.781
428     230     0.781
15      5       0.777
221     98      0.775
216     99      0.774
383     230     0.773
216     112     0.773
18      5       0.771
217     111     0.771
217     98      0.770
384     230     0.765
220     5       0.764
219     97      0.763
230     94      0.762
227     197     0.760
216     109     0.759
220     96      0.759
110     96      0.759
221     113     0.759
219     98      0.759
113     105     0.756
41      5       0.752
111     96      0.752
386     216     0.750
221     99      0.749
219     99      0.748
220     9       0.747
299     94      0.747
220     15      0.746
219     5       0.745
219     110     0.745
96      5       0.745
111     99      0.744
217     110     0.743
227     155     0.742
350     213     0.742
219     111     0.741
236     197     0.740
43      5       0.737
285     233     0.737
98      42      0.737
216     175     0.736
350     230     0.734
215     111     0.733
218     95      0.731
221     110     0.730
216     95      0.730
389     230     0.730
214     95      0.729
217     5       0.729
218     99      0.728
17      5       0.728
216     98      0.728
219     94      0.727
285     94      0.727
386     137     0.726
389     5       0.726
219     93      0.725
40      5       0.725
387     276     0.724
216     97      0.724
110     94      0.724
220     113     0.723
227     145     0.723
216     113     0.723
219     112     0.722
221     94      0.722
110     95      0.722
386     146     0.720
221     97      0.720
280     221     0.720
280     98      0.719
280     19      0.717
280     224     0.717
222     95      0.717
285     213     0.716
98      6       0.716
280     230     0.716
386     9       0.716
175     112     0.714
224     110     0.713
217     113     0.713
215     98      0.713
111     94      0.712
220     95      0.711
176     113     0.711
216     96      0.711
276     110     0.710
220     42      0.709
387     280     0.709
113     99      0.709
386     196     0.709
98      40      0.708
41      15      0.707
216     4       0.707
27      4       0.707
110     15      0.707
219     96      0.707
219     113     0.707
387     213     0.706
387     93      0.706
386     350     0.706
214     175     0.706
109     8       0.705
216     177     0.705
39      5       0.705
111     15      0.705
224     94      0.704
242     233     0.704
386     213     0.703
389     276     0.703
280     217     0.702
299     280     0.701
13      5       0.701
280     5       0.701
217     96      0.700
112     97      0.700
276     217     0.700
110     6       0.700
215     96      0.700
219     4       0.699
280     196     0.699
216     111     0.699
222     175     0.699
230     137     0.698
219     8       0.698
387     227     0.698
221     96      0.697
120     5       0.696
285     230     0.696
19      5       0.696
279     94      0.694
285     276     0.694
105     94      0.693
220     97      0.693
389     216     0.693
176     96      0.693
230     147     0.692
387     197     0.692
110     97      0.692
383     219     0.691
105     96      0.691
350     276     0.691
387     94      0.691
218     93      0.690
280     220     0.690
227     198     0.690
279     224     0.690
233     91      0.689
277     224     0.689
383     280     0.689
17      3       0.689
219     176     0.689
383     224     0.688
217     99      0.688
236     213     0.687
227     147     0.687
280     9       0.687
276     197     0.687
223     94      0.686
233     197     0.686
230     196     0.686
220     40      0.686
115     95      0.685
280     197     0.685
230     5       0.685
98      15      0.685
350     236     0.685
384     5       0.684
214     4       0.684
429     386     0.683
277     94      0.682
99      5       0.682
221     197     0.681
299     283     0.681
276     223     0.681
230     144     0.681
38      5       0.681
223     109     0.681
352     213     0.681
299     277     0.681
221     175     0.680
350     93      0.680
216     110     0.680
220     99      0.680
383     276     0.679
215     15      0.679
220     105     0.679
104     5       0.679
285     236     0.678
109     95      0.678
285     197     0.677
279     110     0.677
215     5       0.677
280     213     0.677
43      8       0.676
224     3       0.676
218     97      0.676
389     8       0.676
176     111     0.676
230     111     0.675
224     174     0.675
220     41      0.675
285     91      0.674
383     137     0.674
223     174     0.674
283     94      0.674
226     216     0.674
220     8       0.674
177     114     0.673
219     114     0.673
216     93      0.673
346     230     0.672
175     8       0.672
176     99      0.671
230     198     0.671
279     219     0.671
283     224     0.670
214     93      0.669
39      4       0.669
176     110     0.668
111     41      0.668
115     8       0.668
222     112     0.667
285     5       0.667
276     147     0.667
219     9       0.667
386     276     0.667
276     224     0.667
215     9       0.666
282     8       0.666
389     213     0.665
277     5       0.665
175     7       0.665
98      9       0.664
386     19      0.664
280     236     0.664
96      40      0.664
42      15      0.663
220     176     0.663
221     174     0.663
386     219     0.663
236     228     0.663
383     213     0.662
110     41      0.662
389     280     0.662
276     196     0.662
285     227     0.662
389     94      0.662
299     278     0.661
280     147     0.661
386     75      0.661
224     98      0.661
219     177     0.660
276     213     0.660
276     216     0.660
280     94      0.660
216     41      0.660
230     98      0.660
217     176     0.660
215     110     0.660
276     230     0.659
113     40      0.659
350     137     0.658
236     94      0.657
276     215     0.657
298     279     0.657
279     223     0.657
176     105     0.657
41      7       0.657
386     110     0.656
389     4       0.656
218     98      0.656
280     215     0.656
224     113     0.656
279     216     0.656
224     213     0.655
40      9       0.655
217     94      0.655
220     93      0.654
383     9       0.653
222     97      0.653
299     230     0.653
218     110     0.653
276     238     0.653
40      15      0.652
280     99      0.652
280     93      0.652
27      7       0.652
386     314     0.651
95      4       0.651
119     5       0.651
224     216     0.650
105     5       0.650
218     5       0.650
282     216     0.650
216     5       0.650
217     42      0.650
219     7       0.650
219     15      0.649
389     93      0.649
276     232     0.649
281     94      0.648
299     276     0.648
216     94      0.648
214     110     0.647
112     99      0.647
385     7       0.646
230     213     0.646
178     5       0.646
97      5       0.646
227     99      0.646
111     97      0.646
111     42      0.646
277     236     0.646
221     9       0.645
233     213     0.645
277     105     0.645
299     144     0.644
384     213     0.644
276     236     0.644
177     8       0.644
279     5       0.644
384     224     0.644
111     9       0.643
350     197     0.643
214     98      0.643
222     99      0.643
230     181     0.643
387     75      0.643
113     42      0.643
299     215     0.643
283     230     0.642
429     146     0.642
329     230     0.642
221     114     0.641
111     40      0.641
219     40      0.641
20      3       0.641
197     5       0.640
219     197     0.640
219     41      0.640
350     285     0.640
216     201     0.640
276     227     0.639
105     9       0.639
387     6       0.639
318     276     0.639
213     94      0.639
236     144     0.639
216     42      0.638
280     110     0.638
213     75      0.638
221     15      0.638
224     217     0.637
300     279     0.637
218     6       0.637
215     94      0.637
175     4       0.637
110     40      0.637
113     5       0.636
99      15      0.636
110     8       0.636
384     196     0.636
387     216     0.636
99      40      0.635
221     95      0.635
96      9       0.635
110     42      0.635
221     105     0.635
227     213     0.634
386     233     0.634
175     5       0.634
381     276     0.634
233     147     0.634
214     97      0.633
386     6       0.633
218     7       0.633
176     9       0.633
277     228     0.632
283     217     0.632
217     105     0.632
242     94      0.632
224     215     0.632
216     40      0.631
230     110     0.631
178     99      0.631
387     98      0.631
42      9       0.630
220     175     0.630
233     221     0.630
290     276     0.630
276     178     0.630
276     144     0.630
280     223     0.629
280     218     0.629
108     5       0.629
387     147     0.628
387     219     0.628
215     176     0.628
109     7       0.628
220     196     0.628
106     95      0.628
222     109     0.628
113     41      0.628
178     105     0.627
111     5       0.627
386     155     0.627
280     204     0.627
386     7       0.627
279     222     0.627
227     91      0.627
216     17      0.626
227     196     0.626
383     236     0.626
109     93      0.626
387     350     0.625
113     95      0.625
95      8       0.625
390     230     0.625
42      8       0.625
41      8       0.625
196     137     0.625
109     100     0.624
236     204     0.624
387     137     0.624
220     6       0.624
300     94      0.624
223     175     0.623
221     176     0.623
178     9       0.623
105     98      0.623
280     96      0.622
352     230     0.622
222     98      0.622
105     19      0.622
222     93      0.622
115     7       0.622
384     350     0.622
99      8       0.621
217     15      0.621
299     222     0.621
222     8       0.621
113     94      0.621
383     285     0.621
223     99      0.621
277     3       0.621
215     119     0.620
99      3       0.620
299     223     0.619
113     9       0.619
213     33      0.619
219     43      0.619
428     19      0.619
38      3       0.619
279     217     0.619
278     223     0.619
218     175     0.618
233     144     0.618
219     178     0.618
114     6       0.618
221     8       0.618
218     94      0.618
215     42      0.617
113     15      0.617
224     105     0.617
220     14      0.617
387     5       0.617
223     115     0.617
98      41      0.617
383     350     0.617
15      8       0.616
390     224     0.616
14      5       0.616
223     93      0.616
196     3       0.616
27      5       0.616
219     100     0.615
96      15      0.615
224     176     0.615
28      4       0.615
387     9       0.615
97      16      0.615
277     204     0.615
277     217     0.614
213     137     0.614
108     94      0.614
215     8       0.614
216     15      0.614
175     95      0.614
218     4       0.613
281     215     0.613
216     43      0.613
277     213     0.613
389     19      0.612
387     19      0.612
15      6       0.612
223     98      0.612
236     215     0.612
277     197     0.612
276     105     0.612
218     9       0.612
97      39      0.612
215     95      0.611
113     8       0.611
175     110     0.611
137     75      0.611
230     75      0.611
386     94      0.611
401     155     0.611
176     6       0.611
217     95      0.611
217     40      0.610
221     112     0.610
280     111     0.610
389     75      0.610
383     5       0.610
226     3       0.610
283     105     0.610
46      4       0.610
223     105     0.610
242     213     0.610
26      19      0.610
298     276     0.610
389     219     0.609
283     91      0.609
386     95      0.609
100     93      0.609
221     42      0.609
389     9       0.609
119     3       0.608
119     105     0.608
217     114     0.608
114     99      0.608
277     147     0.608
222     110     0.608
97      43      0.608
220     114     0.608
350     216     0.607
389     137     0.607
41      16      0.607
219     115     0.607
196     113     0.607
384     6       0.607
236     91      0.607
223     96      0.607
98      8       0.607
339     230     0.607
280     95      0.606
176     95      0.606
280     178     0.606
242     142     0.606
283     233     0.606
300     220     0.605
387     202     0.605
113     97      0.605
114     97      0.605
279     93      0.605
216     6       0.605
96      42      0.605
350     204     0.605
230     221     0.605
280     8       0.605
280     113     0.605
221     41      0.605
174     94      0.605
202     98      0.605
224     197     0.605
383     110     0.605
387     318     0.604
280     15      0.604
236     5       0.604
236     227     0.604
233     94      0.604
284     93      0.604
14      7       0.604
230     204     0.604
220     112     0.604
386     285     0.604
223     110     0.604
97      8       0.604
216     8       0.604
18      4       0.604
290     279     0.603
125     5       0.603
110     100     0.603
29      3       0.603
222     114     0.603
93      8       0.603
218     109     0.603
107     94      0.602
230     91      0.602
223     97      0.602
112     95      0.602
230     142     0.602
227     94      0.602
213     9       0.601
111     8       0.601
219     6       0.601
291     276     0.601
114     95      0.601
177     7       0.601
218     40      0.601
221     14      0.599
218     96      0.599
219     108     0.599
222     111     0.599
276     233     0.599
16      8       0.599
177     15      0.599
291     213     0.599
109     99      0.599
214     177     0.599
98      75      0.599
220     174     0.598
213     19      0.598
177     93      0.598
242     91      0.598
219     106     0.598
387     215     0.597
176     5       0.597
218     105     0.597
277     9       0.597
230     200     0.596
39      8       0.596
350     263     0.596
350     91      0.596
94      9       0.596
111     95      0.596
230     113     0.595
280     222     0.595
220     213     0.595
219     180     0.595
216     145     0.595
350     318     0.595
280     233     0.595
386     99      0.594
179     4       0.594
100     5       0.594
176     98      0.594
180     5       0.593
299     75      0.593
299     220     0.593
233     196     0.593
120     4       0.593
97      41      0.592
277     91      0.592
221     40      0.592
383     113     0.592
217     41      0.592
28      8       0.591
16      5       0.591
196     75      0.591
119     9       0.591
110     7       0.591
216     16      0.591
40      8       0.591
230     71      0.591
220     177     0.590
382     216     0.590
223     177     0.590
15      7       0.590
219     16      0.590
299     91      0.590
387     224     0.590
214     8       0.590
233     224     0.590
386     3       0.590
384     9       0.590
233     142     0.590
227     98      0.589
275     93      0.589
350     198     0.589
386     263     0.589
226     146     0.589
389     227     0.589
276     100     0.589
285     228     0.588
386     329     0.588
221     7       0.588
219     3       0.588
219     39      0.588
146     91      0.588
213     147     0.588
298     94      0.587
276     229     0.587
224     178     0.587
219     104     0.587
276     146     0.587
230     219     0.586
387     233     0.586
280     219     0.586
277     19      0.586
216     9       0.586
45      5       0.586
280     228     0.586
215     41      0.586
329     75      0.586
215     19      0.586
230     220     0.586
112     7       0.586
285     71      0.586
216     14      0.586
428     285     0.585
26      5       0.585
276     240     0.585
280     216     0.585
383     15      0.585
275     145     0.584
224     99      0.584
277     4       0.584
227     193     0.584
299     217     0.584
218     10      0.584
292     91      0.584
115     99      0.584
300     217     0.583
385     216     0.583
99      41      0.583
218     43      0.583
230     203     0.583
276     145     0.582
279     215     0.582
223     91      0.582
41      9       0.582
99      17      0.582
300     280     0.582
389     314     0.582
220     119     0.582
116     105     0.581
386     227     0.581
279     95      0.581
214     112     0.581
263     94      0.581
223     176     0.581
223     113     0.581
387     110     0.581
219     174     0.580
107     26      0.580
28      5       0.580
219     105     0.580
223     215     0.580
176     8       0.580
112     41      0.580
352     236     0.580
280     144     0.580
179     91      0.580
223     95      0.580
112     98      0.580
299     236     0.579
383     147     0.579
44      8       0.579
299     279     0.579
387     236     0.579
277     223     0.579
219     14      0.578
227     148     0.578
384     197     0.578
219     42      0.578
213     3       0.578
221     4       0.578
227     61      0.578
291     278     0.578
238     177     0.578
276     93      0.577
318     75      0.577
389     300     0.577
33      5       0.577
106     93      0.577
285     242     0.577
218     111     0.577
230     57      0.577
95      5       0.577
350     291     0.577
223     111     0.577
383     196     0.576
99      9       0.576
218     100     0.576
389     279     0.576
110     78      0.576
14      4       0.576
17      8       0.576
290     145     0.576
352     19      0.576
428     5       0.576
219     179     0.576
220     178     0.576
222     96      0.576
389     285     0.575
225     175     0.575
213     91      0.575
220     10      0.575
386     277     0.575
230     78      0.575
111     100     0.575
278     4       0.575
97      40      0.575
146     4       0.575
224     108     0.575
115     96      0.575
227     167     0.575
137     94      0.575
274     5       0.575
429     276     0.574
346     197     0.574
230     58      0.574
100     27      0.574
384     236     0.574
227     105     0.574
100     2       0.574
277     221     0.574
137     98      0.574
389     204     0.574
383     155     0.574
276     91      0.574
110     79      0.574
196     147     0.573
384     15      0.573
230     202     0.573
43      17      0.573
278     94      0.573
284     227     0.573
230     145     0.573
289     93      0.573
215     40      0.573
298     277     0.573
40      16      0.573
114     96      0.573
116     9       0.573
97      7       0.572
112     96      0.572
236     147     0.572
429     346     0.572
221     16      0.572