Prediction Made with CORNET:
a Neural Network based method trained using Correlated Mutations,
Sequence Conservation, Predicted Secondary structure of Proteins and
Evolutionary Information.
Authors Fariselli Piero, Olmea Osvaldo, Valencia Alfonso, Rita Casadio.
This method is an extension of the two following methods

Olmea O. and Valencia A. (1997) Fold. Des. 2: S25-32.

Fariselli P and Casadio R. (1999) Prot. Engng 12:15-21

#================================================================#

PREDICTION

Couple          Reliability
i       j
691     282     0.903
691     305     0.881
244     214     0.872
244     145     0.865
214     7       0.854
214     204     0.852
691     133     0.847
244     59      0.842
691     214     0.842
90      18      0.839
244     133     0.838
244     204     0.835
677     638     0.833
204     90      0.833
692     90      0.831
227     214     0.829
244     196     0.829
244     227     0.825
204     7       0.825
181     7       0.825
305     145     0.824
204     18      0.821
305     182     0.820
305     196     0.819
692     282     0.818
228     182     0.818
18      7       0.816
143     7       0.814
218     204     0.814
145     7       0.813
671     282     0.811
244     182     0.810
244     7       0.808
691     196     0.808
691     298     0.808
244     181     0.808
671     7       0.808
144     7       0.808
226     218     0.805
88      18      0.798
89      19      0.798
244     197     0.798
213     204     0.797
226     181     0.796
203     18      0.796
214     144     0.792
218     181     0.792
645     246     0.791
218     197     0.791
144     90      0.790
181     59      0.789
644     90      0.787
692     144     0.787
691     81      0.786
181     61      0.786
228     214     0.786
244     57      0.785
644     26      0.785
143     81      0.785
226     214     0.785
144     18      0.783
644     204     0.783
226     182     0.783
227     183     0.783
691     209     0.783
246     25      0.781
645     18      0.780
145     18      0.780
218     145     0.779
313     305     0.777
313     214     0.777
644     18      0.776
204     145     0.776
166     145     0.775
226     196     0.775
423     244     0.775
223     7       0.774
209     197     0.774
305     278     0.774
691     237     0.773
160     59      0.773
214     196     0.773
166     7       0.773
244     213     0.772
214     59      0.772
204     59      0.772
244     90      0.772
305     218     0.771
246     214     0.771
690     282     0.771
167     7       0.771
246     18      0.770
218     196     0.769
226     145     0.768
244     226     0.768
636     90      0.767
181     81      0.767
244     18      0.766
691     7       0.766
305     181     0.765
203     7       0.765
204     144     0.765
423     204     0.764
305     59      0.764
226     197     0.763
691     377     0.762
60      35      0.762
305     214     0.762
248     216     0.762
26      18      0.760
228     145     0.760
671     204     0.760
692     315     0.759
227     7       0.759
671     214     0.758
305     227     0.758
213     196     0.758
218     7       0.757
213     18      0.757
209     145     0.757
227     145     0.757
645     204     0.757
691     182     0.757
214     90      0.756
305     233     0.756
692     228     0.756
228     7       0.755
691     197     0.755
213     7       0.755
691     59      0.755
23      7       0.755
204     133     0.754
691     227     0.754
208     19      0.753
692     182     0.753
204     196     0.752
204     23      0.752
214     181     0.752
228     39      0.752
691     204     0.752
246     204     0.752
244     218     0.751
204     167     0.751
204     169     0.750
27      19      0.750
207     179     0.750
167     90      0.750
204     183     0.748
244     233     0.748
227     39      0.748
182     143     0.747
228     59      0.746
691     145     0.744
204     181     0.743
218     59      0.743
226     133     0.743
168     18      0.742
214     18      0.742
203     90      0.742
214     197     0.742
305     226     0.741
218     133     0.741
218     160     0.740
144     39      0.740
245     89      0.740
226     160     0.739
671     145     0.739
316     145     0.739
90      23      0.739
181     145     0.739
223     204     0.738
144     59      0.738
691     39      0.738
90      7       0.737
644     7       0.736
638     204     0.736
166     18      0.736
182     144     0.735
228     179     0.735
204     197     0.734
328     229     0.733
167     144     0.733
228     197     0.732
181     34      0.732
671     18      0.732
226     213     0.732
181     133     0.732
643     87      0.731
693     197     0.731
59      34      0.731
644     244     0.731
650     223     0.730
644     214     0.730
691     223     0.730
248     169     0.730
644     88      0.730
223     61      0.730
218     81      0.729
160     133     0.729
203     19      0.729
213     181     0.729
245     144     0.729
218     182     0.729
223     59      0.729
143     59      0.729
636     18      0.728
636     88      0.728
229     81      0.728
313     181     0.728
313     229     0.727
650     229     0.727
248     207     0.727
282     214     0.727
282     246     0.726
72      7       0.726
213     144     0.726
305     282     0.726
244     56      0.725
203     182     0.725
643     90      0.725
313     182     0.725
204     182     0.725
244     205     0.724
690     248     0.724
218     57      0.724
305     133     0.724
179     63      0.724
671     227     0.724
245     26      0.723
313     7       0.723
644     23      0.722
196     182     0.722
227     182     0.722
691     226     0.722
167     23      0.722
203     25      0.721
276     197     0.721
181     90      0.721
650     197     0.720
692     305     0.720
167     18      0.720
218     183     0.719
677     214     0.719
276     61      0.719
644     246     0.719
59      39      0.719
692     145     0.718
677     248     0.718
650     160     0.718
197     59      0.718
90      81      0.718
650     305     0.718
143     34      0.717
421     18      0.717
282     228     0.717
207     178     0.717
181     116     0.717
691     233     0.716
690     161     0.716
635     18      0.716
646     214     0.716
226     7       0.715
226     59      0.715
169     18      0.714
423     18      0.714
209     7       0.714
691     279     0.714
691     387     0.714
282     7       0.714
244     34      0.713
90      26      0.713
421     204     0.713
214     133     0.713
88      25      0.713
88      23      0.713
214     182     0.712
214     145     0.712
145     81      0.712
244     160     0.711
228     144     0.711
206     177     0.711
246     197     0.711
223     81      0.711
691     18      0.710
181     39      0.709
282     229     0.709
244     144     0.709
223     214     0.709
328     181     0.709
213     90      0.708
181     144     0.708
693     7       0.708
197     182     0.708
245     204     0.708
276     160     0.708
693     305     0.708
228     198     0.707
144     81      0.707
276     181     0.706
196     183     0.706
25      7       0.706
633     288     0.706
229     59      0.706
671     213     0.706
218     39      0.705
244     167     0.705
246     182     0.705
173     133     0.705
218     56      0.704
680     133     0.704
244     195     0.704
423     167     0.702
244     223     0.702
305     183     0.702
678     214     0.702
204     26      0.702
245     90      0.701
671     197     0.700
246     26      0.700
213     133     0.700
227     59      0.700
232     197     0.700
160     145     0.699
246     160     0.699
213     145     0.699
226     144     0.699
645     206     0.699
313     227     0.699
646     204     0.699
213     182     0.699
168     19      0.699
246     167     0.699
633     215     0.698
201     145     0.698
90      25      0.698
276     133     0.698
423     214     0.697
424     245     0.697
228     196     0.697
237     197     0.697
227     181     0.696
677     204     0.696
644     20      0.696
223     160     0.696
244     183     0.696
214     203     0.696
227     144     0.696
645     20      0.695
690     182     0.695
678     18      0.695
244     228     0.695
229     196     0.695
645     244     0.694
246     145     0.694
634     168     0.694
692     218     0.694
313     204     0.694
671     196     0.694
246     7       0.694
645     25      0.694
691     186     0.694
223     144     0.694
638     167     0.693
196     39      0.693
143     90      0.693
671     182     0.693
692     375     0.692
671     244     0.692
179     133     0.692
218     18      0.691
645     90      0.691
633     4       0.691
691     228     0.691
226     57      0.691
691     183     0.691
205     18      0.691
228     81      0.690
282     145     0.690
680     214     0.690
248     204     0.690
633     315     0.689
645     167     0.689
644     167     0.688
276     229     0.688
680     248     0.688
692     196     0.687
227     204     0.687
691     160     0.687
315     146     0.687
691     56      0.687
690     223     0.687
246     209     0.687
633     18      0.686
313     282     0.686
245     18      0.686
197     145     0.686
305     237     0.686
680     7       0.685
375     144     0.685
144     133     0.685
313     59      0.685
691     57      0.685
635     89      0.684
650     214     0.684
227     197     0.684
671     181     0.684
375     228     0.683
650     282     0.683
183     145     0.683
422     19      0.682
285     278     0.682
25      18      0.682
169     133     0.682
636     282     0.682
203     86      0.682
244     6       0.681
638     315     0.681
677     169     0.681
635     25      0.681
377     7       0.681
204     57      0.681
282     144     0.681
221     214     0.681
246     90      0.680
228     204     0.680
644     229     0.679
671     305     0.679
692     143     0.679
348     305     0.679
276     183     0.679
646     213     0.679
90      20      0.678
693     282     0.678
422     245     0.678
223     197     0.678
214     143     0.678
690     296     0.678
633     204     0.677
305     56      0.677
313     196     0.677
204     143     0.677
646     7       0.677
683     223     0.677
313     144     0.677
213     197     0.677
281     214     0.677
368     181     0.677
422     18      0.676
227     160     0.676
282     223     0.676
203     88      0.676
203     26      0.676
314     214     0.676
636     203     0.676
638     18      0.675
144     116     0.675
635     88      0.675
680     282     0.674
282     249     0.674
259     229     0.674
377     282     0.674
646     633     0.674
169     25      0.674
644     19      0.673
160     41      0.673
232     196     0.673
305     39      0.673
207     7       0.673
227     133     0.672
281     144     0.672
91      26      0.672
168     22      0.672
490     218     0.672
644     25      0.672
644     24      0.672
644     636     0.672
223     133     0.671
638     20      0.671
313     278     0.671
209     144     0.671
635     24      0.671
644     143     0.671
203     167     0.670
490     214     0.670
622     204     0.670
205     144     0.669
228     116     0.669
671     226     0.669
316     305     0.669
423     144     0.669
596     288     0.669
168     87      0.668
244     169     0.668
213     143     0.668
490     133     0.668
166     144     0.668
638     215     0.668
305     236     0.668
173     7       0.667
218     144     0.667
305     298     0.667
244     61      0.667
646     248     0.667
678     204     0.667
673     144     0.667
194     81      0.667
691     144     0.667
244     236     0.666
229     181     0.666
690     398     0.666
167     145     0.666
650     145     0.666
181     140     0.666
562     305     0.666
305     34      0.666
168     90      0.665
196     181     0.665
305     232     0.665
90      6       0.665
168     20      0.665
144     57      0.665
226     204     0.664
650     7       0.664
228     173     0.664
375     197     0.664
690     60      0.664
622     18      0.664
314     145     0.664
196     145     0.664
206     19      0.663
691     181     0.663
691     218     0.663
646     145     0.663
278     247     0.663
673     204     0.663
181     18      0.663
209     18      0.663
246     168     0.662
671     218     0.662
244     25      0.662
644     282     0.662
690     7       0.662
182     160     0.662
204     160     0.662
229     218     0.662
214     167     0.662
633     203     0.661
197     160     0.661
690     198     0.661
213     203     0.661
204     19      0.661
644     213     0.660
638     144     0.660
198     60      0.660
637     19      0.660
204     88      0.660
276     237     0.660
87      25      0.660
636     214     0.660
645     23      0.660
87      22      0.660
421     23      0.659
168     89      0.659
305     249     0.659
678     246     0.659
313     197     0.659
638     214     0.659
237     228     0.659
248     214     0.659
633     563     0.659
197     81      0.659
634     204     0.659
228     133     0.659
693     214     0.658
680     226     0.658
691     90      0.658
232     181     0.658
228     218     0.658
317     248     0.658
213     25      0.658
287     145     0.658
562     197     0.658
226     173     0.657
243     19      0.657
644     245     0.656
90      59      0.656
313     228     0.656
673     7       0.656
169     145     0.656
203     144     0.656
59      7       0.656
671     646     0.656
207     173     0.656
206     168     0.656
692     229     0.656
623     204     0.655
645     7       0.655
305     229     0.655
236     218     0.655
305     228     0.655
690     179     0.655
218     72      0.655
214     169     0.655
248     220     0.655
213     81      0.655
421     282     0.655
644     22      0.655
90      22      0.654
160     81      0.654
248     223     0.653
691     302     0.653
644     91      0.653
227     218     0.653
313     226     0.653
644     144     0.653
88      26      0.653
677     245     0.653
168     26      0.652
145     90      0.652
244     232     0.652
650     218     0.652
168     25      0.652
680     59      0.652
182     138     0.652
691     683     0.652
213     59      0.652
677     144     0.652
638     248     0.652
246     19      0.652
650     133     0.652
645     87      0.651
681     277     0.651
683     214     0.651
635     90      0.651
26      19      0.651
690     319     0.651
281     197     0.651
143     88      0.651
691     244     0.651
228     57      0.651
228     181     0.651
370     282     0.650
693     223     0.650
290     282     0.650
72      59      0.650
245     203     0.650
244     179     0.650
314     7       0.650
644     203     0.650
88      7       0.650
226     38      0.650
203     173     0.649
646     18      0.649
227     143     0.649
313     145     0.649
244     23      0.649
691     229     0.649
677     216     0.649
683     282     0.649
671     229     0.649
214     160     0.648
305     38      0.648
90      24      0.648
644     253     0.648
638     244     0.647
167     26      0.647
680     183     0.647
211     19      0.647
305     250     0.647
692     60      0.647
248     18      0.647
638     90      0.647
282     197     0.647
421     214     0.647
243     146     0.646
244     72      0.646
81      7       0.646
60      4       0.646
375     182     0.646
693     228     0.646
638     19      0.646
650     387     0.645
244     143     0.645
232     57      0.645
691     313     0.645
246     206     0.645
91      18      0.645
690     233     0.644
226     132     0.644
305     204     0.644
677     288     0.644
218     41      0.644
226     183     0.644
196     144     0.644
279     145     0.644
681     222     0.644
424     315     0.644
680     81      0.644
218     65      0.643
282     143     0.643
245     24      0.643
646     224     0.643
278     229     0.643
196     7       0.643
375     214     0.643
643     19      0.643
315     293     0.642
375     145     0.642
637     167     0.642
259     181     0.642
144     26      0.642
373     282     0.642
205     167     0.642
316     218     0.642
305     197     0.641
692     18      0.641
671     144     0.641
693     278     0.641
691     114     0.641
305     57      0.641
228     35      0.641
246     203     0.640
203     179     0.640
213     183     0.640
173     59      0.640
636     26      0.640
181     160     0.640
691     236     0.640
169     7       0.640
643     91      0.640
214     81      0.640
678     203     0.640
183     59      0.639
315     182     0.639
236     133     0.639
206     145     0.639
255     81      0.639
246     59      0.639
232     160     0.639
245     167     0.639
223     196     0.639
673     203     0.638
637     23      0.638
144     65      0.638
638     245     0.638
27      18      0.638
206     146     0.638
375     179     0.638
693     145     0.638
90      19      0.638
636     23      0.638
214     57      0.638
248     215     0.637
168     91      0.637
223     18      0.637
680     279     0.637
204     116     0.637
693     160     0.637
88      24      0.637
133     59      0.637
248     178     0.637
228     183     0.637
646     279     0.637
645     22      0.636
645     168     0.636
81      61      0.636
636     204     0.636
316     214     0.636
237     218     0.636
232     59      0.636
634     167     0.636
145     116     0.636
691     260     0.635
279     246     0.635
89      22      0.635
315     305     0.635
203     166     0.635
203     145     0.635
196     59      0.635
691     276     0.635
143     99      0.635
223     135     0.634
243     203     0.634
636     25      0.634
244     237     0.634
384     233     0.634
317     277     0.634
423     145     0.634
227     198     0.634
644     86      0.634
281     223     0.633
226     179     0.633
638     88      0.633
89      21      0.633
236     160     0.633
197     39      0.633
691     278     0.633
276     246     0.633
228     90      0.633
375     223     0.632
232     182     0.632
169     19      0.632
313     253     0.632
88      20      0.632
692     81      0.632
680     224     0.632
226     169     0.632
160     56      0.632
229     90      0.631
638     282     0.631
80      60      0.631
644     227     0.631
633     317     0.631
623     214     0.631
204     39      0.631
245     27      0.631
218     35      0.631
276     218     0.631
243     215     0.631
643     245     0.631
633     222     0.630
244     224     0.630
650     298     0.630
303     197     0.630
421     244     0.630
645     637     0.630
562     7       0.630
671     223     0.630
422     248     0.629
645     248     0.629
683     204     0.629
282     182     0.629
149     34      0.629
281     160     0.629
248     4       0.629
167     143     0.629
375     229     0.629
671     133     0.629
635     245     0.629
423     90      0.629
671     6       0.629
183     57      0.629
226     6       0.628
650     228     0.628
692     223     0.628
422     90      0.628
678     144     0.628
205     7       0.628
243     219     0.628
205     19      0.628
244     209     0.628
645     214     0.628
633     213     0.628
236     197     0.628
623     144     0.628
646     488     0.628
282     59      0.628
232     133     0.628
305     7       0.628
377     145     0.628
622     244     0.628
243     214     0.628
228     192     0.627
313     143     0.627
247     214     0.627
227     90      0.627
646     244     0.627
644     635     0.627
143     39      0.627
244     39      0.627
168     144     0.627
691     375     0.627
691     645     0.627
635     282     0.627
228     143     0.626
229     133     0.626
635     87      0.626
490     145     0.626
691     322     0.626
22      7       0.626
680     179     0.626
143     57      0.626
683     173     0.626
229     145     0.626
246     23      0.626
282     160     0.626
26      7       0.625
645     213     0.625
644     181     0.625
244     207     0.625
218     34      0.625
488     248     0.625
692     650     0.625
375     183     0.625
313     246     0.625
246     81      0.624
144     19      0.624
244     191     0.624
282     218     0.624
223     209     0.624
638     220     0.624
160     57      0.624
169     160     0.624
223     145     0.624
226     34      0.624
245     20      0.624
375     282     0.624
315     279     0.623
645     638     0.623
228     34      0.623
644     168     0.623
218     132     0.623
244     138     0.623
173     57      0.623
144     35      0.623
375     59      0.623
88      22      0.623
227     196     0.623
207     145     0.623
677     168     0.623
488     145     0.623
305     266     0.623
673     244     0.623
87      23      0.623
680     237     0.622
218     61      0.622
377     196     0.622
246     218     0.622
206     197     0.622
218     116     0.622
644     223     0.622
644     255     0.622
298     218     0.622
167     19      0.622
281     7       0.622
633     277     0.622
244     88      0.622
377     133     0.622
282     237     0.622
303     181     0.622
205     143     0.622
244     140     0.622
638     7       0.622
384     182     0.621
645     197     0.621
308     59      0.621
203     168     0.621
196     133     0.621
204     25      0.621
248     224     0.621
377     227     0.621
678     282     0.621
678     244     0.621
683     145     0.621
214     26      0.621
298     133     0.621
690     214     0.621
644     248     0.620
223     181     0.620
692     226     0.620
375     160     0.620
196     160     0.620
244     229     0.620
633     65      0.620
680     223     0.620
166     90      0.620
672     214     0.619
387     233     0.619
622     229     0.619
145     57      0.619
17      7       0.619
638     285     0.619
145     59      0.619
422     214     0.619
421     246     0.619
637     26      0.618
228     65      0.618
681     85      0.618
214     6       0.618
246     88      0.618
204     81      0.618
246     205     0.618
169     86      0.618
218     149     0.618
167     57      0.618
680     313     0.618
217     198     0.618
208     63      0.617
143     6       0.617
644     637     0.617
149     61      0.617
237     227     0.617
209     160     0.617
641     285     0.617
592     222     0.617
637     214     0.617
244     222     0.617
227     34      0.617
305     138     0.617
423     206     0.616
678     223     0.616
645     203     0.616
143     116     0.616
276     195     0.616
421     213     0.616
646     203     0.616
223     179     0.616
678     245     0.616
645     19      0.616
421     167     0.616
671     248     0.616
636     19      0.615
209     116     0.615
218     179     0.615
671     59      0.615
635     167     0.615
144     6       0.615
635     214     0.615
317     243     0.615
318     282     0.615
237     57      0.615
375     227     0.615
681     179     0.614
622     214     0.614
160     138     0.614
677     633     0.614
179     61      0.614
246     144     0.614
636     7       0.614
170     19      0.614
281     228     0.614
671     423     0.614
683     144     0.613
276     59      0.613
683     228     0.613
232     223     0.613
673     214     0.613
140     133     0.613
683     305     0.613
86      7       0.613
218     167     0.613
635     19      0.613
636     24      0.612
635     23      0.612
298     160     0.612
204     166     0.612
690     173     0.612
204     168     0.612
690     638     0.612
281     81      0.612
246     226     0.612
637     18      0.612
671     313     0.612
691     650     0.612
635     168     0.612
218     143     0.611
173     81      0.611
196     143     0.611
692     194     0.611
647     285     0.611
643     88      0.611
194     179     0.611
168     27      0.611
290     143     0.611
183     7       0.610
228     60      0.610
691     26      0.610
691     677     0.610
278     7       0.610
245     214     0.610
680     198     0.610
290     255     0.610
229     34      0.610
226     56      0.610
166     133     0.610
681     563     0.609
279     214     0.609
173     4       0.609
203     183     0.609
206     18      0.609
244     81      0.609
693     218     0.609
218     6       0.609
561     317     0.609
634     214     0.609
638     89      0.609
223     90      0.609
645     91      0.609
305     252     0.609
227     18      0.609
693     182     0.609
182     81      0.609
677     285     0.609
194     59      0.608
229     7       0.608
88      81      0.608
149     59      0.608
644     222     0.608
645     423     0.608
316     282     0.608
633     144     0.608
227     81      0.608
276     140     0.608
671     237     0.608
227     169     0.608
248     133     0.608
204     34      0.607
623     244     0.607
302     218     0.607
637     203     0.607
282     133     0.607
302     227     0.607
86      22      0.607
170     7       0.607
678     248     0.607
421     91      0.607
203     133     0.607
650     204     0.607
635     203     0.607
671     645     0.607
167     59      0.607
368     229     0.607
213     61      0.607
373     214     0.607
85      7       0.607
244     203     0.606
181     169     0.606
302     196     0.606
680     206     0.606
228     18      0.606
213     167     0.606
197     133     0.606
236     81      0.606
218     158     0.606
166     59      0.606
691     88      0.606
236     182     0.606
298     197     0.606
166     25      0.606
694     277     0.606
677     373     0.606
203     143     0.605
305     160     0.605
284     197     0.605
422     315     0.605
691     328     0.605
691     671     0.605
680     197     0.605
218     209     0.605
634     18      0.605
305     290     0.605
694     165     0.604
673     305     0.604
679     19      0.604
308     160     0.604
315     177     0.604
248     168     0.604
195     182     0.604
644     6       0.604
208     161     0.604
247     215     0.604
298     182     0.604
692     281     0.604
650     181     0.604
671     377     0.603
245     143     0.603
207     60      0.603
196     90      0.603
633     7       0.603
183     81      0.603
691     61      0.603
691     563     0.603
255     90      0.603
680     207     0.603
166     143     0.603
303     182     0.603
375     237     0.603
678     213     0.602
638     86      0.602
680     227     0.602
690     683     0.602
372     214     0.602
677     646     0.602
692     6       0.602
635     7       0.602
677     215     0.602
423     23      0.602
671     143     0.602
638     22      0.602
89      18      0.602
243     179     0.602
143     65      0.601
206     85      0.601
635     26      0.601
645     143     0.601
314     144     0.601
161     60      0.601
245     17      0.601
308     181     0.601
214     34      0.601
634     245     0.601
676     144     0.601
647     288     0.601
143     26      0.601
638     168     0.601
197     7       0.601
169     87      0.600
204     91      0.600
596     317     0.600
228     138     0.600
305     41      0.600
691     384     0.600
278     181     0.600
207     8       0.600
207     18      0.600
634     90      0.600
167     25      0.600
305     144     0.600
205     26      0.600
181     57      0.600
233     181     0.600
691     38      0.599
229     204     0.599
59      35      0.599
377     214     0.599
236     196     0.599
375     218     0.599
633     143     0.599
671     236     0.599
646     166     0.599
236     227     0.599
244     168     0.599
645     145     0.599
646     215     0.599
305     179     0.599
227     173     0.599
181     151     0.599
692     183     0.598
206     182     0.598
87      20      0.598
650     143     0.598
293     279     0.598
637     24      0.598
423     197     0.598
671     209     0.598
215     7       0.598
677     312     0.598
313     279     0.598
168     21      0.598
276     236     0.598
218     38      0.598
214     179     0.598
633     216     0.598
214     60      0.598
222     197     0.597
693     4       0.597
646     170     0.597
672     315     0.597
673     226     0.597
203     23      0.597
244     166     0.597
166     6       0.597
490     59      0.597
226     135     0.596
646     205     0.596
245     22      0.596
227     116     0.596
279     204     0.596
643     25      0.596
633     206     0.596
181     56      0.596
634     19      0.596
646     246     0.596
671     205     0.596
488     285     0.596
314     204     0.595
248     19      0.595
678     169     0.595
168     23      0.595
691     325     0.595
692     214     0.595
247     224     0.595
644     92      0.595
693     144     0.595
423     166     0.595
305     246     0.595
634     244     0.595
376     227     0.595
634     169     0.595
376     204     0.595
691     140     0.595
311     224     0.594
328     196     0.594
182     7       0.594
387     182     0.594
226     178     0.594
249     229     0.594
645     88      0.594
637     25      0.594
248     26      0.594
671     279     0.594
691     149     0.594
226     41      0.594
213     166     0.594
690     317     0.594
214     205     0.594
226     81      0.593
693     135     0.593
205     17      0.593
644     4       0.593
313     249     0.593
228     160     0.593
313     223     0.593
313     290     0.593
677     19      0.593
680     173     0.593
313     160     0.593
244     102     0.593
396     181     0.593
209     183     0.593
282     61      0.593
691     41      0.592
197     34      0.592
693     227     0.592
203     161     0.592
421     227     0.592
298     236     0.592
690     625     0.592
243     85      0.592
691     65      0.592
244     9       0.592
203     181     0.592
209     179     0.592
644     169     0.592
181     38      0.591
647     204     0.591
250     145     0.591
635     204     0.591
281     204     0.591
227     61      0.591
633     179     0.591
276     81      0.591
181     143     0.591
692     387     0.591
423     7       0.591
671     203     0.591
315     206     0.591
313     232     0.591
635     213     0.591
317     288     0.591
691     34      0.590
203     22      0.590
217     19      0.590
635     144     0.590
246     169     0.590
247     18      0.590
315     246     0.590
208     198     0.590
179     135     0.590
425     214     0.590
223     132     0.590
205     145     0.590
693     59      0.589
245     213     0.589
204     72      0.589
563     305     0.589
671     90      0.589
375     18      0.589
91      7       0.589
636     144     0.589
645     173     0.589
377     182     0.589
425     223     0.589
243     182     0.589
259     196     0.588
282     204     0.588
248     206     0.588
646     207     0.588
305     223     0.588
204     6       0.588
313     133     0.588
305     135     0.588
680     56      0.588
167     86      0.587
149     81      0.587
490     282     0.587
422     215     0.587
375     7       0.587
691     195     0.587
671     650     0.587