Prediction Made with CORNET:
a Neural Network based method trained using Correlated Mutations,
Sequence Conservation, Predicted Secondary structure of Proteins and
Evolutionary Information.
Authors Fariselli Piero, Olmea Osvaldo, Valencia Alfonso, Rita Casadio.
This method is an extension of the two following methods

Olmea O. and Valencia A. (1997) Fold. Des. 2: S25-32.

Fariselli P and Casadio R. (1999) Prot. Engng 12:15-21

#================================================================#

PREDICTION

Couple          Reliability
i       j
311     108     0.921
421     312     0.900
405     312     0.893
311     239     0.885
359     108     0.877
108     96      0.874
380     239     0.869
381     312     0.861
285     92      0.860
327     108     0.858
110     9       0.857
109     8       0.852
329     230     0.851
329     239     0.851
421     239     0.850
329     108     0.849
108     41      0.849
229     108     0.849
409     312     0.849
327     239     0.848
424     225     0.846
329     312     0.846
404     381     0.845
409     239     0.844
307     285     0.844
96      43      0.843
426     225     0.842
409     108     0.842
421     147     0.840
229     109     0.840
108     43      0.839
387     239     0.838
424     108     0.834
380     108     0.833
111     6       0.832
421     287     0.832
108     97      0.831
329     225     0.830
329     227     0.829
381     239     0.829
380     312     0.829
427     312     0.828
381     311     0.828
285     108     0.827
421     409     0.826
96      41      0.825
427     108     0.825
96      6       0.824
314     239     0.823
405     74      0.822
235     225     0.821
239     108     0.821
421     311     0.820
233     108     0.819
21      6       0.819
329     311     0.818
312     108     0.818
108     94      0.817
329     229     0.817
329     7       0.815
421     405     0.815
334     239     0.815
239     92      0.813
109     96      0.813
289     230     0.812
230     96      0.811
312     239     0.811
359     225     0.810
421     294     0.809
420     236     0.809
307     108     0.809
230     43      0.809
421     236     0.808
327     311     0.807
422     235     0.807
94      41      0.807
421     206     0.807
421     91      0.806
416     239     0.806
230     109     0.805
229     7       0.805
111     94      0.805
422     227     0.805
111     103     0.804
228     108     0.804
426     228     0.804
108     93      0.803
409     381     0.803
356     9       0.803
312     147     0.802
421     382     0.801
359     312     0.801
289     41      0.801
358     108     0.801
380     236     0.800
382     239     0.800
329     8       0.800
359     285     0.799
229     43      0.798
329     228     0.798
428     225     0.798
327     312     0.797
359     239     0.797
308     108     0.796
230     108     0.796
405     381     0.796
109     6       0.795
309     108     0.795
409     225     0.795
111     8       0.795
394     312     0.794
239     207     0.794
289     108     0.794
387     334     0.794
111     43      0.792
407     312     0.792
289     43      0.792
230     41      0.792
356     5       0.791
229     96      0.790
329     6       0.790
96      8       0.789
329     15      0.789
327     285     0.788
307     91      0.787
228     41      0.787
233     6       0.787
307     236     0.786
329     43      0.786
311     225     0.786
427     109     0.786
409     236     0.786
308     239     0.786
229     94      0.786
111     96      0.785
356     18      0.785
230     8       0.785
381     74      0.785
308     147     0.785
382     312     0.784
289     239     0.784
355     6       0.784
307     228     0.784
409     380     0.784
228     93      0.784
312     224     0.784
230     97      0.784
334     311     0.784
409     382     0.784
230     111     0.783
230     6       0.783
232     43      0.783
421     108     0.783
229     8       0.783
421     327     0.782
229     41      0.781
428     227     0.781
239     43      0.780
228     95      0.780
387     312     0.779
381     108     0.779
404     311     0.778
421     381     0.778
225     115     0.778
421     96      0.778
311     228     0.778
307     225     0.775
329     96      0.775
426     227     0.775
228     96      0.775
285     226     0.775
108     6       0.774
406     239     0.773
334     285     0.773
426     108     0.773
230     14      0.773
408     235     0.772
387     327     0.772
311     224     0.772
97      43      0.771
405     382     0.771
406     225     0.770
358     285     0.770
421     214     0.770
425     6       0.769
423     312     0.769
420     228     0.768
333     236     0.768
405     206     0.767
109     94      0.767
288     108     0.767
386     284     0.766
229     6       0.766
421     410     0.766
289     233     0.766
109     43      0.766
94      43      0.766
405     239     0.765
427     41      0.765
309     239     0.765
425     312     0.765
111     41      0.765
424     247     0.765
14      7       0.765
232     6       0.764
416     404     0.764
423     356     0.764
312     236     0.764
314     108     0.763
285     224     0.763
422     312     0.763
108     8       0.763
285     225     0.763
398     5       0.762
345     312     0.762
226     108     0.762
428     356     0.762
415     285     0.761
109     41      0.761
97      41      0.761
422     110     0.761
356     225     0.761
225     93      0.760
313     108     0.760
416     381     0.760
380     311     0.759
420     410     0.759
421     315     0.759
393     225     0.759
233     43      0.758
97      6       0.758
239     197     0.758
427     329     0.758
233     225     0.758
233     96      0.758
426     9       0.758
421     230     0.757
230     95      0.757
421     380     0.757
229     103     0.756
427     96      0.756
229     93      0.756
41      6       0.755
421     232     0.755
311     197     0.755
424     8       0.755
387     294     0.755
230     7       0.755
21      8       0.755
224     108     0.755
109     97      0.755
426     110     0.754
27      18      0.754
231     42      0.754
239     224     0.754
228     107     0.754
289     96      0.753
409     74      0.753
424     9       0.753
225     108     0.753
228     42      0.753
289     229     0.753
380     285     0.753
416     74      0.753
404     239     0.753
112     42      0.752
109     15      0.752
425     329     0.752
231     93      0.751
421     227     0.751
225     110     0.751
230     42      0.751
312     285     0.750
328     228     0.750
381     147     0.750
228     43      0.750
427     311     0.750
330     14      0.749
421     329     0.749
425     10      0.749
311     97      0.748
103     41      0.748
108     92      0.748
396     284     0.748
355     43      0.748
121     108     0.748
424     229     0.748
294     239     0.748
427     289     0.748
225     92      0.747
285     181     0.747
228     91      0.747
424     329     0.746
382     108     0.746
426     8       0.746
108     7       0.746
227     93      0.746
95      6       0.746
294     242     0.746
229     181     0.746
329     14      0.746
307     239     0.745
110     42      0.745
229     111     0.744
395     312     0.744
286     43      0.744
330     108     0.744
232     41      0.744
421     197     0.744
419     91      0.743
427     380     0.742
327     147     0.742
228     114     0.742
233     92      0.742
424     7       0.742
43      6       0.741
427     15      0.741
386     285     0.741
418     235     0.741
312     96      0.741
229     14      0.741
285     239     0.741
382     285     0.741
116     108     0.741
286     225     0.741
15      8       0.741
428     228     0.740
108     95      0.740
288     233     0.740
395     334     0.740
422     93      0.740
226     109     0.740
116     6       0.739
109     92      0.739
93      41      0.739
181     108     0.739
386     91      0.739
181     109     0.738
359     308     0.738
329     94      0.738
228     92      0.738
95      7       0.738
229     15      0.738
424     355     0.738
428     108     0.738
330     6       0.738
307     288     0.738
427     10      0.738
409     285     0.737
309     225     0.737
358     235     0.737
415     236     0.737
224     96      0.737
15      6       0.736
409     49      0.736
311     236     0.736
20      5       0.736
113     93      0.736
355     8       0.735
331     311     0.735
229     42      0.734
422     406     0.734
286     233     0.734
231     110     0.734
311     96      0.734
424     6       0.733
416     108     0.733
405     380     0.733
406     108     0.733
234     5       0.733
383     225     0.733
420     307     0.733
327     236     0.733
311     294     0.733
421     406     0.733
96      7       0.732
404     8       0.732
95      8       0.732
98      27      0.732
422     211     0.731
381     206     0.731
329     41      0.731
229     95      0.731
378     225     0.731
420     239     0.730
387     329     0.730
94      7       0.730
422     228     0.730
94      6       0.730
230     94      0.730
387     103     0.730
427     6       0.729
239     206     0.729
328     108     0.729
400     89      0.729
311     289     0.729
425     41      0.729
420     225     0.729
311     6       0.728
289     109     0.728
398     91      0.728
108     14      0.728
307     284     0.728
225     96      0.728
239     96      0.728
422     91      0.728
358     312     0.728
386     307     0.727
232     108     0.727
329     309     0.727
294     92      0.727
327     214     0.727
424     109     0.727
332     312     0.726
354     108     0.726
289     97      0.726
334     147     0.726
405     147     0.726
312     230     0.726
286     226     0.726
22      6       0.725
288     225     0.725
425     230     0.725
108     77      0.725
228     97      0.725
394     380     0.724
332     311     0.724
425     96      0.724
427     327     0.724
420     227     0.723
292     239     0.723
103     43      0.723
420     108     0.723
227     108     0.722
425     8       0.722
120     108     0.722
421     228     0.722
421     89      0.722
381     96      0.722
288     43      0.722
114     93      0.722
422     329     0.721
96      15      0.721
415     89      0.721
423     235     0.721
410     285     0.721
427     381     0.721
228     115     0.721
426     6       0.720
228     109     0.720
230     92      0.720
327     294     0.720
232     8       0.720
426     231     0.720
421     74      0.719
43      8       0.719
286     41      0.719
329     22      0.719
285     233     0.719
311     147     0.719
426     16      0.718
421     334     0.718
16      8       0.718
334     294     0.718
421     309     0.718
227     91      0.718
228     110     0.718
312     91      0.718
286     230     0.718
103     92      0.718
232     109     0.718
239     109     0.718
395     89      0.718
289     232     0.718
311     181     0.717
228     40      0.717
230     15      0.717
404     309     0.717
427     285     0.717
421     411     0.716
308     285     0.716
426     307     0.716
225     97      0.716
285     247     0.716
359     334     0.716
348     225     0.716
233     41      0.716
289     111     0.716
311     14      0.716
334     108     0.715
423     228     0.715
331     108     0.715
239     147     0.715
421     116     0.715
233     111     0.715
114     42      0.714
386     228     0.714
236     103     0.714
330     96      0.714
311     89      0.714
228     94      0.714
359     91      0.714
327     242     0.714
236     224     0.714
393     98      0.714
355     329     0.713
27      5       0.713
232     92      0.713
307     227     0.713
114     96      0.713
428     307     0.713
419     27      0.713
109     7       0.713
421     41      0.712
110     5       0.712
421     15      0.712
225     43      0.712
399     312     0.712
409     212     0.712
434     235     0.712
356     247     0.712
427     382     0.711
387     359     0.711
228     5       0.711
422     27      0.711
424     96      0.711
288     231     0.710
228     7       0.710
115     5       0.710
239     181     0.710
96      42      0.710
287     232     0.710
387     380     0.710
230     112     0.710
419     284     0.710
226     43      0.710
427     239     0.710
421     330     0.710
430     236     0.710
427     230     0.709
289     227     0.709
355     225     0.709
354     313     0.709
232     7       0.709
289     231     0.709
398     297     0.709
115     108     0.709
382     227     0.709
292     226     0.709
312     89      0.709
359     311     0.708
408     91      0.708
380     74      0.708
349     108     0.708
294     285     0.707
251     242     0.707
286     227     0.707
311     285     0.707
422     410     0.707
380     359     0.707
409     228     0.707
332     108     0.707
228     44      0.707
410     239     0.707
410     359     0.706
420     381     0.706
409     334     0.706
358     91      0.706
110     95      0.706
239     56      0.705
288     232     0.705
423     8       0.705
386     236     0.704
16      9       0.704
95      9       0.704
232     113     0.704
386     308     0.704
242     41      0.704
329     308     0.704
239     41      0.704
387     226     0.704
233     114     0.704
329     307     0.704
226     94      0.704
187     108     0.704
427     14      0.703
432     236     0.703
225     41      0.703
292     103     0.703
422     409     0.703
378     323     0.703
425     111     0.703
359     327     0.702
286     92      0.702
225     91      0.702
387     230     0.702
314     307     0.702
394     236     0.702
289     245     0.702
327     49      0.702
330     22      0.701
380     96      0.701
312     8       0.701
117     5       0.701
232     97      0.701
42      5       0.701
231     44      0.701
294     89      0.701
428     421     0.701
121     43      0.701
285     41      0.701
386     329     0.701
312     225     0.701
329     187     0.701
329     109     0.701
359     272     0.700
408     239     0.700
308     109     0.700
382     224     0.700
422     108     0.700
420     300     0.700
355     229     0.700
231     95      0.699
334     312     0.699
386     313     0.699
17      6       0.699
382     96      0.699
380     224     0.699
356     91      0.699
311     182     0.699
111     93      0.699
424     228     0.699
307     289     0.698
416     382     0.698
228     181     0.698
422     115     0.698
232     96      0.698
420     235     0.698
292     92      0.698
385     227     0.698
233     97      0.698
307     235     0.698
425     311     0.698
408     227     0.698
127     5       0.697
233     121     0.697
329     214     0.697
381     197     0.697
355     227     0.697
225     107     0.697
398     247     0.697
359     236     0.697
113     41      0.696
42      9       0.696
288     42      0.696
355     10      0.696
422     24      0.696
236     97      0.696
109     42      0.695
382     242     0.695
395     311     0.695
288     228     0.695
423     109     0.695
386     239     0.695
404     33      0.695
381     236     0.695
425     7       0.694
354     285     0.694
290     92      0.694
380     294     0.694
289     114     0.694
421     356     0.694
294     236     0.693
359     329     0.693
409     224     0.693
224     109     0.693
355     239     0.693
108     15      0.693
233     226     0.693
288     41      0.693
22      7       0.693
286     103     0.693
425     109     0.693
92      43      0.693
337     284     0.693
239     89      0.692
426     115     0.692
405     148     0.692
111     97      0.692
446     236     0.692
289     92      0.692
242     92      0.692
239     182     0.692
284     227     0.692
239     226     0.692
427     214     0.692
423     108     0.691
285     232     0.691
329     314     0.691
292     233     0.691
394     225     0.691
236     89      0.691
113     97      0.691
387     315     0.690
420     285     0.690
294     245     0.690
411     334     0.690
425     381     0.690
428     239     0.690
231     6       0.690
226     41      0.690
319     312     0.690
389     284     0.690
239     121     0.690
427     356     0.689
227     97      0.689
97      42      0.689
410     312     0.689
289     226     0.689
289     94      0.689
317     236     0.689
330     225     0.689
228     111     0.689
287     224     0.689
422     356     0.689
409     147     0.688
329     97      0.688
93      42      0.688
114     41      0.688
417     235     0.688
416     197     0.688
95      41      0.688
382     294     0.688
231     108     0.688
314     225     0.688
225     24      0.688
232     94      0.688
311     22      0.687
115     93      0.687
313     91      0.687
379     312     0.687
421     49      0.687
94      42      0.687
294     49      0.687
311     41      0.687
311     233     0.687
288     92      0.687
97      22      0.687
328     225     0.687
395     327     0.687
421     290     0.687
329     289     0.687
398     152     0.686
404     224     0.686
230     110     0.686
226     96      0.686
285     241     0.686
394     239     0.686
236     148     0.686
327     227     0.686
242     230     0.686
42      15      0.686
285     245     0.686
311     227     0.685
307     89      0.685
426     96      0.685
387     300     0.685
314     294     0.685
118     108     0.685
421     307     0.685
231     96      0.685
291     225     0.685
387     229     0.685
430     299     0.684
225     40      0.684
359     229     0.684
225     42      0.684
380     329     0.684
308     287     0.684
231     9       0.684
228     9       0.684
416     405     0.684
97      8       0.684
330     229     0.684
421     224     0.684
42      8       0.684
292     224     0.684
113     43      0.683
421     317     0.683
43      7       0.683
424     95      0.683
289     95      0.683
289     93      0.683
289     121     0.683
396     227     0.683
242     108     0.683
424     97      0.683
242     103     0.683
421     323     0.683
416     236     0.682
231     109     0.682
416     380     0.682
229     114     0.682
289     225     0.682
15      7       0.682
41      8       0.682
231     97      0.682
380     307     0.682
404     329     0.682
427     227     0.681
411     309     0.681
329     232     0.681
229     97      0.681
386     311     0.681
380     89      0.681
230     103     0.681
329     21      0.681
233     224     0.681
103     89      0.681
356     228     0.680
314     91      0.680
420     411     0.680
312     97      0.680
427     92      0.680
420     89      0.680
181     43      0.680
229     182     0.680
354     228     0.680
386     288     0.680
308     41      0.679
311     7       0.679
242     197     0.679
227     103     0.679
212     96      0.679
416     233     0.679
312     289     0.678
358     27      0.678
311     214     0.678
232     95      0.678
286     108     0.678
381     285     0.678
422     311     0.678
334     308     0.678
93      6       0.678
394     381     0.678
41      10      0.678
95      42      0.678
421     284     0.678
113     42      0.677
422     96      0.677
311     230     0.677
115     91      0.677
286     224     0.677
426     93      0.677
359     89      0.677
245     224     0.677
245     92      0.677
312     232     0.677
427     242     0.677
312     287     0.677
427     236     0.677
230     93      0.677
426     247     0.677
329     74      0.676
421     94      0.676
380     147     0.676
421     6       0.676
242     226     0.676
424     14      0.676
23      6       0.676
404     380     0.676
409     359     0.675
426     239     0.675
381     294     0.675
355     327     0.675
384     225     0.675
425     95      0.675
239     228     0.675
294     108     0.674
382     359     0.674
387     227     0.674
420     312     0.674
229     115     0.674
233     103     0.674
424     93      0.674
233     181     0.674
398     180     0.674
286     97      0.673
312     228     0.673
406     247     0.673
357     228     0.673
182     103     0.673
424     112     0.673
409     89      0.673
358     225     0.673
378     358     0.673
322     312     0.673
225     95      0.673
232     111     0.673
425     108     0.672