Prediction Made with CORNET:
a Neural Network based method trained using Correlated Mutations,
Sequence Conservation, Predicted Secondary structure of Proteins and
Evolutionary Information.
Authors Fariselli Piero, Olmea Osvaldo, Valencia Alfonso, Rita Casadio.
This method is an extension of the two following methods

Olmea O. and Valencia A. (1997) Fold. Des. 2: S25-32.

Fariselli P and Casadio R. (1999) Prot. Engng 12:15-21

#================================================================#

PREDICTION

Couple          Reliability
i       j
373     234     0.968
268     234     0.956
232     62      0.954
273     62      0.952
371     234     0.951
236     186     0.947
234     127     0.945
234     186     0.945
437     195     0.945
272     234     0.945
373     273     0.944
394     35      0.944
232     64      0.944
270     234     0.943
374     233     0.942
439     140     0.940
233     195     0.940
373     62      0.939
286     233     0.938
390     195     0.938
439     136     0.938
268     236     0.938
273     232     0.938
374     290     0.937
275     234     0.937
279     195     0.935
401     234     0.935
374     234     0.935
390     273     0.934
275     233     0.934
390     234     0.934
373     232     0.933
401     68      0.932
401     392     0.932
290     234     0.930
390     233     0.930
286     270     0.929
439     272     0.929
236     62      0.929
401     273     0.929
371     290     0.929
273     234     0.928
272     127     0.928
401     388     0.928
398     234     0.928
391     136     0.928
273     137     0.927
437     127     0.927
388     233     0.927
140     127     0.927
373     276     0.927
141     62      0.926
268     186     0.926
390     62      0.926
373     195     0.926
61      51      0.926
374     195     0.925
232     54      0.925
290     270     0.924
374     236     0.923
287     140     0.923
274     136     0.923
437     373     0.923
233     141     0.923
135     127     0.923
185     141     0.923
437     391     0.923
466     374     0.923
437     290     0.922
270     62      0.922
373     128     0.922
440     233     0.922
232     68      0.922
136     127     0.922
438     140     0.922
437     136     0.922
359     232     0.921
439     127     0.921
390     54      0.921
401     62      0.921
388     195     0.920
290     237     0.920
289     128     0.920
437     273     0.920
392     272     0.920
268     237     0.920
270     141     0.920
437     234     0.919
374     270     0.919
371     233     0.919
290     195     0.919
286     141     0.918
437     137     0.918
270     126     0.918
290     41      0.918
135     62      0.918
290     275     0.917
290     233     0.917
236     197     0.917
437     232     0.917
233     128     0.917
273     65      0.917
268     197     0.917
374     276     0.917
373     68      0.917
398     273     0.916
438     136     0.916
270     68      0.916
399     140     0.916
195     68      0.915
232     195     0.915
275     232     0.915
137     62      0.915
270     236     0.915
289     233     0.914
235     63      0.914
235     138     0.914
275     127     0.914
234     50      0.914
388     275     0.914
272     138     0.914
437     275     0.914
438     273     0.913
440     374     0.913
272     62      0.913
56      7       0.913
135     64      0.912
390     192     0.912
437     274     0.912
398     276     0.912
437     62      0.912
232     137     0.912
290     127     0.911
272     128     0.911
268     198     0.911
183     7       0.911
373     287     0.911
273     186     0.911
359     233     0.911
286     272     0.911
74      36      0.910
391     140     0.910
275     237     0.910
273     54      0.910
440     236     0.910
289     276     0.910
466     234     0.909
453     228     0.909
388     272     0.909
64      54      0.909
287     233     0.909
268     62      0.909
275     62      0.909
439     390     0.909
272     233     0.909
236     198     0.909
266     186     0.909
371     195     0.908
390     68      0.908
373     126     0.908
391     273     0.908
437     138     0.908
405     176     0.908
135     63      0.908
466     237     0.908
286     42      0.907
290     64      0.907
388     273     0.907
141     65      0.907
399     136     0.907
439     234     0.907
236     141     0.907
286     276     0.907
392     374     0.907
270     232     0.906
272     237     0.906
275     64      0.906
398     62      0.906
276     233     0.906
390     137     0.906
437     51      0.906
273     68      0.906
279     270     0.906
232     61      0.906
398     290     0.906
195     54      0.905
405     236     0.905
287     272     0.905
438     62      0.905
286     140     0.905
292     236     0.905
272     236     0.905
289     234     0.905
374     126     0.905
439     233     0.905
398     138     0.905
275     54      0.905
388     187     0.904
276     65      0.904
467     61      0.904
239     186     0.904
390     290     0.904
273     236     0.904
126     62      0.904
374     287     0.904
371     140     0.904
234     62      0.904
401     287     0.904
279     187     0.904
371     237     0.903
398     127     0.903
401     65      0.903
374     186     0.903
373     137     0.903
61      46      0.903
391     276     0.903
359     65      0.902
439     269     0.902
286     89      0.902
466     236     0.902
389     274     0.902
273     127     0.902
467     363     0.902
274     62      0.902
398     287     0.902
290     232     0.902
437     374     0.902
437     399     0.902
390     141     0.902
279     10      0.902
373     141     0.901
232     7       0.901
236     126     0.901
374     61      0.901
286     195     0.901
68      61      0.901
273     192     0.901
439     135     0.901
372     276     0.901
140     22      0.901
126     61      0.901
392     275     0.900
373     51      0.900
440     290     0.900
391     62      0.900
270     233     0.900
373     290     0.899
276     236     0.899
373     237     0.899
391     137     0.899
126     10      0.899
131     36      0.899
276     232     0.899
290     65      0.899
388     62      0.899
437     228     0.899
232     192     0.898
373     197     0.898
398     270     0.898
185     42      0.898
235     142     0.898
393     372     0.898
62      54      0.898
272     68      0.898
286     185     0.898
439     275     0.898
232     127     0.898
437     375     0.898
359     236     0.898
274     235     0.898
401     290     0.897
268     50      0.897
373     270     0.897
371     272     0.897
371     68      0.897
390     228     0.897
437     126     0.897
374     232     0.897
401     54      0.897
437     236     0.897
232     198     0.897
287     232     0.897
373     233     0.896
388     374     0.896
275     186     0.896
270     237     0.896
439     290     0.896
392     233     0.896
436     52      0.896
279     186     0.896
290     197     0.896
398     236     0.896
394     371     0.896
401     276     0.895
286     128     0.895
270     65      0.895
374     272     0.895
466     186     0.895
232     186     0.895
405     228     0.895
185     41      0.895
371     141     0.895
68      50      0.895
136     62      0.894
127     61      0.894
290     198     0.894
61      54      0.894
289     195     0.894
466     276     0.893
290     236     0.893
233     62      0.893
371     273     0.893
435     53      0.893
394     87      0.893
235     51      0.893
270     195     0.893
193     129     0.893
439     398     0.893
438     233     0.892
391     127     0.892
399     273     0.892
388     68      0.892
466     61      0.892
286     22      0.892
232     140     0.892
232     194     0.892
273     64      0.892
195     126     0.892
437     287     0.891
388     236     0.891
279     233     0.891
275     68      0.891
273     197     0.891
233     140     0.891
398     275     0.891
362     196     0.891
373     275     0.891
399     233     0.891
234     195     0.891
399     137     0.890
236     36      0.890
273     136     0.890
286     234     0.890
390     373     0.890
373     236     0.890
183     56      0.890
374     268     0.890
372     273     0.890
272     195     0.889
398     137     0.889
286     186     0.889
440     372     0.889
292     270     0.889
440     373     0.889
373     363     0.889
374     273     0.889
374     141     0.889
68      10      0.889
269     234     0.889
401     197     0.889
273     141     0.889
135     65      0.888
466     440     0.888
466     287     0.888
398     237     0.888
286     176     0.888
274     137     0.888
232     51      0.888
398     375     0.888
287     236     0.888
388     290     0.888
274     63      0.888
439     374     0.888
390     65      0.888
466     233     0.888
439     61      0.888
362     67      0.888
374     279     0.887
290     186     0.887
371     275     0.887
290     185     0.887
290     141     0.887
371     127     0.887
275     136     0.887
273     126     0.887
270     54      0.887
140     64      0.887
438     137     0.886
234     65      0.886
440     235     0.886
373     54      0.886
386     61      0.886
137     68      0.886
272     137     0.886
232     136     0.886
439     137     0.886
236     50      0.886
136     63      0.886
390     51      0.886
440     272     0.886
420     186     0.886
268     141     0.886
407     273     0.886
373     65      0.886
393     36      0.886
393     69      0.885
374     288     0.885
287     273     0.885
391     269     0.885
233     68      0.885
373     64      0.885
394     198     0.885
389     38      0.885
436     277     0.885
401     375     0.885
442     236     0.885
286     237     0.885
276     235     0.885
389     271     0.885
390     270     0.884
398     215     0.884
405     233     0.884
268     233     0.884
374     237     0.884
439     391     0.884
275     61      0.884
439     273     0.884
233     127     0.884
232     128     0.884
466     232     0.884
273     237     0.884
235     64      0.883
374     363     0.883
390     176     0.883
401     232     0.883
272     232     0.883
290     268     0.883
60      52      0.883
394     233     0.883
394     40      0.883
236     22      0.883
469     353     0.883
183     54      0.883
399     62      0.883
359     275     0.882
269     237     0.882
290     61      0.882
371     62      0.882
373     274     0.882
290     126     0.882
388     10      0.882
400     235     0.882
136     61      0.882
390     197     0.882
437     68      0.882
437     197     0.882
195     62      0.882
51      38      0.882
68      54      0.882
389     291     0.882
64      56      0.882
272     54      0.882
398     292     0.881
274     140     0.881
135     22      0.881
268     54      0.881
391     128     0.881
393     361     0.881
232     141     0.881
287     61      0.880
268     68      0.880
127     62      0.880
372     236     0.880
371     268     0.880
185     89      0.880
437     237     0.880
275     63      0.880
372     62      0.880
398     128     0.880
405     195     0.880
392     68      0.880
268     195     0.880
390     232     0.880
391     232     0.880
236     137     0.880
289     272     0.880
437     270     0.880
390     275     0.880
274     61      0.879
437     190     0.879
234     197     0.879
286     236     0.879
21      10      0.879
275     268     0.879
234     141     0.879
65      54      0.879
437     54      0.879
272     215     0.879
440     273     0.879
286     198     0.879
292     234     0.879
232     65      0.879
232     135     0.879
439     235     0.878
268     65      0.878
391     372     0.878
371     128     0.878
68      7       0.878
270     197     0.878
462     187     0.878
390     272     0.878
374     62      0.878
372     127     0.878
437     276     0.878
126     68      0.877
388     54      0.877
401     126     0.877
437     186     0.877
233     51      0.877
74      50      0.877
399     272     0.877
234     41      0.877
276     62      0.877
401     371     0.877
393     273     0.877
271     235     0.877
439     392     0.876
374     274     0.876
371     50      0.876
364     274     0.876
197     38      0.876
274     139     0.876
275     195     0.876
391     61      0.876
438     195     0.876
398     373     0.876
276     141     0.876
371     266     0.876
290     272     0.876
374     68      0.876
359     7       0.876
438     234     0.876
289     140     0.876
275     141     0.876
394     194     0.876
359     272     0.875
273     233     0.875
391     373     0.875
465     186     0.875
439     62      0.875
375     275     0.875
236     69      0.875
275     137     0.875
183     68      0.875
371     276     0.875
270     137     0.875
391     235     0.875
394     276     0.875
402     235     0.875
360     274     0.875
233     136     0.874
374     197     0.874
407     62      0.874
440     391     0.874
388     137     0.874
272     89      0.874
439     401     0.874
398     374     0.874
239     197     0.874
243     234     0.874
438     372     0.874
287     62      0.874
279     61      0.874
401     137     0.874
391     135     0.874
286     41      0.874
359     111     0.874
275     192     0.873
274     135     0.873
466     373     0.873
268     193     0.873
437     142     0.873
398     136     0.873
269     127     0.873
398     272     0.873
440     289     0.873
440     126     0.873
440     234     0.873
391     234     0.873
275     65      0.872
271     184     0.872
359     198     0.872
236     42      0.872
388     176     0.872
268     36      0.872
275     135     0.872
236     9       0.872
135     128     0.872
290     128     0.872
437     380     0.872
389     63      0.872
197     62      0.872
373     66      0.872
453     190     0.872
453     176     0.872
136     64      0.872
272     61      0.872
269     232     0.872
355     228     0.871
389     364     0.871
139     63      0.871
286     136     0.871
401     233     0.871
437     135     0.871
388     289     0.871
268     35      0.871
197     61      0.871
392     273     0.871
232     197     0.871
398     338     0.871
76      50      0.871
232     37      0.871
269     236     0.871
373     127     0.871
329     87      0.871
440     267     0.871
52      39      0.870
388     270     0.870
405     185     0.870
272     85      0.870
437     46      0.870
399     290     0.870
398     233     0.870
373     129     0.870
233     64      0.870
287     195     0.870
371     236     0.870
140     63      0.870
375     232     0.870
279     41      0.870
390     190     0.870
360     271     0.870
401     275     0.870
438     135     0.870
401     192     0.870
195     185     0.870
372     233     0.870
236     65      0.870
287     235     0.870
236     195     0.870
399     232     0.869
390     126     0.869
466     270     0.869
440     62      0.869
137     64      0.869
438     236     0.869
364     196     0.869
270     192     0.869
466     41      0.869
111     36      0.869
440     268     0.869
390     136     0.869
375     236     0.869
440     65      0.869
129     63      0.869
467     353     0.869
292     12      0.869
393     62      0.868
286     174     0.868
128     65      0.868
364     271     0.868
286     274     0.868
437     372     0.868
236     193     0.868
64      41      0.868
268     190     0.868
392     140     0.868
140     62      0.868
439     195     0.868
194     54      0.868
438     276     0.868
440     127     0.868
195     41      0.868
387     60      0.868
391     374     0.868
391     274     0.868
292     233     0.868
467     186     0.868
232     183     0.868
286     268     0.868
394     287     0.868
438     126     0.868
268     85      0.867
234     64      0.867
374     235     0.867
436     142     0.867
232     88      0.867
364     235     0.867
369     234     0.867
372     234     0.867
401     127     0.867
363     51      0.867
364     63      0.867
437     176     0.867
197     141     0.867
268     192     0.867
359     185     0.867
439     287     0.867
394     289     0.867
401     85      0.867
61      37      0.867
359     276     0.867
275     140     0.867
183     62      0.866
364     291     0.866
373     279     0.866
466     273     0.866
233     41      0.866
372     235     0.866
231     141     0.866
272     136     0.866
375     363     0.866
393     274     0.866
436     67      0.866
137     127     0.866
279     141     0.866
271     63      0.865
398     390     0.865
453     195     0.865
438     399     0.865
438     392     0.865
440     401     0.865
400     389     0.865
232     50      0.865
437     272     0.865
401     198     0.865
236     183     0.865
266     237     0.865
197     68      0.865
440     275     0.865
373     271     0.865
438     373     0.865
237     186     0.864
401     374     0.864
438     290     0.864
126     41      0.864
437     386     0.864
467     275     0.864
389     191     0.864
394     268     0.864
466     50      0.864
233     137     0.864
279     236     0.864
233     61      0.864
272     186     0.864
234     54      0.863
466     274     0.863
401     272     0.863
233     89      0.863
359     289     0.863
441     274     0.863
398     89      0.863
391     275     0.863
234     137     0.863
438     375     0.863
401     128     0.863
398     195     0.863
390     374     0.863
362     63      0.863
371     270     0.863
67      60      0.862
389     235     0.862
399     391     0.862
370     142     0.862
286     232     0.862
374     140     0.862
389     373     0.862
204     50      0.862
469     195     0.862
363     277     0.862
405     292     0.862
275     129     0.862
437     268     0.862
269     233     0.862
391     51      0.862
439     389     0.862
375     287     0.862
398     268     0.862
364     233     0.862
274     184     0.862
141     85      0.862
204     192     0.862
289     235     0.862
394     112     0.862
374     267     0.862
398     54      0.862
388     287     0.862
389     52      0.861
189     51      0.861
394     235     0.861
87      35      0.861
437     64      0.861
393     276     0.861
272     22      0.861
371     54      0.861
439     232     0.861
440     135     0.861
364     127     0.861
269     195     0.861
392     373     0.861
286     63      0.861
437     392     0.861
185     174     0.861
392     195     0.861
185     45      0.861
453     46      0.860
466     272     0.860
437     192     0.860
269     235     0.860
372     270     0.860
287     54      0.860
401     292     0.860
373     198     0.860
438     51      0.860
465     234     0.860
45      22      0.860
391     287     0.860
369     54      0.860
204     100     0.860
438     141     0.860
392     62      0.860
373     186     0.860
403     273     0.860
400     291     0.860
440     68      0.860
232     41      0.860
289     68      0.860
437     63      0.860
270     88      0.860
275     50      0.860
61      41      0.860
440     270     0.859
41      21      0.859
286     273     0.859
405     46      0.859
274     142     0.859
195     186     0.859
394     61      0.859
394     286     0.859
291     51      0.859
374     50      0.859
289     198     0.859
273     7       0.859
189     142     0.859
359     88      0.859
389     67      0.859
359     141     0.859
394     272     0.858
137     126     0.858
287     234     0.858
271     140     0.858
398     274     0.858
437     37      0.858
141     64      0.858
390     268     0.858
289     275     0.858
292     237     0.858
235     128     0.858
388     127     0.858
390     371     0.858
279     62      0.858
233     198     0.858
292     273     0.858
269     142     0.858
374     347     0.858
438     391     0.857
392     371     0.857
274     138     0.857
287     141     0.857
398     85      0.857
392     268     0.857
195     61      0.857
289     89      0.857
359     268     0.857
233     126     0.857
274     134     0.857
135     41      0.857
453     292     0.857
390     276     0.857
276     267     0.857
273     50      0.857
236     54      0.857
141     51      0.857
232     63      0.857
275     235     0.857
279     205     0.857
126     38      0.856
438     127     0.856
359     183     0.856
290     279     0.856
197     137     0.856
405     386     0.856
401     268     0.856
388     232     0.856
233     176     0.856
127     63      0.856
232     56      0.856
375     234     0.856
401     237     0.856
176     85      0.856
372     275     0.856
398     391     0.856
285     69      0.856
371     61      0.856
236     187     0.856
292     272     0.856
273     195     0.856
270     128     0.856
453     386     0.856
372     141     0.856
176     89      0.855
137     51      0.855
374     41      0.855
405     190     0.855
401     140     0.855
289     270     0.855
141     128     0.855
190     22      0.855
394     128     0.855
273     42      0.855
232     22      0.855
371     197     0.855
186     61      0.855
140     54      0.855
386     353     0.855
361     68      0.855
232     9       0.855
399     392     0.855
390     372     0.855
204     41      0.854
438     61      0.854
285     55      0.854
442     54      0.854
231     55      0.854
272     192     0.854
195     85      0.854
465     273     0.854
290     129     0.854
369     185     0.854
270     198     0.854