Prediction Made with CORNET:
a Neural Network based method trained using Correlated Mutations,
Sequence Conservation, Predicted Secondary structure of Proteins and
Evolutionary Information.
Authors Fariselli Piero, Olmea Osvaldo, Valencia Alfonso, Rita Casadio.
This method is an extension of the two following methods

Olmea O. and Valencia A. (1997) Fold. Des. 2: S25-32.

Fariselli P and Casadio R. (1999) Prot. Engng 12:15-21

#================================================================#

PREDICTION

Couple          Reliability
i       j
315     273     0.829
316     211     0.820
313     209     0.809
491     261     0.799
316     209     0.796
313     211     0.784
316     273     0.784
315     35      0.780
313     205     0.773
315     205     0.771
337     261     0.770
324     273     0.769
336     269     0.761
315     39      0.760
316     205     0.759
337     269     0.755
315     210     0.754
104     35      0.753
491     284     0.751
495     336     0.751
312     210     0.751
315     37      0.749
313     37      0.746
312     211     0.745
339     266     0.745
314     209     0.744
312     209     0.744
339     284     0.740
114     39      0.739
315     102     0.739
314     35      0.738
314     39      0.736
315     211     0.736
315     209     0.736
314     104     0.735
493     269     0.734
104     37      0.731
103     32      0.731
491     286     0.727
316     39      0.726
315     261     0.725
314     37      0.725
504     261     0.725
312     39      0.721
313     273     0.721
313     35      0.720
315     99      0.718
339     269     0.718
315     114     0.715
101     35      0.714
316     114     0.714
312     205     0.713
104     31      0.713
315     38      0.712
362     337     0.711
497     265     0.710
490     261     0.709
315     104     0.708
115     39      0.707
314     205     0.707
495     332     0.707
205     37      0.707
102     37      0.707
491     269     0.705
313     33      0.705
114     99      0.703
205     104     0.701
209     37      0.699
316     271     0.698
339     312     0.697
497     183     0.696
507     88      0.696
316     37      0.694
313     207     0.694
286     229     0.694
317     32      0.694
315     31      0.693
339     277     0.692
507     284     0.691
316     31      0.691
315     34      0.691
339     286     0.690
284     182     0.690
114     35      0.689
315     115     0.689
339     272     0.687
114     37      0.687
314     38      0.687
205     39      0.686
312     270     0.686
314     273     0.686
347     269     0.685
205     35      0.685
101     37      0.685
313     210     0.685
312     208     0.684
99      39      0.684
315     207     0.684
496     337     0.684
114     38      0.684
313     270     0.683
104     34      0.682
490     269     0.682
103     36      0.682
503     324     0.681
339     331     0.680
315     208     0.680
314     114     0.680
209     114     0.680
493     337     0.680
336     275     0.679
211     31      0.679
334     272     0.678
341     272     0.678
504     269     0.677
104     33      0.677
261     182     0.676
209     104     0.676
273     266     0.676
312     272     0.676
503     284     0.675
313     104     0.675
341     312     0.674
341     316     0.674
211     114     0.673
114     31      0.673
314     206     0.672
490     286     0.671
103     35      0.671
314     211     0.671
341     273     0.670
114     101     0.670
114     104     0.670
495     261     0.669
211     39      0.669
102     39      0.669
284     261     0.669
337     275     0.668
209     35      0.668
313     206     0.668
210     37      0.667
210     35      0.667
115     35      0.667
316     35      0.667
269     182     0.667
269     227     0.667
362     336     0.667
502     362     0.665
284     229     0.664
316     261     0.664
310     270     0.663
316     206     0.663
362     269     0.661
102     35      0.661
504     284     0.661
315     101     0.659
339     257     0.659
490     284     0.658
314     34      0.658
315     103     0.658
507     272     0.658
315     270     0.658
100     36      0.657
336     284     0.657
324     211     0.657
315     100     0.656
335     266     0.656
208     100     0.655
504     286     0.655
115     104     0.655
315     206     0.654
495     334     0.654
313     208     0.654
310     273     0.654
115     37      0.653
284     257     0.653
314     36      0.652
324     272     0.652
495     269     0.651
114     34      0.651
104     39      0.651
114     102     0.651
507     312     0.651
266     254     0.650
115     38      0.649
286     254     0.649
312     99      0.649
491     336     0.648
342     210     0.648
209     36      0.648
312     273     0.648
209     39      0.647
113     100     0.647
351     312     0.647
324     310     0.647
337     284     0.647
316     38      0.646
316     284     0.645
206     37      0.645
284     272     0.645
313     38      0.644
335     284     0.644
347     324     0.644
315     36      0.643
343     205     0.642
313     275     0.642
343     211     0.641
324     284     0.641
313     114     0.641
347     333     0.641
502     261     0.641
362     286     0.641
312     37      0.641
347     261     0.640
105     36      0.640
316     270     0.640
507     286     0.640
343     273     0.640
341     205     0.639
339     182     0.639
341     211     0.639
205     99      0.638
273     261     0.637
495     249     0.637
310     261     0.637
261     254     0.637
314     99      0.637
205     114     0.637
205     102     0.636
384     284     0.636
272     261     0.635
115     103     0.635
503     261     0.635
269     261     0.635
312     274     0.634
313     34      0.634
315     272     0.633
99      35      0.632
324     316     0.631
313     101     0.630
324     261     0.630
310     269     0.630
341     269     0.629
210     39      0.629
206     39      0.629
284     273     0.629
324     229     0.628
310     272     0.628
210     114     0.628
104     36      0.628
284     211     0.628
261     229     0.628
503     286     0.627
315     286     0.627
336     272     0.627
333     284     0.627
209     38      0.627
507     254     0.627
324     270     0.626
316     210     0.626
342     211     0.626
350     312     0.626
316     207     0.626
313     39      0.626
314     207     0.625
269     229     0.625
493     265     0.625
336     229     0.624
272     183     0.624
102     36      0.623
350     316     0.623
284     219     0.623
209     101     0.622
313     99      0.622
356     336     0.621
316     272     0.620
356     312     0.620
332     284     0.620
272     265     0.620
490     175     0.619
39      31      0.619
332     261     0.619
337     266     0.619
337     324     0.619
497     334     0.619
102     34      0.619
114     36      0.619
284     269     0.619
376     273     0.618
100     38      0.618
324     5       0.618
316     99      0.618
503     335     0.618
342     312     0.618
311     272     0.617
270     211     0.617
362     270     0.617
208     37      0.616
116     39      0.616
490     183     0.616
101     33      0.616
347     270     0.616
350     211     0.615
253     175     0.615
314     210     0.615
269     73      0.615
104     38      0.615
205     34      0.615
504     229     0.615
313     269     0.614
206     114     0.614
206     36      0.614
286     219     0.614
341     284     0.613
312     114     0.613
316     104     0.613
99      31      0.613
211     99      0.612
210     103     0.612
116     37      0.612
341     270     0.612
315     269     0.612
210     115     0.611
336     261     0.611
324     269     0.611
270     182     0.610
209     33      0.610
493     339     0.610
102     31      0.610
210     34      0.610
342     313     0.610
316     36      0.610
284     270     0.610
103     38      0.610
269     253     0.609
315     284     0.609
493     336     0.609
100     35      0.609
343     315     0.609
343     316     0.609
312     38      0.609
362     284     0.609
504     324     0.609
311     211     0.608
314     101     0.608
312     35      0.607
284     266     0.607
497     173     0.607
314     102     0.607
324     266     0.606
105     37      0.605
100     34      0.605
208     39      0.605
347     312     0.605
507     229     0.605
313     261     0.604
275     261     0.603
211     37      0.603
312     115     0.603
347     339     0.603
105     32      0.603
313     32      0.602
343     314     0.602
315     33      0.602
339     273     0.602
101     34      0.602
272     205     0.602
115     100     0.601
507     324     0.601
115     36      0.601
314     208     0.601
343     204     0.601
115     31      0.600
266     257     0.600
114     33      0.599
314     103     0.599
341     229     0.599
313     100     0.598
493     284     0.598
261     5       0.598
314     271     0.598
205     38      0.598
205     182     0.598
99      37      0.598
495     337     0.598
102     38      0.598
343     312     0.597
314     272     0.597
342     315     0.597
314     31      0.596
314     115     0.596
115     99      0.596
211     147     0.596
316     208     0.595
316     33      0.595
362     332     0.595
335     183     0.595
313     272     0.594
39      32      0.594
316     115     0.594
284     275     0.594
493     266     0.594
343     313     0.594
206     35      0.594
491     362     0.593
336     286     0.593
491     324     0.593
312     204     0.593
339     211     0.592
116     31      0.592
317     204     0.592
112     39      0.592
334     269     0.592
504     362     0.592
207     101     0.592
503     272     0.592
208     115     0.592
495     329     0.592
347     211     0.591
354     312     0.591
116     33      0.590
257     229     0.590
209     34      0.590
324     275     0.590
343     31      0.590
337     229     0.590
205     115     0.589
313     115     0.589
210     99      0.589
205     105     0.588
312     206     0.588
206     102     0.588
503     362     0.588
356     211     0.588
312     269     0.588
333     270     0.588
207     104     0.588
507     183     0.588
286     261     0.587
335     269     0.587
357     182     0.587
310     266     0.587
115     105     0.587
356     337     0.586
491     337     0.586
312     101     0.586
254     182     0.586
103     37      0.586
100     37      0.586
507     337     0.585
333     272     0.585
312     36      0.585
205     147     0.585
316     269     0.585
339     254     0.585
312     32      0.585
206     31      0.585
101     38      0.585
101     39      0.584
335     211     0.584
103     33      0.584
269     211     0.584
209     102     0.583
332     273     0.583
342     205     0.583
356     269     0.583
339     332     0.583
490     335     0.582
357     205     0.582
494     324     0.582
507     491     0.581
312     100     0.581
210     38      0.581
324     183     0.581
313     102     0.581
493     254     0.581
347     332     0.580
105     35      0.580
207     114     0.580
350     333     0.580
342     273     0.579
347     284     0.579
504     175     0.578
343     114     0.578
329     272     0.577
266     227     0.577
313     31      0.577
40      31      0.576
312     113     0.576
275     211     0.576
272     182     0.576
494     183     0.576
208     32      0.576
491     229     0.575
332     266     0.575
273     254     0.575
279     272     0.575
329     316     0.575
341     315     0.575
338     272     0.575
209     99      0.575
284     277     0.574
316     101     0.574
332     272     0.574
497     71      0.574
329     269     0.574
211     35      0.574
313     182     0.574
207     35      0.574
106     98      0.574
313     271     0.574
336     312     0.573
207     31      0.573
362     254     0.573
504     223     0.572
207     115     0.572
342     316     0.572
114     100     0.572
384     337     0.572
503     336     0.571
347     337     0.571
312     207     0.571
273     182     0.571
339     171     0.571
336     211     0.571
205     36      0.571
495     252     0.571
313     284     0.571
206     34      0.571
207     39      0.570
102     33      0.570
495     339     0.570
347     336     0.570
115     34      0.570
356     347     0.570
100     39      0.570
314     100     0.570
269     254     0.569
336     270     0.569
284     254     0.569
313     36      0.569
362     211     0.568
115     32      0.568
115     102     0.568
101     36      0.568
261     219     0.566
339     261     0.566
332     324     0.565
495     229     0.565
362     182     0.565
206     101     0.565
269     175     0.565
339     227     0.564
106     39      0.564
502     336     0.564
312     104     0.564
497     336     0.564
315     32      0.564
324     88      0.563
506     354     0.563
315     113     0.563
336     316     0.563
356     311     0.563
266     182     0.563
310     276     0.562
337     260     0.562
211     101     0.562
342     209     0.562
105     39      0.562
286     266     0.562
315     271     0.562
337     286     0.562
491     260     0.562
206     38      0.562
313     254     0.561
339     271     0.561
286     257     0.561
500     5       0.561
336     265     0.561
342     272     0.561
352     316     0.561
253     73      0.560
504     336     0.560
272     209     0.560
339     229     0.560
503     229     0.560
316     277     0.560
497     284     0.560
503     269     0.559
99      33      0.559
284     183     0.559
207     37      0.559
116     101     0.559
335     254     0.559
253     181     0.559
347     182     0.559
357     284     0.558
502     269     0.558
317     205     0.558
490     362     0.558
341     39      0.558
504     337     0.558
313     204     0.557
316     229     0.557
356     316     0.557
210     104     0.556
356     272     0.556
273     211     0.556
261     73      0.556
324     179     0.556
205     116     0.556
473     272     0.556
204     98      0.556
99      88      0.556
495     250     0.555
316     34      0.555
332     182     0.555
310     284     0.555
493     270     0.555
284     5       0.555
507     5       0.554
337     175     0.554
211     38      0.554
497     279     0.554
284     175     0.553
354     333     0.553
113     99      0.553
364     261     0.553
330     272     0.552
495     171     0.552
497     272     0.552
347     316     0.552
316     91      0.552
332     286     0.552
312     261     0.552
341     314     0.551
495     324     0.551
313     105     0.551
115     106     0.551
342     204     0.550
299     261     0.550
347     275     0.550
116     98      0.550
113     33      0.550
504     335     0.550
341     210     0.550
316     286     0.550
211     204     0.550
316     204     0.550
312     271     0.550
209     32      0.550
335     261     0.549
324     312     0.549
272     211     0.549
333     316     0.549
211     113     0.549
324     147     0.548
495     311     0.548
491     272     0.548
357     337     0.548
333     273     0.548
495     79      0.548
207     38      0.548
335     324     0.547
106     38      0.547
356     182     0.547
341     324     0.547
500     491     0.547
343     272     0.547
312     33      0.547
310     254     0.547
314     269     0.547
502     316     0.546
337     272     0.546
324     296     0.546
210     33      0.546
384     275     0.546
341     332     0.546
207     100     0.546
227     182     0.545
356     270     0.545
341     261     0.545
117     39      0.545
99      34      0.545
490     253     0.545
286     270     0.545
336     257     0.545
114     40      0.545
98      39      0.544
117     99      0.544
312     116     0.544
253     229     0.544
269     37      0.544
272     254     0.544
347     266     0.544
115     101     0.543
310     277     0.543
495     347     0.542
335     316     0.542
210     102     0.542
277     266     0.542
339     91      0.542
316     275     0.542
335     286     0.542
335     272     0.541
503     183     0.541
313     286     0.541
336     37      0.541
114     105     0.541
490     272     0.541
332     269     0.541
500     337     0.540
339     299     0.540
38      31      0.540
116     38      0.540
337     330     0.540
312     102     0.540
339     275     0.540
103     34      0.540
362     275     0.539
340     272     0.539
207     99      0.539
343     209     0.539
350     339     0.539
286     182     0.539
339     73      0.539
284     171     0.539
313     116     0.538
106     33      0.538
211     115     0.538
204     106     0.538
313     103     0.538
336     182     0.538
341     37      0.538
376     284     0.538
316     102     0.538
347     335     0.538
312     275     0.538
337     316     0.538
208     34      0.537
502     303     0.537
312     284     0.537
205     91      0.537
316     254     0.536
265     183     0.536
272     71      0.536
208     35      0.536
384     182     0.536
384     261     0.536
227     219     0.536
338     269     0.536
205     103     0.536
205     106     0.536
206     99      0.535
384     316     0.535
337     257     0.535
324     205     0.535
315     204     0.535
352     312     0.535
341     275     0.535
105     38      0.535
284     178     0.535
286     277     0.535
311     271     0.535
333     286     0.534
356     339     0.534
114     88      0.534
286     175     0.534
495     342     0.534
329     270     0.534
331     269     0.534
114     91      0.534
495     265     0.534
329     261     0.534
114     106     0.534
324     286     0.534
356     324     0.533
206     104     0.533
427     324     0.533
336     254     0.533
342     32      0.533
205     31      0.533
324     267     0.533
362     333     0.532
332     270     0.532
114     32      0.532
351     311     0.532
115     33      0.532
116     35      0.532
500     284     0.532
311     209     0.532
495     356     0.531
490     336     0.531
206     105     0.531
284     271     0.531
211     104     0.531
261     176     0.530
314     270     0.530
329     284     0.530
310     227     0.530
499     272     0.530
105     33      0.530
365     337     0.530
376     270     0.530
490     260     0.530
210     100     0.530
350     273     0.530
104     32      0.530
504     260     0.529
270     261     0.529
310     205     0.529
324     182     0.529
338     183     0.529
336     315     0.529
210     31      0.528
334     268     0.528
316     182     0.528
504     257     0.528
508     119     0.528
335     270     0.528
495     286     0.528
356     204     0.528
500     88      0.528
316     32      0.528
269     209     0.528
356     275     0.528
490     338     0.528
332     254     0.528
112     31      0.528
209     115     0.527
350     341     0.527
386     284     0.527
286     269     0.527
337     223     0.526
205     113     0.526
324     253     0.526
299     284     0.526
207     36      0.526
495     362     0.526
495     272     0.525
336     73      0.525
261     211     0.525
261     177     0.525
332     227     0.525
284     176     0.525
284     170     0.525
495     266     0.524
350     343     0.524
316     117     0.524
341     209     0.524
494     337     0.524
272     39      0.524
317     274     0.524
362     316     0.524
336     79      0.524
98      32      0.524
340     273     0.523
494     334     0.523
336     227     0.523
114     98      0.523
208     33      0.523
206     32      0.523
496     266     0.523
324     313     0.522
266     170     0.522
209     31      0.522
310     147     0.522
312     34      0.522
339     316     0.522
376     254     0.521
356     273     0.521
211     36      0.521
113     39      0.521
315     91      0.521
284     74      0.521
310     286     0.521
209     100     0.521
495     299     0.520
356     334     0.520
490     337     0.520
316     105     0.520
210     101     0.520
497     338     0.520
356     274     0.520
495     340     0.520
314     113     0.520
106     37      0.520
350     270     0.520
350     269     0.520
112     98      0.520
261     74      0.520
112     99      0.519
337     277     0.519
337     182     0.519
254     229     0.519
347     340     0.519
211     91      0.519
324     257     0.519
116     105     0.519
206     33      0.519
207     33      0.519
260     182     0.518
506     204     0.518
116     36      0.518
350     272     0.518
376     266     0.518
114     97      0.518
313     274     0.517
340     316     0.517
261     223     0.517
116     102     0.517
333     266     0.517
311     275     0.517
206     117     0.516
316     266     0.516
205     97      0.516
210     113     0.516
356     229     0.516
343     206     0.516
257     5       0.516
493     338     0.516
339     219     0.516
341     114     0.516
376     261     0.516
106     31      0.515
209     182     0.515
314     105     0.515
325     269     0.515
206     115     0.515
497     365     0.515
356     286     0.515
343     271     0.514
336     324     0.514
117     105     0.514
316     40      0.514
206     103     0.514
310     211     0.513
507     273     0.513
341     313     0.513
315     147     0.513
342     314     0.513
114     77      0.512
507     74      0.512
491     384     0.512
490     130     0.512
211     117     0.512
347     273     0.512
351     205     0.512
386     339     0.512
504     272     0.512
364     284     0.512
315     98      0.512
317     115     0.512
376     333     0.512
362     272     0.512
336     183     0.512
351     211     0.512
101     31      0.512
273     205     0.512
314     33      0.512
105     34      0.511
504     316     0.511
357     269     0.511
503     333     0.511
269     177     0.511
211     32      0.511
315     296     0.511
284     73      0.511
113     37      0.511
253     227     0.511
496     324     0.511
334     316     0.511
332     316     0.510
357     275     0.510
340     205     0.510
277     269     0.510
342     37      0.510
205     32      0.510
417     269     0.510
376     229     0.510
100     33      0.509
205     101     0.509
343     275     0.509
357     336     0.509
99      91      0.509
207     102     0.509
114     103     0.509
261     205     0.509
284     177     0.509
339     183     0.509
310     182     0.509
284     88      0.508
324     281     0.508
312     105     0.508
315     105     0.508
339     324     0.508
356     310     0.508
357     211     0.508
317     210     0.508
362     324     0.507
313     91      0.507
269     260     0.507
356     205     0.507
316     103     0.507
495     284     0.507
353     336     0.507
354     272     0.507
507     240     0.507
209     113     0.507
494     272     0.507
339     264     0.507
333     324     0.507
273     257     0.507
209     116     0.507
332     174     0.506
113     38      0.506
493     261     0.506
357     347     0.506