Prediction Made with CORNET:
a Neural Network based method trained using Correlated Mutations,
Sequence Conservation, Predicted Secondary structure of Proteins and
Evolutionary Information.
Authors Fariselli Piero, Olmea Osvaldo, Valencia Alfonso, Rita Casadio.
This method is an extension of the two following methods

Olmea O. and Valencia A. (1997) Fold. Des. 2: S25-32.

Fariselli P and Casadio R. (1999) Prot. Engng 12:15-21

#================================================================#

PREDICTION

Couple          Reliability
i       j
329     7       0.896
421     312     0.896
421     147     0.895
311     239     0.891
110     9       0.885
329     239     0.877
405     312     0.868
327     239     0.866
229     7       0.865
421     239     0.862
381     311     0.858
421     287     0.857
285     92      0.856
14      7       0.853
314     239     0.852
381     312     0.852
329     230     0.851
421     382     0.851
225     110     0.849
111     43      0.849
111     8       0.846
329     312     0.845
228     110     0.844
387     239     0.844
230     14      0.842
381     239     0.841
409     239     0.841
96      43      0.838
421     311     0.838
329     311     0.838
111     6       0.837
421     91      0.836
96      6       0.834
382     312     0.833
307     285     0.832
111     96      0.832
96      15      0.831
422     110     0.830
382     239     0.829
230     111     0.829
312     147     0.827
229     43      0.827
311     7       0.827
381     329     0.825
239     207     0.825
327     311     0.825
420     228     0.824
230     7       0.824
421     405     0.824
329     229     0.823
312     239     0.823
355     6       0.823
230     15      0.823
230     6       0.822
289     230     0.822
329     227     0.822
334     239     0.822
329     6       0.822
329     15      0.821
405     74      0.820
421     381     0.819
289     239     0.819
421     409     0.816
427     381     0.816
427     312     0.816
96      8       0.815
239     92      0.814
229     8       0.814
228     7       0.814
421     329     0.813
229     111     0.813
230     8       0.812
229     6       0.812
239     43      0.811
108     14      0.811
230     96      0.811
329     225     0.811
359     239     0.810
111     97      0.809
428     225     0.809
424     7       0.808
421     294     0.808
427     329     0.808
96      7       0.807
421     236     0.807
424     225     0.807
421     96      0.806
329     228     0.805
421     379     0.805
356     9       0.805
229     15      0.804
311     147     0.804
94      7       0.804
229     14      0.804
95      14      0.804
381     96      0.803
356     5       0.803
422     235     0.802
109     8       0.802
239     108     0.802
383     225     0.801
289     15      0.801
95      15      0.801
96      41      0.800
381     147     0.800
96      14      0.800
396     284     0.800
230     109     0.799
327     147     0.799
427     311     0.798
382     96      0.798
235     225     0.797
409     312     0.797
229     108     0.797
95      7       0.795
228     42      0.795
379     329     0.795
228     109     0.795
327     285     0.795
422     227     0.794
232     6       0.793
229     96      0.793
109     15      0.793
418     235     0.793
289     109     0.793
416     239     0.792
111     15      0.792
289     43      0.792
230     43      0.792
307     91      0.791
21      6       0.791
379     311     0.791
309     239     0.791
359     285     0.791
329     8       0.790
329     43      0.790
420     239     0.789
334     147     0.789
228     95      0.788
425     7       0.788
307     236     0.788
230     97      0.788
382     227     0.787
421     230     0.786
421     410     0.786
409     382     0.785
359     225     0.785
421     327     0.785
229     94      0.784
382     285     0.784
229     41      0.784
386     284     0.783
421     232     0.783
41      15      0.783
333     236     0.782
228     111     0.782
285     226     0.782
327     312     0.781
94      41      0.781
421     315     0.780
329     147     0.780
109     6       0.780
329     14      0.779
94      15      0.779
428     227     0.779
424     247     0.779
409     236     0.778
427     382     0.778
359     312     0.778
312     224     0.778
424     9       0.778
108     96      0.778
15      6       0.777
228     96      0.777
289     111     0.777
379     8       0.777
334     311     0.776
311     108     0.776
307     228     0.776
239     182     0.776
381     74      0.775
94      43      0.775
228     93      0.774
311     228     0.774
289     233     0.774
285     239     0.774
381     225     0.774
311     225     0.774
421     41      0.774
233     6       0.774
111     41      0.773
239     147     0.773
311     224     0.773
228     91      0.773
308     147     0.772
311     6       0.772
334     285     0.772
228     13      0.771
421     206     0.771
387     294     0.770
43      6       0.769
43      15      0.769
111     94      0.768
379     312     0.768
232     7       0.768
329     96      0.767
409     381     0.767
421     227     0.767
421     15      0.767
427     96      0.767
285     225     0.766
381     7       0.765
289     229     0.765
109     7       0.765
239     96      0.765
425     312     0.765
382     289     0.765
426     8       0.765
406     239     0.765
239     224     0.764
229     109     0.764
423     356     0.764
404     311     0.764
289     96      0.764
230     108     0.763
426     110     0.763
312     236     0.763
328     228     0.763
405     147     0.762
355     8       0.762
230     95      0.762
232     43      0.762
428     356     0.762
398     5       0.761
387     329     0.761
97      43      0.760
108     6       0.760
424     8       0.760
422     91      0.760
42      14      0.759
426     228     0.759
15      7       0.759
386     91      0.759
427     289     0.759
228     15      0.759
421     330     0.759
381     327     0.758
16      9       0.758
387     312     0.758
427     239     0.757
379     239     0.757
108     41      0.757
395     334     0.757
427     14      0.757
421     214     0.757
382     224     0.757
285     224     0.756
226     109     0.756
294     239     0.756
229     93      0.756
228     108     0.756
426     225     0.756
379     96      0.756
386     329     0.756
356     225     0.756
15      8       0.756
358     285     0.756
239     206     0.755
409     49      0.755
424     229     0.755
233     108     0.755
404     8       0.755
109     14      0.754
308     239     0.754
230     41      0.754
97      6       0.754
94      14      0.754
425     381     0.753
233     96      0.752
43      7       0.752
329     309     0.752
327     236     0.752
382     6       0.752
405     239     0.751
423     312     0.751
424     6       0.751
110     5       0.751
311     289     0.751
289     41      0.751
93      7       0.751
355     43      0.751
327     49      0.751
312     96      0.750
239     197     0.749
233     109     0.749
312     8       0.748
285     247     0.748
231     93      0.748
424     329     0.748
228     43      0.748
97      15      0.748
395     89      0.748
239     109     0.748
409     74      0.748
307     239     0.747
230     42      0.747
95      8       0.747
230     112     0.747
294     242     0.747
381     289     0.747
312     91      0.747
420     225     0.747
393     225     0.746
420     236     0.746
231     110     0.746
420     410     0.746
43      14      0.746
312     285     0.746
421     228     0.746
307     225     0.746
234     5       0.746
42      15      0.745
109     96      0.744
228     14      0.744
428     228     0.744
380     239     0.744
228     92      0.744
94      6       0.744
425     10      0.744
408     235     0.743
311     96      0.743
112     42      0.743
404     239     0.743
381     6       0.743
424     355     0.743
239     111     0.743
422     329     0.743
231     111     0.743
406     225     0.743
382     225     0.743
229     95      0.742
311     97      0.742
111     95      0.741
109     97      0.741
116     6       0.741
345     312     0.741
387     334     0.741
233     92      0.741
228     41      0.740
97      41      0.740
386     285     0.740
427     7       0.740
239     7       0.740
127     5       0.740
425     6       0.739
386     307     0.739
355     329     0.739
111     14      0.739
382     108     0.739
311     14      0.739
422     312     0.739
225     108     0.739
43      8       0.738
381     309     0.738
113     93      0.738
95      6       0.738
110     42      0.738
409     147     0.738
330     6       0.738
422     228     0.738
422     93      0.738
409     225     0.738
231     13      0.738
427     147     0.737
233     225     0.737
231     6       0.737
286     7       0.737
229     42      0.737
112     15      0.737
232     109     0.736
327     294     0.736
329     41      0.736
382     230     0.736
307     284     0.736
312     230     0.736
230     110     0.735
382     329     0.735
405     382     0.735
355     7       0.735
289     232     0.734
381     286     0.734
382     41      0.734
233     111     0.734
356     247     0.733
311     15      0.733
425     8       0.733
232     111     0.733
381     15      0.733
228     97      0.733
286     108     0.733
329     314     0.732
231     109     0.732
292     239     0.732
382     327     0.732
404     329     0.732
433     236     0.732
311     89      0.731
20      5       0.731
112     96      0.731
285     108     0.731
382     242     0.731
228     5       0.731
111     92      0.731
109     92      0.731
314     91      0.730
327     242     0.730
285     241     0.730
92      43      0.730
312     7       0.730
359     329     0.730
108     7       0.730
231     15      0.729
233     43      0.729
331     311     0.729
311     145     0.729
381     108     0.729
239     56      0.729
416     404     0.729
226     15      0.728
422     211     0.728
332     311     0.728
329     307     0.728
16      8       0.728
289     108     0.728
288     233     0.727
224     96      0.727
111     42      0.727
181     108     0.727
225     92      0.727
236     148     0.727
227     108     0.727
41      6       0.727
421     307     0.727
420     307     0.727
227     93      0.727
381     236     0.727
382     92      0.727
382     228     0.727
421     74      0.726
358     235     0.726
309     225     0.726
97      14      0.726
227     91      0.726
231     9       0.726
434     235     0.726
314     7       0.725
239     150     0.725
311     236     0.725
311     294     0.725
286     226     0.725
427     41      0.725
231     42      0.725
329     187     0.725
286     233     0.725
425     329     0.725
356     91      0.725
230     92      0.724
330     14      0.724
421     356     0.724
112     14      0.724
424     111     0.724
421     197     0.724
232     41      0.723
239     208     0.723
424     96      0.723
286     230     0.723
329     109     0.723
289     245     0.723
226     7       0.723
314     307     0.723
421     406     0.722
423     7       0.722
312     15      0.722
110     97      0.722
239     41      0.722
355     239     0.722
421     334     0.722
382     188     0.721
425     311     0.721
421     309     0.721
425     96      0.721
232     110     0.721
420     227     0.720
230     94      0.720
307     197     0.720
386     228     0.720
421     411     0.720
225     93      0.720
423     235     0.719
111     93      0.719
381     97      0.719
251     242     0.719
42      5       0.719
108     92      0.719
21      8       0.719
334     294     0.718
233     15      0.718
289     231     0.718
379     289     0.718
359     334     0.718
239     15      0.718
426     6       0.718
427     6       0.717
285     147     0.717
329     94      0.717
398     247     0.717
287     108     0.717
317     236     0.717
378     225     0.717
424     14      0.717
354     313     0.717
382     307     0.717
427     109     0.716
427     15      0.716
114     41      0.716
410     239     0.716
382     8       0.716
395     327     0.716
423     228     0.716
307     227     0.716
232     8       0.716
433     294     0.715
239     226     0.715
420     328     0.715
285     150     0.715
285     233     0.715
395     285     0.715
236     161     0.715
386     239     0.715
410     285     0.714
309     230     0.714
14      6       0.714
359     89      0.714
380     93      0.714
405     206     0.714
421     317     0.714
425     230     0.714
380     329     0.714
112     43      0.713
337     284     0.713
228     44      0.713
228     94      0.713
42      13      0.713
113     15      0.713
421     49      0.713
422     410     0.713
423     8       0.712
233     41      0.712
307     288     0.712
232     92      0.712
421     290     0.712
327     197     0.712
417     235     0.712
409     285     0.712
239     89      0.712
294     49      0.712
395     311     0.712
41      14      0.712
380     311     0.712
22      6       0.712
382     330     0.712
309     8       0.712
109     41      0.712
232     97      0.711
428     239     0.711
110     6       0.711
433     312     0.711
381     43      0.711
396     227     0.711
381     111     0.711
109     43      0.710
398     152     0.710
289     92      0.710
21      7       0.710
108     15      0.710
232     108     0.710
427     356     0.710
380     225     0.710
387     327     0.710
430     236     0.710
287     232     0.709
245     147     0.709
396     91      0.709
314     230     0.709
229     182     0.709
355     229     0.709
230     9       0.709
421     395     0.709
239     230     0.709
427     285     0.709
289     150     0.709
398     297     0.709
231     44      0.708
231     113     0.708
426     227     0.708
334     195     0.708
409     212     0.708
379     6       0.708
311     41      0.708
113     42      0.708
228     113     0.708
110     98      0.708
382     236     0.707
229     181     0.707
226     43      0.707
385     227     0.707
312     287     0.707
93      15      0.707
405     148     0.707
239     229     0.707
231     7       0.706
294     285     0.706
93      42      0.706
110     14      0.706
228     114     0.706
239     228     0.706
109     42      0.705
425     95      0.705
16      6       0.705
94      42      0.705
387     359     0.705
409     89      0.705
420     89      0.705
113     95      0.705
288     111     0.705
288     43      0.705
424     109     0.705
314     147     0.705
286     225     0.705
386     236     0.704
386     313     0.704
242     150     0.704
314     294     0.704
110     7       0.704
380     6       0.704
426     9       0.704
329     74      0.704
224     108     0.704
96      42      0.703
231     95      0.703
380     96      0.703
387     226     0.703
381     8       0.703
427     230     0.703
92      41      0.703
289     226     0.703
425     97      0.703
329     111     0.703
286     227     0.702
286     43      0.702
416     382     0.702
381     224     0.702
404     381     0.702
327     150     0.702
329     214     0.702
231     14      0.702
359     311     0.702
381     91      0.701
233     13      0.701
395     329     0.701
398     91      0.701
427     327     0.701
97      7       0.701
285     245     0.701
225     91      0.701
432     284     0.701
384     225     0.701
433     147     0.701
226     41      0.701
315     239     0.701
381     345     0.700
382     294     0.700
288     232     0.700
311     197     0.700
41      7       0.700
309     6       0.700
395     359     0.700
236     150     0.699
410     359     0.699
381     330     0.699
93      41      0.699
416     405     0.699
294     89      0.699
289     227     0.698
433     197     0.698
288     42      0.698
294     92      0.698
311     230     0.698
329     108     0.698
233     114     0.698
382     314     0.697
381     307     0.697
109     95      0.697
359     308     0.697
359     236     0.697
424     228     0.697
329     289     0.697
286     92      0.697
421     284     0.696
355     10      0.696
288     225     0.696
288     92      0.696
381     227     0.696
231     8       0.696
359     272     0.696
381     331     0.696
422     96      0.695
357     228     0.695
327     247     0.695
108     13      0.695
285     232     0.695
109     94      0.695
285     152     0.695
395     312     0.695
311     229     0.695
225     111     0.695
289     14      0.695
420     381     0.694
379     10      0.694
348     225     0.694
425     41      0.694
422     356     0.694
108     94      0.694
420     108     0.694
329     97      0.694
294     245     0.694
236     224     0.694
311     182     0.694
97      8       0.694
294     236     0.693
381     294     0.693
382     359     0.693
309     228     0.693
312     225     0.693
329     232     0.693
409     334     0.693
354     285     0.693
314     225     0.693
394     312     0.693
311     227     0.692
312     49      0.692
433     239     0.692
289     97      0.692
232     96      0.692
239     181     0.692
315     7       0.692
97      42      0.692
380     228     0.692
380     14      0.692
382     43      0.692
311     285     0.692
428     421     0.691
359     49      0.691
327     227     0.691
427     214     0.691
358     312     0.691
422     231     0.691
359     327     0.691
327     182     0.691
181     111     0.691
225     97      0.690
228     115     0.690
400     89      0.690
422     311     0.690
228     182     0.690
395     242     0.690
288     231     0.690
411     334     0.690
312     232     0.690
382     311     0.690
433     285     0.690
229     97      0.689
309     227     0.689
399     312     0.689
380     111     0.689
312     97      0.689
312     289     0.689
422     230     0.689
427     228     0.688
329     145     0.688
236     97      0.688
236     89      0.688
285     242     0.688
242     230     0.688
289     114     0.688
307     289     0.688
408     239     0.688
424     15      0.688
427     10      0.688
381     230     0.688
424     95      0.688
112     92      0.688
423     110     0.688
229     110     0.687
386     308     0.687
334     284     0.687
432     236     0.687
421     224     0.687
311     22      0.687
111     98      0.687
231     97      0.687
330     225     0.686
330     239     0.686
224     111     0.686
224     147     0.686
231     96      0.686
113     13      0.686
354     228     0.685
355     227     0.685
424     410     0.685
245     207     0.685
42      7       0.685
327     284     0.685
112     93      0.685
236     207     0.685
349     311     0.685
239     145     0.685
359     91      0.685
430     299     0.684
359     108     0.684
329     22      0.684
225     115     0.684
285     236     0.684
421     94      0.684
121     108     0.684
284     227     0.684
422     406     0.684
289     91      0.684
289     95      0.684
288     110     0.684
327     289     0.684
395     49      0.684
225     96      0.683
229     116     0.683
110     15      0.683
114     42      0.683
113     8       0.683
386     311     0.683
108     42      0.683
288     228     0.683
427     379     0.683
239     187     0.683
426     16      0.683
329     308     0.683
95      41      0.683
285     240     0.683
242     147     0.683
424     379     0.683
407     312     0.682
357     4       0.682
421     89      0.682
332     312     0.682
327     314     0.682
423     111     0.682
292     226     0.682
426     231     0.682
313     91      0.682
356     228     0.682
359     147     0.682
433     300     0.681
382     247     0.681
95      9       0.681
239     140     0.681
421     225     0.681
382     7       0.681
381     228     0.681
239     225     0.681
225     13      0.681
95      42      0.681
311     233     0.680
289     228     0.680
355     97      0.680
421     150     0.680
286     41      0.680
286     239     0.680
233     97      0.680
427     224     0.680
420     314     0.680
432     91      0.680
421     21      0.680
387     315     0.680
379     97      0.680
308     287     0.680
233     226     0.679
308     285     0.679
289     93      0.679
382     17      0.679
113     41      0.679
93      8       0.679
421     187     0.679