Prediction Made with CORNET:
a Neural Network based method trained using Correlated Mutations,
Sequence Conservation, Predicted Secondary structure of Proteins and
Evolutionary Information.
Authors Fariselli Piero, Olmea Osvaldo, Valencia Alfonso, Rita Casadio.
This method is an extension of the two following methods

Olmea O. and Valencia A. (1997) Fold. Des. 2: S25-32.

Fariselli P and Casadio R. (1999) Prot. Engng 12:15-21

#================================================================#

PREDICTION

Couple          Reliability
i       j
508     71      0.934
447     187     0.930
512     92      0.922
519     187     0.922
363     71      0.921
512     283     0.917
508     281     0.917
511     283     0.910
274     71      0.908
512     230     0.905
518     139     0.903
512     170     0.899
447     191     0.893
519     191     0.889
508     363     0.887
520     71      0.885
516     139     0.884
507     187     0.878
517     71      0.876
508     274     0.874
363     281     0.871
513     71      0.871
281     71      0.870
448     170     0.869
283     274     0.869
519     281     0.868
187     139     0.866
512     281     0.865
512     187     0.864
512     274     0.859
516     92      0.857
466     170     0.855
508     170     0.852
506     71      0.852
511     363     0.852
512     71      0.851
517     191     0.850
512     135     0.849
512     89      0.848
363     274     0.848
363     191     0.848
375     170     0.848
281     135     0.842
447     281     0.841
281     274     0.839
516     135     0.839
519     283     0.838
447     363     0.838
447     135     0.837
507     191     0.836
519     139     0.836
511     180     0.835
513     363     0.835
274     64      0.835
274     92      0.834
447     71      0.832
507     139     0.831
363     54      0.831
512     65      0.830
275     71      0.829
519     71      0.829
508     135     0.828
274     187     0.828
512     191     0.828
466     89      0.828
506     191     0.827
508     283     0.826
448     89      0.824
448     71      0.824
516     283     0.823
476     170     0.823
508     92      0.823
508     191     0.823
520     512     0.823
375     89      0.822
511     71      0.822
508     448     0.820
505     192     0.820
447     283     0.819
519     230     0.819
508     115     0.819
476     274     0.818
448     65      0.818
116     46      0.818
363     284     0.817
397     170     0.817
456     191     0.817
363     49      0.816
507     447     0.816
507     281     0.816
284     71      0.816
520     115     0.815
516     281     0.815
324     187     0.815
504     191     0.814
135     92      0.814
511     274     0.814
512     120     0.814
512     115     0.813
363     170     0.812
363     283     0.812
511     281     0.812
518     71      0.812
274     224     0.811
259     180     0.809
364     281     0.809
448     274     0.808
508     47      0.808
519     508     0.807
511     115     0.807
232     180     0.806
281     170     0.806
511     232     0.805
456     187     0.805
503     283     0.804
511     135     0.804
375     274     0.803
512     95      0.803
299     170     0.803
487     187     0.802
508     89      0.802
274     207     0.802
283     71      0.801
168     92      0.801
363     45      0.800
503     191     0.800
513     191     0.799
511     191     0.799
516     230     0.799
363     126     0.799
448     363     0.799
170     64      0.799
500     180     0.798
520     180     0.798
447     274     0.798
512     139     0.798
505     139     0.797
363     187     0.797
508     207     0.796
504     216     0.796
115     65      0.795
517     281     0.795
369     170     0.795
126     71      0.795
447     230     0.794
505     282     0.794
520     45      0.792
274     45      0.792
519     363     0.792
217     170     0.792
170     49      0.791
361     71      0.790
446     191     0.790
507     283     0.789
447     48      0.789
232     191     0.789
517     363     0.788
324     191     0.788
274     170     0.788
137     126     0.787
447     170     0.787
476     89      0.787
519     170     0.786
504     187     0.786
520     191     0.786
517     134     0.786
375     299     0.786
274     191     0.785
363     232     0.785
284     126     0.785
500     448     0.784
512     180     0.784
519     507     0.784
518     73      0.783
397     89      0.783
136     71      0.782
283     191     0.782
518     187     0.781
512     168     0.781
500     191     0.781
520     170     0.781
508     275     0.779
518     135     0.778
513     284     0.778
506     178     0.777
274     120     0.777
448     259     0.776
518     191     0.776
281     115     0.776
511     448     0.775
281     136     0.775
361     284     0.775
520     363     0.775
135     65      0.775
236     71      0.774
507     135     0.774
225     65      0.774
490     191     0.774
504     281     0.774
519     447     0.774
364     274     0.774
395     65      0.773
281     54      0.772
116     73      0.772
170     71      0.771
283     135     0.771
516     506     0.771
447     364     0.770
507     71      0.770
508     447     0.769
448     299     0.769
510     116     0.769
505     134     0.769
508     187     0.768
281     137     0.768
414     259     0.768
274     262     0.768
170     92      0.768
299     49      0.767
135     71      0.767
395     232     0.766
508     232     0.765
299     71      0.764
507     363     0.764
281     191     0.764
515     232     0.764
447     95      0.764
180     65      0.763
518     283     0.763
363     48      0.763
275     191     0.763
517     506     0.762
115     89      0.762
274     134     0.762
170     65      0.762
510     224     0.762
281     45      0.762
363     65      0.761
516     55      0.761
508     198     0.761
511     293     0.761
414     92      0.760
515     71      0.760
281     187     0.760
509     282     0.760
135     127     0.760
520     92      0.760
363     275     0.760
363     92      0.759
513     207     0.759
369     299     0.759
512     355     0.759
520     283     0.759
363     190     0.758
225     71      0.758
363     192     0.758
369     89      0.758
284     53      0.758
274     49      0.758
170     158     0.758
515     363     0.757
513     115     0.757
517     187     0.757
71      47      0.757
324     139     0.757
363     134     0.756
355     71      0.756
500     215     0.756
363     115     0.756
520     513     0.756
511     139     0.755
363     135     0.755
170     89      0.755
493     65      0.755
519     120     0.754
382     299     0.754
516     191     0.754
281     47      0.753
518     170     0.753
363     282     0.753
281     48      0.752
281     65      0.752
281     126     0.752
134     73      0.752
363     89      0.752
414     217     0.751
281     207     0.751
520     274     0.751
511     47      0.750
71      45      0.750
512     152     0.750
447     355     0.750
516     170     0.750
325     274     0.749
363     236     0.749
447     275     0.749
170     135     0.749
364     283     0.749
377     170     0.748
500     274     0.748
504     283     0.748
495     191     0.748
517     224     0.748
191     170     0.748
136     127     0.747
518     505     0.747
518     92      0.747
92      65      0.747
157     65      0.747
506     139     0.746
280     71      0.746
486     187     0.746
512     324     0.746
507     282     0.745
506     73      0.745
191     139     0.745
284     274     0.745
281     225     0.744
447     232     0.744
274     192     0.744
446     116     0.744
190     170     0.744
299     64      0.744
508     230     0.743
510     283     0.743
517     262     0.743
513     187     0.743
512     340     0.743
232     65      0.742
446     217     0.742
225     92      0.742
363     105     0.741
191     71      0.741
414     191     0.741
506     70      0.741
502     217     0.741
503     281     0.740
518     206     0.740
170     48      0.740
363     225     0.740
466     314     0.740
281     139     0.739
416     217     0.739
363     198     0.739
355     191     0.739
281     134     0.738
170     45      0.738
466     448     0.737
187     71      0.737
452     192     0.737
504     139     0.737
447     115     0.737
446     224     0.737
282     46      0.736
500     232     0.736
284     135     0.736
281     89      0.736
513     224     0.736
514     139     0.736
274     135     0.736
414     355     0.736
367     92      0.736
283     187     0.735
363     137     0.735
503     448     0.735
508     378     0.735
513     116     0.735
517     283     0.735
367     180     0.735
510     134     0.735
508     45      0.734
283     54      0.734
126     54      0.734
520     139     0.734
369     274     0.734
427     191     0.734
520     317     0.734
508     49      0.733
395     254     0.733
493     230     0.733
518     358     0.733
451     355     0.733
451     238     0.733
508     180     0.733
135     89      0.733
447     44      0.733
363     299     0.733
511     168     0.733
224     73      0.732
520     361     0.732
275     89      0.732
507     134     0.732
513     274     0.732
506     281     0.731
508     249     0.731
519     105     0.731
516     71      0.731
445     191     0.731
511     187     0.731
280     135     0.731
512     137     0.731
500     281     0.731
517     282     0.730
427     187     0.730
516     187     0.730
511     134     0.730
282     191     0.730
517     170     0.729
513     126     0.729
446     139     0.729
513     64      0.729
217     71      0.729
447     180     0.728
518     192     0.728
274     34      0.728
451     191     0.728
187     115     0.728
65      49      0.727
274     89      0.727
281     107     0.727
274     232     0.727
363     293     0.727
510     282     0.727
513     283     0.727
445     224     0.726
502     116     0.726
282     116     0.726
517     92      0.726
490     187     0.726
508     341     0.726
513     275     0.726
519     355     0.726
517     508     0.725
510     232     0.725
519     134     0.725
274     115     0.725
446     187     0.725
513     192     0.725
451     148     0.725
512     85      0.725
506     363     0.724
388     230     0.724
520     192     0.724
466     65      0.724
446     192     0.724
447     324     0.724
510     363     0.724
449     191     0.723
230     180     0.723
508     65      0.723
511     92      0.723
509     71      0.723
504     355     0.723
508     168     0.723
64      48      0.723
518     506     0.722
505     116     0.722
512     448     0.722
506     170     0.722
158     48      0.722
516     65      0.722
513     73      0.722
448     45      0.722
516     363     0.722
388     92      0.722
511     120     0.722
519     178     0.721
107     71      0.721
508     388     0.721
65      48      0.721
515     341     0.721
515     123     0.721
372     230     0.720
509     192     0.720
389     299     0.720
282     134     0.720
516     232     0.720
363     116     0.719
107     54      0.719
446     238     0.719
388     170     0.719
512     282     0.719
509     73      0.719
403     65      0.718
500     355     0.718
519     364     0.718
446     135     0.717
450     355     0.717
281     92      0.717
512     363     0.717
414     284     0.717
363     317     0.717
508     336     0.717
363     325     0.717
349     274     0.717
447     49      0.717
516     115     0.717
364     71      0.716
518     282     0.716
520     10      0.716
225     191     0.716
509     139     0.716
299     274     0.716
493     232     0.716
361     281     0.716
519     512     0.716
511     54      0.715
466     95      0.715
234     71      0.715
283     126     0.715
274     65      0.715
207     71      0.715
397     95      0.714
71      49      0.714
448     207     0.714
375     155     0.714
513     178     0.714
509     191     0.714
274     47      0.714
168     65      0.714
281     53      0.713
283     170     0.713
388     135     0.713
137     65      0.713
224     192     0.712
519     451     0.712
126     48      0.712
519     324     0.712
115     68      0.711
517     274     0.711
511     105     0.711
395     340     0.711
299     183     0.711
372     232     0.711
506     187     0.710
230     65      0.710
407     341     0.710
363     230     0.710
137     71      0.710
134     71      0.710
281     236     0.710
505     446     0.709
92      15      0.709
71      48      0.709
511     447     0.709
284     191     0.709
476     71      0.709
192     71      0.709
168     85      0.709
283     168     0.709
508     493     0.708
520     493     0.708
375     65      0.708
274     37      0.708
283     134     0.708
377     89      0.708
447     139     0.708
187     170     0.707
137     54      0.707
115     92      0.707
407     382     0.707
283     259     0.707
299     275     0.707
180     135     0.707
513     448     0.706
369     65      0.706
395     48      0.706
363     259     0.705
137     127     0.705
355     281     0.705
284     170     0.705
447     378     0.705
441     191     0.705
232     168     0.705
382     48      0.705
400     65      0.705
512     116     0.705
414     369     0.705
180     170     0.704
363     180     0.704
512     45      0.704
447     165     0.704
516     274     0.704
452     217     0.704
363     168     0.703
508     299     0.703
203     191     0.703
516     72      0.703
135     126     0.703
191     115     0.703
456     447     0.703
508     254     0.703
506     55      0.703
283     92      0.702
493     92      0.702
499     192     0.702
413     192     0.702
280     191     0.702
361     275     0.702
448     281     0.702
511     45      0.702
388     89      0.702
505     191     0.702
513     259     0.701
367     283     0.701
170     152     0.701
364     284     0.701
519     415     0.701
37      16      0.701
511     284     0.701
448     191     0.700
282     139     0.700
399     135     0.700
230     135     0.700
299     48      0.700
180     45      0.700
512     364     0.700
503     355     0.700
508     105     0.700
512     198     0.700
230     49      0.700
513     282     0.700
432     187     0.700
395     341     0.700
180     89      0.700
517     115     0.699
476     299     0.699
506     274     0.699
95      49      0.699
395     293     0.699
516     282     0.699
191     92      0.699
414     120     0.699
446     73      0.699
502     148     0.698
407     232     0.698
236     170     0.698
487     191     0.698
363     215     0.698
515     60      0.698
502     192     0.698
284     137     0.697
451     324     0.697
513     503     0.697
363     348     0.697
275     65      0.697
363     341     0.697
513     445     0.697
511     207     0.696
95      64      0.696
275     53      0.696
513     47      0.696
126     105     0.696
281     64      0.696
388     65      0.695
516     73      0.695
512     160     0.695
506     135     0.695
514     304     0.695
520     511     0.695
426     217     0.695
476     168     0.695
500     135     0.695
448     92      0.695
73      49      0.695
192     73      0.695
519     274     0.695
466     317     0.695
225     170     0.694
134     54      0.694
520     299     0.694
229     180     0.694
281     232     0.694
89      65      0.693
465     187     0.693
299     232     0.693
519     92      0.693
372     65      0.693
372     92      0.693
259     65      0.692
283     137     0.692
456     115     0.692
414     324     0.692
519     448     0.692
508     225     0.692
232     115     0.692
512     157     0.692
447     168     0.691
324     281     0.691
299     89      0.691
135     105     0.691
139     126     0.691
466     191     0.691
516     508     0.690
187     135     0.690
517     126     0.690
447     152     0.690
507     195     0.690
513     45      0.690
512     270     0.690
407     49      0.690
518     361     0.689
283     165     0.689
508     284     0.689
281     95      0.689
515     49      0.689
466     259     0.689
363     53      0.689
282     192     0.689
283     230     0.689
518     116     0.689
412     191     0.689
71      64      0.689
476     95      0.689
71      27      0.689
281     105     0.688
505     73      0.688
369     92      0.688
509     363     0.688
274     116     0.688
520     165     0.688
397     85      0.687
512     414     0.687
507     55      0.687
364     282     0.687
275     73      0.687
448     230     0.687
519     89      0.687
168     89      0.687
449     282     0.687
259     230     0.686
336     65      0.686
510     54      0.686
520     27      0.686
520     372     0.686
508     107     0.686
466     71      0.686
363     64      0.686
397     262     0.686
447     284     0.686
476     65      0.686
513     348     0.685
448     158     0.685
520     95      0.685
415     191     0.685
363     34      0.685
224     170     0.685
448     115     0.685
363     68      0.685
508     27      0.685
512     447     0.685
517     139     0.685
281     183     0.684
512     361     0.684
126     53      0.684
395     230     0.684
508     293     0.684
349     191     0.684
358     191     0.684
135     72      0.684
519     115     0.683
428     191     0.683
498     191     0.683
349     92      0.683
126     115     0.683
508     53      0.683
451     187     0.683
363     158     0.683
507     284     0.683
508     314     0.683
414     116     0.682
514     191     0.682
512     125     0.682
187     44      0.682
504     55      0.682
136     126     0.682
238     191     0.682
426     116     0.682
281     198     0.682
285     134     0.681
468     217     0.681
198     71      0.681
395     92      0.681
513     134     0.681
512     207     0.681
520     85      0.681
516     203     0.681
134     127     0.681
479     192     0.681
412     369     0.681
372     191     0.680
218     191     0.680
381     64      0.680
281     180     0.680
397     259     0.680
281     127     0.680
375     73      0.680
512     27      0.680
89      64      0.680
518     281     0.680
381     170     0.680
457     116     0.680
512     192     0.680
345     170     0.679
502     206     0.679
520     412     0.679
206     46      0.679
446     108     0.679
451     192     0.679
282     138     0.679
520     89      0.679
198     115     0.679
139     71      0.679
466     262     0.679
513     48      0.679
512     16      0.679
519     65      0.679
361     191     0.678
448     275     0.678
500     92      0.678
372     207     0.678
53      45      0.678
505     46      0.678
73      60      0.678
123     115     0.678
353     71      0.678
445     192     0.678
400     135     0.678
282     73      0.678
518     507     0.677
512     388     0.677
215     180     0.677
476     262     0.677
508     133     0.676
515     115     0.676
299     225     0.676
361     54      0.676
520     190     0.676
160     65      0.676
508     236     0.675
414     275     0.675
503     215     0.675
225     89      0.675
284     136     0.675
520     447     0.675
446     355     0.675
407     215     0.675
363     136     0.675
324     120     0.675
415     283     0.675
493     170     0.675
519     85      0.674
466     299     0.674
503     187     0.674
443     192     0.674
508     355     0.674
500     341     0.674
324     277     0.673
513     281     0.673
280     49      0.673
413     238     0.673
139     116     0.673
397     191     0.673
512     491     0.673
232     48      0.673
511     126     0.673
280     54      0.673
520     262     0.672
115     71      0.672
389     48      0.672
447     262     0.672
511     53      0.672
191     89      0.672
369     190     0.672
506     448     0.672
249     135     0.671
516     206     0.671
513     180     0.671
364     135     0.671
509     102     0.671
509     134     0.671
501     191     0.671
361     135     0.671
510     123     0.671
282     54      0.671
432     191     0.671
284     48      0.671
115     59      0.671
139     54      0.671
497     191     0.670
364     180     0.670
372     355     0.670
183     170     0.670
448     215     0.670
493     369     0.670
372     238     0.670
448     95      0.670
363     107     0.670
519     511     0.670
284     190     0.669
412     275     0.669
414     187     0.669
299     65      0.669
519     224     0.669
517     167     0.669
504     207     0.669
136     54      0.669
508     364     0.669
414     95      0.669
445     262     0.669
508     234     0.668
456     281     0.668
115     95      0.668
447     190     0.668
127     54      0.668
225     187     0.668
378     281     0.668
518     247     0.668
281     59      0.668
363     262     0.668
249     89      0.667
364     191     0.667
236     89      0.667
395     249     0.667
447     89      0.667
230     191     0.667
511     275     0.667
115     6       0.667
372     170     0.667
508     350     0.667
519     127     0.667
73      51      0.667
447     299     0.667
512     284     0.667
450     191     0.667
520     48      0.667
48      12      0.666
126     49      0.666
190     65      0.666
446     178     0.666
275     48      0.666
518     510     0.666
236     191     0.666
514     82      0.666
519     116     0.666
487     230     0.666
355     115     0.666
135     45      0.665
125     71      0.665
516     355     0.665
512     232     0.665
92      6       0.665
513     299     0.665
324     115     0.665
382     65      0.665
493     89      0.665
397     65      0.664
397     317     0.664
506     72      0.664
505     224     0.664
449     363     0.664
448     399     0.664
207     92      0.664
363     120     0.664
493     293     0.664
507     449     0.664
451     123     0.663
407     293     0.663
364     170     0.663
361     283     0.663
284     73      0.663
281     185     0.663
190     48      0.663
282     186     0.663
363     185     0.663
512     19      0.663
283     105     0.663
503     217     0.663
232     190     0.663
285     54      0.663
511     170     0.663
407     389     0.663
511     30      0.663
324     283     0.662
283     127     0.662
283     128     0.662
503     274     0.662
139     73      0.662
373     139     0.662
505     281     0.662
506     217     0.662
512     317     0.662
448     340     0.662
448     168     0.662
249     170     0.661
361     126     0.661
293     135     0.661
446     284     0.661
400     299     0.661
508     125     0.661
397     71      0.661
293     180     0.661
126     64      0.661
412     65      0.661
512     503     0.661
136     64      0.661
369     95      0.661
445     71      0.660
448     224     0.660
512     49      0.660
447     249     0.660
275     115     0.660
512     369     0.660
518     203     0.660
516     180     0.660
369     48      0.660
148     71      0.660
510     115     0.660
388     378     0.660
447     385     0.660
284     89      0.660
517     341     0.660
414     251     0.660
89      49      0.660
361     134     0.659
507     186     0.659
521     274     0.659
190     71      0.659
412     48      0.659
170     115     0.659
505     195     0.659
397     211     0.659
372     275     0.659
515     191     0.659
447     254     0.659
445     60      0.659
510     449     0.659
516     509     0.659
362     281     0.658
274     230     0.658
138     126     0.658
281     230     0.658