Prediction Made with CORNET:
a Neural Network based method trained using Correlated Mutations,
Sequence Conservation, Predicted Secondary structure of Proteins and
Evolutionary Information.
Authors Fariselli Piero, Olmea Osvaldo, Valencia Alfonso, Rita Casadio.
This method is an extension of the two following methods

Olmea O. and Valencia A. (1997) Fold. Des. 2: S25-32.

Fariselli P and Casadio R. (1999) Prot. Engng 12:15-21

#================================================================#

PREDICTION

Couple          Reliability
i       j
528     334     0.866
527     335     0.842
528     267     0.826
311     207     0.819
314     209     0.813
313     271     0.812
528     330     0.808
527     282     0.799
313     35      0.792
311     209     0.791
314     207     0.789
334     267     0.780
314     271     0.776
104     35      0.775
531     270     0.773
104     31      0.772
311     35      0.768
335     267     0.767
311     203     0.762
527     360     0.761
525     88      0.761
337     264     0.757
312     35      0.756
311     37      0.755
103     32      0.755
311     33      0.755
528     104     0.754
101     35      0.753
99      35      0.751
530     333     0.751
313     208     0.751
310     208     0.750
525     282     0.746
337     282     0.745
310     209     0.745
102     37      0.745
527     270     0.744
314     203     0.743
337     267     0.742
322     271     0.741
312     104     0.741
104     37      0.739
312     37      0.738
313     203     0.736
530     267     0.736
528     270     0.733
530     314     0.732
313     99      0.731
310     207     0.731
335     259     0.731
312     207     0.730
311     271     0.726
530     360     0.723
313     207     0.723
313     31      0.722
313     209     0.722
39      31      0.721
530     334     0.719
313     38      0.719
527     273     0.718
313     37      0.718
102     35      0.716
530     341     0.716
339     271     0.714
531     181     0.713
527     267     0.712
530     271     0.711
313     39      0.711
360     335     0.711
339     270     0.711
313     102     0.711
315     32      0.710
314     37      0.710
528     282     0.709
530     322     0.708
282     180     0.708
311     208     0.708
311     205     0.707
314     31      0.706
271     264     0.705
312     39      0.704
530     282     0.704
203     104     0.704
345     267     0.702
207     104     0.702
103     36      0.701
531     154     0.700
337     275     0.699
313     34      0.698
310     203     0.698
203     37      0.697
209     31      0.697
100     36      0.697
310     39      0.697
510     270     0.697
337     284     0.696
203     145     0.696
314     35      0.696
530     259     0.696
531     272     0.694
101     37      0.693
208     35      0.692
311     104     0.692
207     37      0.690
527     181     0.690
311     268     0.690
207     35      0.689
99      31      0.688
530     337     0.688
314     39      0.688
102     31      0.687
99      37      0.687
313     36      0.685
528     335     0.683
527     284     0.682
313     104     0.682
313     100     0.680
422     310     0.680
313     101     0.679
530     88      0.677
311     101     0.677
332     270     0.676
530     181     0.676
360     267     0.675
525     335     0.674
529     103     0.674
208     103     0.672
337     329     0.672
104     33      0.672
310     270     0.672
337     270     0.672
204     37      0.671
311     38      0.671
334     273     0.671
312     203     0.671
530     268     0.671
527     271     0.670
337     310     0.670
313     206     0.669
528     128     0.669
209     145     0.669
339     268     0.669
422     314     0.669
312     99      0.669
360     334     0.668
312     271     0.668
527     331     0.668
310     268     0.668
339     267     0.668
313     98      0.668
102     36      0.667
308     268     0.667
313     205     0.666
310     206     0.666
103     35      0.666
311     204     0.665
311     36      0.665
104     34      0.665
203     97      0.664
312     209     0.664
525     331     0.663
530     209     0.663
335     273     0.663
525     337     0.662
308     271     0.662
311     206     0.661
314     269     0.661
528     269     0.660
311     273     0.660
530     422     0.658
207     101     0.657
525     360     0.656
314     204     0.656
525     333     0.655
100     38      0.655
206     100     0.655
208     37      0.655
530     313     0.655
333     264     0.655
313     103     0.654
527     485     0.654
360     284     0.654
422     104     0.654
282     259     0.653
334     282     0.653
282     267     0.653
312     34      0.653
422     203     0.653
311     34      0.652
99      39      0.652
422     31      0.652
423     310     0.652
203     35      0.652
528     265     0.651
528     284     0.650
525     72      0.650
339     209     0.650
271     259     0.649
312     36      0.649
104     39      0.649
282     268     0.649
339     310     0.649
340     208     0.648
209     39      0.647
207     102     0.647
310     99      0.647
102     39      0.647
525     271     0.646
531     149     0.646
311     99      0.645
203     39      0.645
270     181     0.645
101     36      0.644
313     259     0.644
310     271     0.644
339     282     0.644
312     204     0.644
282     270     0.643
207     36      0.642
312     38      0.642
525     301     0.641
528     338     0.641
322     308     0.641
335     282     0.641
100     35      0.641
525     227     0.640
334     270     0.640
422     271     0.640
267     180     0.639
337     180     0.639
382     282     0.639
527     334     0.638
204     39      0.638
331     282     0.638
308     267     0.636
345     331     0.636
282     271     0.635
525     180     0.635
98      38      0.634
322     270     0.634
311     102     0.634
311     267     0.634
203     102     0.634
530     146     0.634
97      39      0.633
525     77      0.633
421     99      0.633
310     37      0.633
282     88      0.632
333     282     0.632
354     334     0.632
530     145     0.632
322     282     0.631
208     31      0.630
101     33      0.630
322     209     0.630
339     203     0.630
99      34      0.630
531     202     0.629
102     38      0.629
530     273     0.629
282     255     0.629
313     268     0.629
282     264     0.628
314     208     0.628
529     147     0.628
208     98      0.628
313     204     0.628
314     268     0.627
309     270     0.627
530     310     0.627
207     33      0.626
311     31      0.626
314     99      0.626
345     322     0.626
530     336     0.626
340     209     0.625
282     217     0.625
312     208     0.625
207     99      0.625
204     36      0.625
422     339     0.624
525     59      0.624
339     314     0.624
530     420     0.624
310     104     0.624
322     267     0.624
337     271     0.624
208     34      0.624
100     37      0.623
308     270     0.623
322     268     0.622
282     209     0.622
309     209     0.622
525     322     0.622
525     273     0.622
98      36      0.621
337     330     0.621
98      32      0.621
527     333     0.620
310     272     0.620
335     264     0.620
530     331     0.620
103     38      0.620
100     34      0.620
528     77      0.620
528     150     0.620
267     73      0.619
203     31      0.619
209     99      0.618
310     32      0.618
101     31      0.618
335     322     0.618
312     102     0.618
270     263     0.617
270     203     0.617
311     98      0.617
209     35      0.616
527     362     0.616
314     282     0.616
528     297     0.616
209     37      0.616
349     310     0.615
530     263     0.615
98      35      0.615
259     180     0.615
98      39      0.615
203     99      0.614
330     282     0.614
527     338     0.614
311     100     0.614
527     294     0.613
322     145     0.613
527     488     0.613
99      33      0.613
527     264     0.612
312     31      0.612
150     31      0.612
204     31      0.611
527     88      0.611
527     322     0.611
314     205     0.611
206     32      0.610
528     39      0.610
202     103     0.610
105     32      0.609
101     38      0.609
313     270     0.609
101     34      0.609
204     35      0.608
314     38      0.608
354     335     0.608
332     267     0.608
310     35      0.608
360     282     0.608
334     284     0.608
308     259     0.608
531     340     0.608
420     100     0.607
531     116     0.607
516     270     0.607
528     327     0.607
322     264     0.607
331     268     0.607
312     205     0.606
528     271     0.606
530     330     0.606
313     145     0.606
528     263     0.606
418     181     0.606
354     310     0.606
422     270     0.606
310     100     0.605
313     33      0.605
314     36      0.605
282     181     0.605
270     259     0.605
528     337     0.605
422     209     0.605
311     270     0.605
334     79      0.604
312     101     0.604
311     39      0.604
422     39      0.604
314     33      0.604
104     88      0.603
530     232     0.602
97      31      0.602
103     33      0.602
354     267     0.602
360     330     0.602
525     294     0.602
360     268     0.602
284     217     0.601
525     264     0.601
207     38      0.600
203     34      0.600
527     59      0.600
99      36      0.600
341     209     0.600
315     202     0.599
531     411     0.599
337     255     0.599
282     252     0.599
207     39      0.599
530     150     0.598
374     271     0.598
348     209     0.598
333     181     0.598
527     74      0.598
208     39      0.597
312     100     0.597
525     265     0.597
421     101     0.597
528     422     0.597
310     102     0.597
102     34      0.597
527     483     0.597
202     145     0.596
105     98      0.596
314     101     0.596
531     332     0.596
98      30      0.596
530     270     0.595
282     275     0.595
527     150     0.595
528     72      0.595
422     37      0.595
208     33      0.595
345     337     0.595
268     209     0.595
208     104     0.595
282     273     0.595
208     99      0.595
103     37      0.594
333     267     0.594
340     310     0.594
529     342     0.594
310     36      0.594
529     145     0.594
267     259     0.593
527     180     0.593
204     101     0.593
310     267     0.593
336     270     0.592
313     284     0.592
528     113     0.592
528     181     0.591
206     37      0.591
525     11      0.591
528     209     0.591
527     72      0.590
528     268     0.590
528     420     0.590
209     104     0.590
282     168     0.590
330     271     0.590
348     310     0.590
528     354     0.590
310     101     0.590
420     310     0.590
98      33      0.590
312     206     0.589
97      35      0.588
528     273     0.588
355     203     0.588
204     99      0.588
312     270     0.588
345     268     0.588
528     360     0.588
322     259     0.588
202     98      0.587
530     97      0.587
528     300     0.587
419     270     0.587
102     33      0.587
267     227     0.587
308     274     0.587
530     114     0.586
527     382     0.586
528     259     0.585
310     204     0.585
39      32      0.585
322     181     0.584
327     267     0.584
334     88      0.584
354     209     0.584
530     207     0.583
339     330     0.583
207     34      0.583
340     32      0.583
104     38      0.582
38      31      0.582
322     273     0.582
284     264     0.582
207     31      0.582
270     71      0.581
150     88      0.581
204     102     0.581
355     180     0.581
528     145     0.581
525     334     0.581
335     284     0.580
528     322     0.580
267     231     0.580
209     101     0.580
530     483     0.579
422     311     0.579
313     32      0.579
314     259     0.579
310     202     0.579
530     31      0.579
203     36      0.579
208     38      0.579
528     88      0.578
313     267     0.578
530     72      0.577
207     145     0.577
314     206     0.577
422     313     0.577
530     355     0.577
277     270     0.577
354     270     0.577
339     322     0.577
525     354     0.577
282     232     0.576
322     88      0.576
418     270     0.576
331     271     0.576
420     270     0.576
423     314     0.575
203     150     0.575
308     264     0.575
526     272     0.575
104     36      0.575
422     208     0.575
330     270     0.575
322     314     0.575
422     322     0.574
327     270     0.574
263     181     0.574
99      88      0.574
530     264     0.574
345     259     0.574
145     39      0.574
314     267     0.573
337     88      0.573
271     180     0.573
311     180     0.572
530     77      0.572
341     271     0.572
529     181     0.572
341     203     0.571
282     173     0.571
270     207     0.571
268     180     0.571
334     209     0.571
282     176     0.571
331     284     0.571
207     32      0.571
311     103     0.570
423     209     0.570
352     310     0.570
530     102     0.570
331     270     0.570
528     347     0.570
310     38      0.570
309     207     0.569
345     209     0.569
205     101     0.569
340     311     0.569
312     269     0.569
330     284     0.569
422     102     0.569
273     259     0.568
348     331     0.568
527     68      0.568
360     209     0.568
267     173     0.568
314     270     0.568
310     31      0.568
340     203     0.568
419     310     0.568
527     313     0.568
354     345     0.567
527     354     0.567
264     180     0.567
311     32      0.567
337     209     0.567
204     32      0.567
525     270     0.567
264     252     0.566
334     259     0.566
330     264     0.566
330     180     0.566
330     322     0.566
348     314     0.566
267     79      0.566
209     36      0.566
528     76      0.565
340     271     0.565
530     311     0.565
352     331     0.565
114     31      0.565
530     37      0.564
339     208     0.564
345     330     0.564
311     282     0.564
360     180     0.564
104     32      0.564
311     259     0.564
312     103     0.563
340     270     0.563
337     181     0.563
422     97      0.562
267     209     0.562
330     259     0.562
527     268     0.562
422     334     0.562
282     227     0.561
340     313     0.561
525     267     0.561
345     335     0.560
311     145     0.560
145     31      0.560
530     338     0.560
310     205     0.560
334     268     0.560
334     73      0.560
530     347     0.560
345     282     0.559
530     354     0.559
312     98      0.559
528     97      0.559
101     39      0.559
313     282     0.559
421     310     0.559
527     265     0.559
271     209     0.558
530     208     0.558
348     337     0.558
335     258     0.558
345     273     0.558
203     38      0.558
314     102     0.558
259     73      0.558
202     96      0.558
208     101     0.558
284     180     0.557
524     332     0.557
527     301     0.557
355     282     0.557
423     339     0.557
345     310     0.557
339     273     0.557
330     267     0.557
204     103     0.556
328     270     0.556
204     34      0.556
314     202     0.555
105     38      0.555
337     297     0.555
382     88      0.555
527     209     0.555
420     31      0.554
315     203     0.554
420     208     0.554
205     35      0.554
528     331     0.554
527     248     0.554
348     271     0.553
99      38      0.553
382     335     0.553
270     180     0.553
335     173     0.553
337     273     0.553
360     273     0.553
530     30      0.553
527     79      0.553
204     104     0.553
336     181     0.553
355     335     0.552
527     11      0.552
339     207     0.552
208     100     0.552
483     259     0.552
314     98      0.552
97      37      0.552
203     180     0.552
525     155     0.552
527     347     0.552
308     252     0.552
311     202     0.552
337     269     0.551
97      88      0.551
204     38      0.551
354     309     0.551
530     91      0.551
208     102     0.551
145     115     0.551
284     268     0.551
527     9       0.550
333     209     0.550
284     227     0.550
530     301     0.550
527     337     0.550
337     72      0.550
322     265     0.550
333     284     0.550
530     71      0.550
98      37      0.550
360     331     0.550
336     267     0.550
311     269     0.549
528     29      0.549
334     310     0.549
354     268     0.549
322     284     0.549
310     273     0.549
264     255     0.548
206     34      0.548
421     204     0.548
209     97      0.547
528     362     0.547
332     266     0.547
311     284     0.547
530     345     0.547
103     34      0.547
340     207     0.547
339     313     0.547
354     273     0.546
334     263     0.546
314     32      0.546
209     202     0.546
314     284     0.546
525     268     0.546
530     275     0.546
339     259     0.545
270     209     0.545
527     73      0.545
284     275     0.545
335     88      0.544
273     209     0.544
530     297     0.544
530     113     0.544
330     88      0.544
308     282     0.544
422     35      0.544
205     31      0.543
341     202     0.543
205     37      0.543
282     174     0.543
531     336     0.543
314     34      0.543
282     72      0.542
284     267     0.542
337     259     0.541
525     338     0.541
520     332     0.541
308     145     0.541
335     270     0.541
529     96      0.541
528     221     0.541
337     79      0.541
271     231     0.541
206     39      0.541
530     11      0.541
529     322     0.541
308     203     0.541
205     104     0.541
345     180     0.541
530     203     0.541
40      31      0.540
334     180     0.540
112     97      0.540
264     168     0.540
527     258     0.540
209     102     0.540
308     284     0.540
527     87      0.540
329     267     0.540
333     322     0.540
259     252     0.540
284     259     0.540
354     180     0.539
527     345     0.539
268     88      0.539
530     332     0.539
282     175     0.539
528     161     0.539
271     203     0.539
384     282     0.538
339     331     0.538
528     51      0.538
207     98      0.538
153     31      0.538
350     145     0.538
331     264     0.538
209     38      0.538
525     209     0.537
340     202     0.537
527     259     0.537
528     310     0.537
113     39      0.537
205     39      0.537
314     145     0.536
209     98      0.536
528     73      0.536
422     337     0.536
354     337     0.536
297     282     0.536
98      34      0.536
337     73      0.535
284     252     0.535
528     333     0.535
525     181     0.535
308     275     0.535
313     97      0.535
337     262     0.535
282     248     0.534
530     153     0.534
423     338     0.534
314     273     0.534
282     258     0.534
420     271     0.534
100     39      0.534
270     39      0.534
310     145     0.534
530     155     0.534
205     100     0.533
354     322     0.533
530     421     0.533
529     267     0.533
421     38      0.533
510     181     0.533
275     264     0.533
322     203     0.533
423     203     0.533
527     145     0.533
334     37      0.532
355     273     0.532
271     31      0.532
114     97      0.532
422     88      0.532
526     332     0.532
382     273     0.532
531     30      0.532
530     104     0.531
204     98      0.531
207     100     0.531
337     169     0.531
363     335     0.531
327     268     0.531
308     150     0.531
528     79      0.530
206     35      0.530
205     38      0.530
311     30      0.530
354     284     0.530
527     421     0.530
335     328     0.530
354     271     0.530
312     267     0.529
339     39      0.529
330     268     0.529
282     269     0.529
530     265     0.529
98      31      0.529
527     177     0.529
382     180     0.528
334     181     0.528
267     37      0.528
345     264     0.528
525     483     0.528
345     334     0.527
335     180     0.527
202     152     0.527
206     33      0.527
317     270     0.527
100     33      0.527
349     309     0.527
354     332     0.527
322     294     0.526
312     32      0.526
339     264     0.526
339     181     0.526
282     207     0.526
525     362     0.526
310     269     0.526
315     208     0.525
205     99      0.525
355     267     0.525
334     314     0.525
334     313     0.525
423     270     0.525
209     34      0.524
423     105     0.524
284     173     0.524
531     36      0.524
354     272     0.524
330     172     0.524
309     269     0.524
274     181     0.524
327     314     0.524
525     382     0.524
209     32      0.523
374     282     0.523
338     270     0.523
337     322     0.523
531     352     0.523
207     103     0.523
150     28      0.523
322     5       0.523
527     114     0.523
150     37      0.522
284     255     0.522
313     269     0.522
530     59      0.522
284     271     0.521
531     71      0.521
421     311     0.521
339     312     0.521
384     337     0.521
311     272     0.521
338     271     0.521
210     202     0.521
528     312     0.520
421     31      0.520
422     207     0.520
348     267     0.520
331     322     0.520
335     275     0.520
145     28      0.520
202     30      0.520
314     275     0.520
348     268     0.519
348     339     0.519
527     104     0.519
322     177     0.519
331     314     0.518
355     334     0.518
322     310     0.518
528     336     0.518
327     282     0.518
271     72      0.518
532     271     0.518
527     173     0.518
348     270     0.518
374     264     0.518
323     267     0.518
525     150     0.517
333     268     0.517
105     33      0.517
309     145     0.517
530     374     0.517
113     98      0.517
291     271     0.516
423     208     0.516
203     98      0.516
267     258     0.516
341     31      0.516
341     310     0.516
345     333     0.515
423     207     0.515
313     202     0.515
421     98      0.515
282     79      0.515
146     32      0.515
112     30      0.515
150     39      0.515
362     282     0.515
374     268     0.515
337     168     0.515
421     35      0.515
529     270     0.515
202     154     0.515
311     168     0.514
531     89      0.514
267     175     0.514
268     79      0.514
528     382     0.514
322     180     0.514
309     273     0.514
354     331     0.514
270     258     0.513
267     207     0.513
348     341     0.513
338     203     0.513
271     88      0.513
113     31      0.513
337     268     0.513
105     35      0.513
531     28      0.513
313     30      0.513
382     284     0.512
522     270     0.512
205     32      0.512
530     335     0.512
422     145     0.512
310     98      0.512
483     334     0.512
510     332     0.512
530     312     0.512
332     259     0.512
205     33      0.512
297     267     0.512
527     71      0.512
335     271     0.512
310     33      0.512
337     217     0.512
281     267     0.511
273     145     0.511
340     98      0.511
354     340     0.511
334     322     0.511
362     259     0.511
333     88      0.511
315     272     0.511
203     103     0.511
531     114     0.511
310     282     0.511
105     31      0.511
308     209     0.511
525     74      0.511
422     32      0.510
528     345     0.510
270     199     0.510
206     102     0.510
311     97      0.510
282     5       0.510
531     510     0.510
528     91      0.510
312     268     0.510
291     252     0.510
310     97      0.509
529     310     0.509
354     339     0.509
308     97      0.509
312     145     0.509
314     103     0.509
333     270     0.509
528     258     0.509
528     313     0.509
530     152     0.509
282     221     0.509
510     305     0.509
97      28      0.509
258     180     0.509
422     282     0.509
528     37      0.509
528     264     0.508
422     99      0.508
337     76      0.508
311     88      0.508
354     203     0.508
528     341     0.508
525     269     0.508
334     297     0.508
339     265     0.508
349     209     0.508
525     176     0.507
314     180     0.507
341     270     0.507
271     248     0.507