Prediction Made with CORNET:
a Neural Network based method trained using Correlated Mutations,
Sequence Conservation, Predicted Secondary structure of Proteins and
Evolutionary Information.
Authors Fariselli Piero, Olmea Osvaldo, Valencia Alfonso, Rita Casadio.
This method is an extension of the two following methods

Olmea O. and Valencia A. (1997) Fold. Des. 2: S25-32.

Fariselli P and Casadio R. (1999) Prot. Engng 12:15-21

#================================================================#

PREDICTION

Couple          Reliability
i       j
334     326     0.940
259     162     0.936
324     259     0.926
334     162     0.925
329     162     0.919
324     230     0.919
313     259     0.918
325     259     0.916
230     52      0.913
334     258     0.912
364     162     0.911
369     259     0.909
259     52      0.908
334     160     0.908
313     162     0.906
304     52      0.906
230     162     0.906
334     259     0.906
326     259     0.906
329     313     0.905
160     52      0.904
332     162     0.903
334     325     0.902
334     52      0.902
324     162     0.901
324     90      0.901
325     52      0.899
230     114     0.899
334     227     0.898
230     53      0.897
325     90      0.896
312     259     0.896
324     52      0.895
114     52      0.895
301     227     0.895
325     224     0.894
324     160     0.894
325     313     0.893
304     225     0.893
315     162     0.893
315     259     0.893
326     114     0.892
334     304     0.891
334     312     0.890
310     162     0.889
313     52      0.888
324     313     0.887
304     259     0.886
258     160     0.886
258     52      0.884
116     52      0.883
259     160     0.882
162     18      0.882
324     114     0.881
332     313     0.880
224     52      0.879
334     51      0.878
332     180     0.878
301     162     0.878
114     53      0.878
224     114     0.877
325     223     0.877
324     278     0.876
304     127     0.876
312     52      0.876
304     221     0.875
315     8       0.875
334     273     0.874
326     230     0.874
52      18      0.874
90      52      0.873
334     313     0.873
304     114     0.873
369     160     0.873
325     230     0.873
335     326     0.872
273     162     0.872
315     278     0.872
369     326     0.871
334     223     0.871
312     230     0.871
315     18      0.871
230     223     0.870
304     116     0.870
315     230     0.870
334     324     0.870
114     25      0.869
369     313     0.869
259     18      0.868
312     162     0.868
223     52      0.868
312     160     0.868
258     224     0.868
301     52      0.867
324     304     0.867
325     160     0.866
312     257     0.865
332     273     0.865
369     114     0.864
369     334     0.862
369     52      0.861
325     258     0.861
334     230     0.861
224     116     0.860
261     162     0.860
324     312     0.860
301     223     0.860
369     332     0.860
332     312     0.859
364     325     0.859
364     258     0.859
160     114     0.859
325     18      0.858
332     259     0.858
338     23      0.858
325     162     0.857
332     261     0.857
230     18      0.857
90      18      0.857
326     52      0.857
288     259     0.857
369     162     0.857
97      52      0.856
338     52      0.856
313     18      0.856
369     304     0.856
324     18      0.855
325     113     0.855
223     90      0.855
364     230     0.855
259     114     0.855
303     23      0.855
364     160     0.855
240     162     0.855
325     114     0.854
257     160     0.854
364     326     0.853
113     52      0.853
230     116     0.853
162     52      0.853
332     164     0.853
223     114     0.853
301     258     0.852
304     90      0.852
161     52      0.852
324     258     0.852
304     53      0.852
224     25      0.851
315     273     0.851
334     161     0.850
369     325     0.850
315     161     0.850
160     18      0.849
258     230     0.849
334     243     0.849
334     116     0.849
315     114     0.848
315     160     0.848
332     315     0.848
332     160     0.848
230     160     0.847
326     162     0.847
329     259     0.847
221     53      0.847
220     114     0.847
227     114     0.847
332     52      0.846
321     313     0.846
325     257     0.846
334     119     0.846
334     65      0.846
51      18      0.845
332     263     0.845
312     18      0.844
329     257     0.844
321     162     0.843
325     53      0.843
304     223     0.843
326     160     0.843
364     324     0.843
315     52      0.843
325     304     0.843
258     162     0.842
315     257     0.842
332     227     0.842
220     52      0.841
221     114     0.841
160     129     0.840
329     18      0.840
258     228     0.840
230     119     0.840
299     259     0.840
367     230     0.839
116     25      0.839
229     52      0.839
312     8       0.839
114     92      0.839
315     3       0.839
329     52      0.838
326     313     0.838
313     160     0.837
119     52      0.837
369     119     0.837
369     53      0.837
301     225     0.836
224     90      0.836
230     221     0.836
224     162     0.836
324     223     0.836
258     163     0.835
127     6       0.835
276     259     0.835
312     258     0.835
224     160     0.834
364     313     0.834
52      25      0.834
367     303     0.834
334     53      0.834
304     51      0.834
304     230     0.833
162     8       0.833
315     65      0.833
324     161     0.832
368     313     0.832
334     263     0.832
315     23      0.832
364     52      0.831
304     119     0.831
288     265     0.831
369     312     0.831
97      90      0.831
271     162     0.830
221     23      0.830
52      6       0.830
326     224     0.829
332     230     0.829
303     224     0.829
259     65      0.829
334     257     0.828
324     273     0.828
228     52      0.828
363     162     0.828
113     90      0.828
303     258     0.828
313     114     0.827
312     285     0.827
303     227     0.827
332     271     0.827
230     113     0.827
335     227     0.827
259     224     0.826
303     228     0.826
315     119     0.826
324     224     0.826
303     128     0.826
304     229     0.825
315     276     0.825
303     52      0.825
312     273     0.825
303     114     0.824
127     53      0.824
313     230     0.824
161     18      0.824
230     163     0.824
258     90      0.824
303     54      0.823
332     254     0.823
321     18      0.823
338     313     0.823
325     228     0.822
326     180     0.822
304     258     0.822
334     271     0.821
222     110     0.821
338     230     0.821
301     53      0.821
258     223     0.821
334     221     0.820
278     162     0.820
326     53      0.820
310     52      0.819
312     261     0.819
225     25      0.819
92      25      0.819
325     312     0.818
301     230     0.818
301     259     0.818
228     24      0.818
230     51      0.818
324     220     0.817
127     52      0.817
114     18      0.817
321     259     0.817
334     224     0.817
259     163     0.817
220     116     0.817
364     127     0.817
324     315     0.817
160     116     0.817
312     3       0.816
334     159     0.816
336     228     0.816
364     114     0.816
312     278     0.816
312     17      0.816
244     162     0.816
367     336     0.815
324     51      0.815
325     225     0.815
259     230     0.815
95      53      0.815
220     162     0.815
364     334     0.815
334     315     0.814
369     315     0.814
326     92      0.814
335     52      0.814
304     97      0.814
334     114     0.814
52      23      0.813
366     162     0.813
228     116     0.813
338     303     0.813
160     3       0.812
313     258     0.812
223     162     0.812
312     161     0.812
224     111     0.811
300     258     0.811
338     259     0.811
315     180     0.811
369     230     0.811
98      25      0.811
310     18      0.811
258     18      0.811
329     240     0.811
338     326     0.810
334     301     0.810
303     222     0.810
323     230     0.810
312     263     0.810
128     91      0.810
304     160     0.810
323     259     0.809
258     114     0.809
225     97      0.809
257     162     0.809
228     54      0.809
334     163     0.809
302     223     0.809
324     271     0.809
304     25      0.809
315     17      0.809
223     53      0.808
324     227     0.808
301     114     0.808
332     161     0.808
315     261     0.808
114     90      0.808
365     336     0.808
326     304     0.807
113     23      0.807
324     8       0.807
53      18      0.807
285     160     0.807
251     162     0.807
369     51      0.807
230     54      0.807
160     53      0.807
367     54      0.806
338     51      0.806
222     91      0.806
162     83      0.806
300     274     0.806
313     273     0.806
369     18      0.806
335     230     0.806
315     302     0.806
332     18      0.806
329     163     0.806
300     163     0.806
230     23      0.805
338     92      0.805
92      52      0.805
231     54      0.805
225     52      0.805
329     278     0.805
334     272     0.805
325     24      0.805
365     54      0.805
288     83      0.804
315     53      0.804
364     18      0.804
333     258     0.804
366     52      0.804
117     53      0.804
369     258     0.804
365     302     0.804
288     172     0.803
258     53      0.803
302     114     0.803
230     127     0.803
367     226     0.803
334     25      0.803
223     25      0.803
335     114     0.802
368     52      0.802
95      51      0.802
332     258     0.802
224     24      0.802
272     163     0.802
117     52      0.802
128     110     0.802
325     220     0.802
338     163     0.802
228     53      0.802
324     25      0.801
224     127     0.801
338     160     0.801
272     248     0.801
225     114     0.801
324     248     0.801
230     90      0.801
303     223     0.800
313     8       0.800
228     97      0.800
369     6       0.800
334     127     0.800
53      23      0.800
364     90      0.800
90      53      0.799
258     244     0.799
310     286     0.799
365     228     0.799
304     162     0.799
275     258     0.799
304     228     0.798
332     325     0.798
230     129     0.798
310     240     0.798
367     228     0.798
321     52      0.798
338     162     0.797
112     91      0.797
325     163     0.797
335     303     0.797
160     8       0.797
335     301     0.797
369     257     0.797
371     162     0.797
97      23      0.797
313     278     0.797
99      24      0.797
324     265     0.796
338     114     0.796
336     326     0.796
324     127     0.796
91      24      0.796
324     3       0.796
331     274     0.796
301     224     0.796
325     51      0.796
325     97      0.795
230     25      0.795
223     23      0.795
275     227     0.795
112     101     0.795
338     258     0.795
227     52      0.795
326     90      0.795
325     161     0.795
368     90      0.795
115     26      0.795
116     18      0.795
303     230     0.795
304     113     0.794
224     113     0.794
324     167     0.794
114     6       0.794
365     333     0.794
160     54      0.794
364     53      0.794
334     95      0.794
325     303     0.794
364     259     0.793
369     161     0.793
313     161     0.793
329     304     0.793
220     53      0.793
119     18      0.793
160     90      0.792
335     224     0.792
95      52      0.792
326     18      0.792
367     99      0.792
312     271     0.792
259     161     0.792
329     230     0.792
312     51      0.791
315     227     0.791
329     223     0.791
303     99      0.791
336     54      0.791
257     52      0.790
338     325     0.790
97      53      0.790
369     3       0.790
325     285     0.790
114     98      0.790
338     6       0.790
119     53      0.790
335     53      0.790
329     160     0.789
227     90      0.789
369     180     0.789
228     51      0.789
228     90      0.789
300     228     0.789
114     97      0.789
323     160     0.789
324     111     0.789
325     280     0.789
127     18      0.788
332     243     0.788
312     114     0.788
301     23      0.788
224     51      0.788
220     27      0.788
304     257     0.788
315     301     0.788
230     97      0.788
160     83      0.788
332     65      0.788
369     324     0.787
222     101     0.787
303     24      0.787
162     3       0.787
324     225     0.787
367     101     0.787
228     126     0.787
114     100     0.787
324     257     0.787
369     329     0.786
116     97      0.786
98      53      0.786
367     304     0.786
367     23      0.786
329     8       0.786
52      17      0.786
312     304     0.786
228     114     0.786
302     100     0.786
325     25      0.786
224     92      0.785
303     115     0.785
313     3       0.785
312     163     0.785
257     223     0.785
273     261     0.785
333     325     0.785
160     65      0.784
313     53      0.784
364     240     0.784
302     227     0.784
221     52      0.784
228     115     0.784
338     24      0.784
225     90      0.783
332     114     0.783
300     262     0.783
227     25      0.783
257     17      0.783
334     225     0.783
111     24      0.783
325     115     0.783
324     191     0.783
251     163     0.783
325     92      0.783
261     180     0.783
288     162     0.783
127     114     0.783
53      25      0.783
326     258     0.783
367     128     0.783
369     240     0.783
336     324     0.783
301     257     0.783
364     332     0.782
363     325     0.782
334     220     0.782
162     90      0.782
324     23      0.782
365     52      0.782
302     230     0.782
315     240     0.781
367     259     0.781
272     261     0.781
331     258     0.781
225     162     0.781
303     226     0.781
368     259     0.781
230     161     0.780
224     54      0.780
129     6       0.780
221     51      0.780
315     304     0.780
110     24      0.780
229     162     0.780
117     97      0.780
302     259     0.780
367     110     0.780
312     280     0.779
228     23      0.779
312     164     0.779
334     261     0.779
220     51      0.779
90      54      0.779
315     251     0.779
275     163     0.779
129     92      0.778
100     52      0.778
334     17      0.778
228     220     0.778
325     116     0.778
368     334     0.778
335     325     0.778
159     52      0.778
183     162     0.778
303     220     0.777
336     224     0.777
325     167     0.777
163     18      0.777
303     259     0.777
324     228     0.777
285     162     0.777
304     24      0.777
334     113     0.777
304     95      0.777
301     221     0.777
258     51      0.777
325     54      0.777
116     51      0.777
369     23      0.776
303     53      0.776
116     53      0.776
332     119     0.776
303     162     0.776
223     116     0.776
90      17      0.776
100     23      0.775
326     315     0.775
367     111     0.775
365     227     0.775
326     223     0.775
325     221     0.775
301     113     0.775
302     25      0.775
369     335     0.775
225     53      0.775
160     17      0.775
366     303     0.775
258     220     0.775
231     52      0.775
369     263     0.775
259     220     0.774
230     65      0.774
116     90      0.774
366     259     0.774
325     244     0.774
338     302     0.774
326     8       0.774
226     96      0.774
368     230     0.774
325     23      0.774
334     18      0.774
310     259     0.773
315     6       0.773
224     96      0.773
259     225     0.773
315     221     0.773
310     180     0.773
114     23      0.773
119     51      0.773
263     65      0.773
303     111     0.773
52      24      0.772
109     23      0.772
288     160     0.772
366     90      0.772
127     90      0.772
329     17      0.772
304     100     0.772
224     161     0.772
332     248     0.772
331     163     0.772
160     117     0.771
228     96      0.771
329     244     0.771
338     310     0.771
330     259     0.771
226     112     0.771
229     221     0.771
304     227     0.771
336     303     0.771
323     27      0.771
222     54      0.771
258     161     0.771
368     312     0.770
325     265     0.770
304     224     0.770
334     164     0.770
364     180     0.770
324     6       0.770
334     252     0.770
366     23      0.770
258     27      0.769
301     228     0.769
301     119     0.769
221     90      0.769
335     313     0.769
364     92      0.769
323     52      0.769
160     123     0.769
302     52      0.769
113     8       0.769
123     52      0.769
326     23      0.769
302     220     0.769
338     116     0.769
329     312     0.768
325     17      0.768
324     207     0.768
365     24      0.768
258     221     0.768
160     24      0.768
368     324     0.768
304     220     0.768
334     100     0.768
338     8       0.768
310     163     0.768
304     18      0.768
315     51      0.768
334     123     0.768
313     265     0.768
312     180     0.768
364     315     0.768
339     23      0.767
301     100     0.767
310     119     0.767
258     23      0.767
326     244     0.767
367     24      0.767
324     113     0.767
303     113     0.767
324     272     0.767
90      51      0.766
285     276     0.766
119     23      0.766
315     258     0.766
366     324     0.766
332     304     0.766
366     230     0.766
97      25      0.766
110     96      0.766
108     22      0.765
364     312     0.765
259     116     0.765
332     310     0.765
325     8       0.765
300     54      0.765
223     111     0.765
257     51      0.764
315     305     0.764
230     222     0.764
364     304     0.764
224     100     0.764
224     97      0.764
304     23      0.764
364     27      0.764
323     228     0.764
334     303     0.764
333     230     0.764
333     326     0.764
224     53      0.764
162     114     0.764
98      23      0.764
258     113     0.764
263     161     0.764