Prediction Made with CORNET:
a Neural Network based method trained using Correlated Mutations,
Sequence Conservation, Predicted Secondary structure of Proteins and
Evolutionary Information.
Authors Fariselli Piero, Olmea Osvaldo, Valencia Alfonso, Rita Casadio.
This method is an extension of the two following methods

Olmea O. and Valencia A. (1997) Fold. Des. 2: S25-32.

Fariselli P and Casadio R. (1999) Prot. Engng 12:15-21

#================================================================#

PREDICTION

Couple          Reliability
i       j
378     228     0.872
107     95      0.871
107     5       0.868
218     107     0.863
375     228     0.861
107     8       0.857
218     8       0.852
379     228     0.842
375     8       0.841
95      42      0.835
274     91      0.833
110     102     0.832
378     217     0.826
219     108     0.826
95      40      0.822
375     141     0.822
108     14      0.820
378     107     0.819
218     108     0.818
218     5       0.815
278     18      0.815
228     195     0.814
107     42      0.814
278     219     0.813
378     7       0.812
95      8       0.812
278     8       0.811
219     95      0.809
95      14      0.809
378     141     0.808
381     214     0.807
218     95      0.806
375     5       0.806
378     278     0.805
108     95      0.805
376     107     0.804
299     141     0.800
217     8       0.799
107     14      0.798
102     42      0.798
218     13      0.796
375     219     0.796
219     42      0.796
375     217     0.794
378     214     0.794
217     106     0.792
219     8       0.792
322     228     0.791
219     14      0.791
107     96      0.791
218     42      0.790
214     106     0.789
379     55      0.789
102     14      0.788
218     40      0.788
376     214     0.788
219     107     0.787
218     9       0.787
381     8       0.787
217     94      0.787
375     107     0.786
213     107     0.786
219     40      0.786
297     141     0.785
218     14      0.785
108     5       0.785
378     216     0.784
379     95      0.783
108     42      0.783
278     40      0.783
228     91      0.783
102     18      0.782
213     95      0.782
42      8       0.781
217     92      0.780
107     13      0.780
93      40      0.780
224     214     0.779
381     228     0.778
217     95      0.777
375     222     0.777
217     40      0.776
382     214     0.776
222     107     0.776
110     95      0.775
107     40      0.774
378     236     0.774
379     8       0.774
376     217     0.774
108     40      0.773
381     141     0.771
375     110     0.770
219     110     0.770
215     107     0.770
228     55      0.769
299     55      0.769
40      18      0.769
299     228     0.768
379     278     0.768
217     107     0.767
375     134     0.767
381     278     0.767
278     42      0.766
107     9       0.765
42      14      0.765
299     202     0.765
217     18      0.763
217     90      0.762
218     93      0.762
376     92      0.762
108     8       0.762
216     7       0.761
376     4       0.761
110     42      0.760
102     40      0.760
322     222     0.759
228     185     0.759
278     218     0.759
348     48      0.758
376     5       0.758
110     93      0.757
381     7       0.757
378     8       0.757
283     231     0.757
107     92      0.757
218     102     0.756
219     96      0.754
41      6       0.754
376     236     0.753
228     141     0.753
213     108     0.751
116     95      0.751
217     91      0.751
376     218     0.751
218     92      0.750
214     92      0.750
95      18      0.750
216     92      0.750
274     107     0.750
375     278     0.750
214     18      0.750
324     214     0.750
110     5       0.749
278     95      0.749
377     217     0.748
299     73      0.748
378     274     0.748
107     93      0.748
213     14      0.747
379     42      0.747
102     93      0.747
42      18      0.746
214     95      0.746
379     214     0.745
375     108     0.745
217     42      0.745
375     48      0.744
93      8       0.744
381     216     0.744
225     152     0.744
274     215     0.744
108     93      0.743
214     91      0.743
378     90      0.742
298     274     0.742
218     110     0.742
375     214     0.742
376     228     0.741
215     108     0.741
278     222     0.741
94      14      0.741
375     213     0.740
219     94      0.740
217     41      0.740
383     214     0.739
109     41      0.739
375     14      0.739
228     107     0.739
381     107     0.738
93      42      0.738
219     13      0.738
378     73      0.737
94      4       0.737
214     14      0.736
348     228     0.736
216     90      0.735
379     107     0.735
278     228     0.735
214     109     0.735
107     91      0.735
376     216     0.735
116     8       0.735
375     234     0.735
375     73      0.735
278     107     0.734
379     108     0.733
214     96      0.733
110     40      0.733
381     95      0.733
376     14      0.732
40      14      0.732
219     102     0.732
297     55      0.732
40      5       0.732
322     141     0.731
381     217     0.731
297     73      0.731
218     41      0.731
379     73      0.730
107     16      0.730
217     43      0.730
379     213     0.729
277     107     0.729
379     40      0.729
278     108     0.728
108     91      0.728
376     213     0.728
217     109     0.727
116     13      0.727
215     95      0.727
41      8       0.726
218     94      0.726
382     228     0.726
217     9       0.726
219     91      0.726
378     92      0.726
42      9       0.725
41      14      0.725
42      5       0.724
107     94      0.724
102     91      0.724
40      8       0.724
217     17      0.724
420     228     0.723
219     41      0.723
297     228     0.723
95      9       0.723
102     9       0.723
299     273     0.722
220     92      0.722
283     91      0.722
213     141     0.722
281     215     0.722
217     39      0.721
377     92      0.721
225     142     0.721
375     274     0.721
280     214     0.721
378     5       0.721
217     96      0.721
95      5       0.720
219     9       0.720
107     6       0.720
213     18      0.720
214     90      0.720
375     55      0.719
220     43      0.719
283     228     0.719
217     108     0.719
221     14      0.719
382     213     0.718
219     19      0.718
274     236     0.717
240     231     0.717
93      14      0.717
382     8       0.716
278     215     0.716
278     216     0.716
215     93      0.716
116     102     0.715
378     40      0.715
275     18      0.715
222     14      0.714
228     42      0.714
214     107     0.714
217     14      0.714
381     213     0.713
321     214     0.713
228     108     0.713
228     18      0.712
108     96      0.711
14      4       0.711
378     17      0.710
375     283     0.710
217     103     0.710
277     214     0.710
214     19      0.710
219     5       0.710
215     42      0.709
378     283     0.709
228     175     0.709
283     48      0.709
220     109     0.709
110     18      0.708
96      42      0.708
102     95      0.708
220     41      0.708
93      18      0.708
95      41      0.708
378     225     0.708
109     94      0.707
378     143     0.707
379     90      0.707
213     93      0.707
278     96      0.705
219     93      0.705
322     55      0.704
324     228     0.704
228     194     0.704
213     102     0.704
376     143     0.703
216     107     0.703
218     116     0.703
116     107     0.703
40      9       0.703
96      40      0.702
374     214     0.702
213     110     0.702
355     214     0.702
416     202     0.702
222     214     0.702
221     106     0.701
220     14      0.701
214     8       0.701
216     102     0.701
102     8       0.701
377     6       0.700
379     91      0.700
375     313     0.700
134     55      0.700
274     213     0.699
225     195     0.699
107     18      0.699
283     88      0.699
382     222     0.698
228     134     0.698
216     10      0.698
216     8       0.698
217     93      0.698
14      5       0.698
214     42      0.697
94      39      0.697
222     91      0.697
274     141     0.696
116     108     0.696
214     94      0.696
213     116     0.696
234     213     0.696
217     4       0.696
234     91      0.695
218     7       0.695
234     195     0.695
316     141     0.695
376     274     0.695
278     7       0.695
102     13      0.695
278     9       0.695
219     18      0.695
281     222     0.694
381     202     0.694
375     216     0.694
42      7       0.694
92      40      0.694
214     41      0.693
215     14      0.692
274     214     0.692
379     216     0.692
378     13      0.692
222     110     0.692
117     107     0.692
231     141     0.692
234     141     0.691
214     40      0.691
228     95      0.691
278     91      0.691
378     277     0.691
281     91      0.691
275     215     0.691
379     141     0.691
215     102     0.690
110     14      0.690
322     283     0.690
117     14      0.690
216     96      0.690
300     141     0.690
214     110     0.690
108     9       0.690
213     91      0.690
278     220     0.689
381     90      0.689
217     7       0.689
108     41      0.688
214     39      0.688
231     219     0.688
281     102     0.688
274     228     0.688
214     16      0.687
215     40      0.687
96      14      0.687
228     14      0.687
381     92      0.686
292     228     0.686
234     226     0.686
279     91      0.686
381     91      0.686
278     214     0.686
218     4       0.686
278     110     0.685
376     278     0.685
216     43      0.684
200     95      0.684
376     7       0.684
94      40      0.683
297     202     0.683
110     8       0.683
281     228     0.683
348     141     0.683
375     95      0.683
278     234     0.682
376     108     0.682
221     42      0.682
337     228     0.681
283     234     0.681
213     8       0.681
215     9       0.681
379     134     0.680
275     214     0.680
94      13      0.680
228     196     0.680
375     218     0.680
375     77      0.679
228     215     0.679
217     111     0.679
41      5       0.679
348     90      0.679
214     43      0.678
281     213     0.678
220     94      0.678
278     14      0.678
379     225     0.677
221     91      0.677
375     102     0.677
375     13      0.677
106     7       0.677
108     13      0.677
378     16      0.676
283     185     0.676
110     96      0.676
107     76      0.676
322     73      0.675
225     88      0.675
400     228     0.675
327     141     0.675
279     8       0.675
109     4       0.675
95      13      0.674
222     116     0.674
348     297     0.674
375     9       0.674
400     225     0.674
275     222     0.673
107     55      0.673
106     92      0.673
218     18      0.673
377     107     0.673
297     273     0.672
384     214     0.671
217     102     0.671
416     297     0.671
228     88      0.670
377     7       0.670
376     219     0.670
278     94      0.670
103     92      0.670
381     73      0.670
375     307     0.670
214     108     0.669
225     196     0.669
228     171     0.669
213     40      0.669
222     95      0.669
220     107     0.669
217     12      0.668
91      42      0.668
375     42      0.668
107     41      0.668
382     91      0.668
277     222     0.668
107     7       0.667
278     221     0.667
216     13      0.667
194     171     0.666
228     219     0.666
274     230     0.666
378     234     0.666
217     10      0.666
225     144     0.666
96      13      0.666
277     91      0.666
214     10      0.666
88      48      0.666
379     102     0.666
299     283     0.665
93      41      0.665
376     13      0.665
275     91      0.665
18      8       0.665
222     42      0.665
213     9       0.665
222     215     0.664
116     18      0.664
214     102     0.664
323     214     0.664
322     102     0.664
218     90      0.664
355     216     0.664
214     17      0.664
231     215     0.663
377     41      0.663
216     91      0.663
220     95      0.663
379     222     0.663
213     13      0.663
94      42      0.662
278     217     0.662
322     213     0.662
297     200     0.662
283     225     0.662
216     9       0.662
94      41      0.662
102     16      0.661
111     17      0.661
277     18      0.661
378     273     0.661
218     96      0.661
215     110     0.661
109     6       0.661
283     274     0.661
216     18      0.660
350     228     0.660
275     102     0.660
379     110     0.660
91      9       0.660
378     6       0.660
221     102     0.659
416     55      0.659
283     55      0.659
275     216     0.659
95      43      0.659
220     4       0.659
234     88      0.659
327     228     0.659
274     144     0.658
375     215     0.657
377     4       0.657
378     108     0.657
228     139     0.657
109     8       0.657
278     213     0.657
375     231     0.657
355     278     0.657
412     141     0.656
41      7       0.656
221     18      0.656
348     202     0.656
222     102     0.656
231     91      0.656
218     175     0.656
375     348     0.656
378     282     0.655
218     16      0.655
108     94      0.655
375     297     0.655
278     92      0.655
228     144     0.655
377     109     0.655
327     185     0.655
219     92      0.655
380     217     0.654
217     101     0.654
275     219     0.654
107     43      0.654
376     8       0.654
41      4       0.653
44      17      0.653
231     88      0.653
376     109     0.653
378     106     0.653
191     141     0.653
277     215     0.653
322     144     0.653
280     7       0.653
378     231     0.652
276     213     0.652
220     108     0.652
217     110     0.652
42      13      0.652
18      9       0.652
322     313     0.652
274     221     0.652
348     289     0.652
381     297     0.652
214     93      0.651
213     42      0.651
221     213     0.651
228     48      0.651
220     8       0.651
376     277     0.651
278     93      0.651
141     55      0.651
13      4       0.651
277     217     0.651
375     185     0.651
277     42      0.650
104     8       0.650
117     91      0.650
216     94      0.650
348     261     0.650
108     7       0.649
213     194     0.649
274     234     0.649
216     95      0.649
116     9       0.649
41      13      0.649
281     231     0.649
220     96      0.649
292     141     0.648
240     91      0.648
217     15      0.648
278     102     0.648
231     144     0.648
379     231     0.648
220     106     0.648
299     48      0.647
102     20      0.647
213     92      0.647
43      16      0.647
94      43      0.647
215     91      0.646
375     91      0.646
217     19      0.646
381     108     0.646
381     274     0.646
217     13      0.646
380     216     0.645
219     111     0.645
377     8       0.645
379     18      0.645
379     185     0.645
420     274     0.645
112     97      0.645
348     234     0.645
277     221     0.645
92      43      0.645
219     7       0.644
102     5       0.644
96      39      0.644
110     16      0.644
231     185     0.643
94      8       0.643
214     185     0.643
316     274     0.643
230     107     0.643
380     214     0.643
381     298     0.643
107     97      0.642
278     90      0.642
228     40      0.642
375     93      0.642
221     40      0.642
377     214     0.642
216     14      0.641
96      18      0.641
220     39      0.641
378     348     0.641
275     234     0.641
277     220     0.641
225     96      0.641
15      8       0.641
216     16      0.640
322     59      0.640
39      13      0.640
375     332     0.640
116     14      0.640
322     48      0.639
376     195     0.639
375     152     0.639
298     90      0.639
376     194     0.639
276     221     0.639
217     105     0.639
108     6       0.639
277     8       0.638
283     215     0.638
274     222     0.638
102     88      0.638
215     96      0.638
348     299     0.638
116     91      0.637
105     91      0.637
240     88      0.637
375     305     0.637
93      13      0.637
279     218     0.637
222     213     0.637
382     215     0.637
225     213     0.637
378     55      0.636
278     5       0.636
111     14      0.636
194     55      0.636
376     41      0.636
110     91      0.636
110     9       0.636
378     116     0.636
376     90      0.635
382     7       0.635
94      6       0.635
283     213     0.635
219     195     0.634
383     17      0.634
225     59      0.633
274     225     0.633
103     39      0.633
231     40      0.633
234     42      0.633
379     219     0.633
116     92      0.633
219     109     0.632
91      16      0.632
278     202     0.632
283     107     0.632
322     5       0.632
228     213     0.632
375     344     0.632
111     4       0.632
228     202     0.632
222     171     0.632
316     202     0.632
218     109     0.631
108     18      0.631
106     90      0.631
92      39      0.631
215     8       0.631
379     350     0.631
375     144     0.631
316     134     0.631
281     107     0.631
348     274     0.631
219     16      0.631
218     117     0.630
144     48      0.630
381     277     0.630
231     195     0.630
214     13      0.630
277     39      0.630
381     327     0.630
231     139     0.630
322     231     0.630
109     96      0.630
348     283     0.630
217     196     0.629
96      7       0.629
376     9       0.629
374     90      0.629
215     116     0.629
375     202     0.629
383     7       0.629
40      6       0.628
278     194     0.628
275     42      0.628
327     48      0.628
231     107     0.628
106     6       0.628
102     92      0.628
381     231     0.628
376     16      0.628
216     40      0.628
283     141     0.627
322     139     0.627
240     139     0.627
103     18      0.627
400     376     0.627
376     6       0.627
379     217     0.627
416     134     0.627
218     39      0.626
96      19      0.626
313     225     0.626
348     134     0.626
104     91      0.626
102     39      0.626
381     185     0.626
355     324     0.626
93      9       0.626
94      19      0.625
231     222     0.625
228     142     0.625
228     19      0.625
279     213     0.625
39      8       0.625
221     107     0.625
273     216     0.625
355     289     0.625
92      41      0.624
117     42      0.624
380     107     0.624
106     17      0.624
110     7       0.624
375     277     0.624
231     216     0.623
92      16      0.623
96      41      0.623
109     92      0.623
278     195     0.623
106     97      0.623
377     278     0.622
379     322     0.622
95      39      0.622
373     274     0.622
174     141     0.621
225     102     0.621
103     14      0.621
101     17      0.621
217     20      0.621
95      73      0.621
261     91      0.621
278     144     0.621
324     297     0.620
283     69      0.620
355     228     0.620
220     90      0.620
274     231     0.620
322     8       0.620
220     13      0.620
379     297     0.620
382     108     0.620
107     48      0.620
225     185     0.620
228     29      0.620
234     55      0.619
382     92      0.619
376     102     0.619
274     14      0.619