Prediction Made with CORNET:
a Neural Network based method trained using Correlated Mutations,
Sequence Conservation, Predicted Secondary structure of Proteins and
Evolutionary Information.
Authors Fariselli Piero, Olmea Osvaldo, Valencia Alfonso, Rita Casadio.
This method is an extension of the two following methods

Olmea O. and Valencia A. (1997) Fold. Des. 2: S25-32.

Fariselli P and Casadio R. (1999) Prot. Engng 12:15-21

#================================================================#

PREDICTION

Couple          Reliability
i       j
313     271     0.848
311     207     0.818
314     209     0.812
314     271     0.803
311     209     0.789
314     207     0.785
337     264     0.781
313     39      0.778
311     203     0.778
335     259     0.771
314     40      0.771
208     37      0.770
310     209     0.769
335     267     0.768
415     37      0.768
271     264     0.766
314     203     0.764
334     267     0.758
313     37      0.757
313     203     0.757
314     38      0.754
311     271     0.753
322     271     0.751
313     208     0.751
207     104     0.748
337     282     0.747
310     208     0.747
313     209     0.747
461     259     0.746
313     207     0.743
313     104     0.740
311     37      0.739
208     35      0.734
415     101     0.734
312     207     0.732
310     203     0.730
310     207     0.729
207     38      0.728
311     40      0.725
337     267     0.725
416     40      0.725
415     39      0.724
311     104     0.723
312     38      0.719
208     39      0.718
313     35      0.718
415     104     0.716
416     38      0.716
100     38      0.715
99      37      0.710
102     38      0.707
312     39      0.704
313     97      0.704
311     205     0.703
415     98      0.703
313     38      0.703
313     100     0.702
101     38      0.702
339     271     0.701
97      40      0.701
104     88      0.700
209     40      0.699
207     37      0.697
311     208     0.696
209     38      0.696
203     104     0.696
311     35      0.695
311     268     0.693
104     37      0.692
314     104     0.692
313     99      0.692
461     73      0.691
311     273     0.691
360     335     0.691
335     273     0.690
337     270     0.690
312     271     0.690
339     270     0.690
416     37      0.690
97      88      0.689
99      35      0.688
313     205     0.688
311     38      0.687
312     203     0.687
99      38      0.686
310     268     0.686
310     206     0.686
282     180     0.686
310     271     0.685
310     104     0.685
208     104     0.684
203     40      0.684
311     204     0.684
103     36      0.683
259     252     0.682
206     37      0.682
337     284     0.680
311     206     0.680
313     206     0.680
207     36      0.679
101     37      0.679
313     259     0.679
310     270     0.678
415     314     0.677
314     37      0.677
104     40      0.676
312     98      0.676
207     39      0.676
207     101     0.676
461     258     0.675
98      39      0.675
208     38      0.675
203     97      0.673
271     209     0.673
104     35      0.673
206     39      0.672
487     335     0.671
314     88      0.670
310     272     0.669
104     38      0.668
314     204     0.668
271     259     0.668
337     275     0.667
282     259     0.667
314     259     0.667
334     273     0.665
337     310     0.665
312     99      0.664
412     270     0.664
311     102     0.663
339     267     0.663
415     35      0.663
102     37      0.663
312     209     0.662
101     35      0.662
259     180     0.662
311     97      0.662
360     267     0.662
314     269     0.662
209     88      0.661
98      38      0.661
313     40      0.661
418     310     0.660
415     311     0.660
208     101     0.660
415     313     0.659
413     270     0.659
282     252     0.658
345     267     0.658
416     311     0.658
322     209     0.657
415     38      0.656
312     204     0.656
310     39      0.655
417     37      0.654
271     252     0.654
313     101     0.654
414     313     0.654
476     334     0.653
100     36      0.653
98      36      0.653
308     268     0.653
416     102     0.653
103     38      0.653
417     310     0.652
208     97      0.652
414     311     0.652
339     282     0.652
312     35      0.651
267     259     0.651
101     39      0.651
267     180     0.650
415     310     0.650
340     208     0.650
360     334     0.649
461     181     0.649
310     38      0.648
313     268     0.648
485     270     0.648
322     270     0.648
335     282     0.647
312     101     0.647
339     209     0.647
415     312     0.646
313     204     0.645
416     99      0.645
104     39      0.645
308     259     0.645
418     38      0.645
461     336     0.644
208     99      0.644
339     310     0.643
99      39      0.643
416     39      0.643
416     101     0.643
322     308     0.642
308     271     0.642
416     89      0.642
208     40      0.641
207     100     0.641
333     264     0.641
97      39      0.640
203     37      0.640
282     270     0.640
97      37      0.639
339     203     0.639
322     282     0.638
481     181     0.638
264     252     0.638
417     38      0.637
267     252     0.637
314     35      0.637
322     273     0.637
415     97      0.637
282     267     0.636
322     264     0.636
322     259     0.636
337     180     0.635
203     35      0.635
209     37      0.635
382     282     0.635
485     181     0.635
311     267     0.635
487     282     0.634
416     310     0.634
207     99      0.634
313     88      0.634
102     36      0.634
314     208     0.633
334     282     0.633
310     99      0.633
416     97      0.633
310     101     0.632
416     33      0.632
314     282     0.632
311     99      0.632
415     33      0.632
208     98      0.632
340     209     0.631
340     73      0.631
271     73      0.631
322     267     0.630
207     102     0.630
310     37      0.630
308     267     0.630
415     100     0.629
273     209     0.629
341     271     0.628
335     322     0.628
337     329     0.627
311     101     0.626
322     268     0.626
207     40      0.626
333     282     0.625
335     264     0.625
282     209     0.625
97      35      0.625
309     270     0.624
312     37      0.624
309     209     0.624
417     270     0.624
312     40      0.623
100     39      0.623
312     34      0.623
416     314     0.623
100     37      0.623
322     88      0.623
270     259     0.623
332     270     0.623
267     76      0.623
418     31      0.622
88      40      0.622
312     208     0.622
308     270     0.622
271     203     0.621
97      38      0.621
314     39      0.621
282     255     0.621
206     100     0.620
414     100     0.620
312     205     0.620
415     270     0.620
209     104     0.619
311     88      0.619
354     310     0.619
314     205     0.619
203     88      0.618
414     310     0.618
487     259     0.617
268     209     0.617
203     38      0.617
461     267     0.617
415     208     0.617
413     310     0.617
415     203     0.617
478     334     0.616
207     35      0.616
337     330     0.616
282     271     0.616
349     310     0.616
339     268     0.616
312     103     0.616
273     259     0.616
417     105     0.616
413     40      0.616
414     270     0.615
312     104     0.615
310     40      0.615
282     217     0.615
209     39      0.614
207     97      0.614
208     88      0.614
313     270     0.613
360     284     0.613
284     252     0.613
314     270     0.612
348     209     0.611
322     314     0.610
418     97      0.610
271     180     0.610
337     271     0.610
339     314     0.609
337     255     0.609
311     270     0.609
284     217     0.609
207     103     0.609
340     37      0.608
282     268     0.608
96      32      0.607
313     34      0.607
418     313     0.607
270     181     0.607
207     34      0.607
330     259     0.606
206     103     0.606
205     39      0.606
340     88      0.606
340     271     0.606
98      34      0.606
331     282     0.606
311     39      0.605
340     203     0.605
203     99      0.605
414     38      0.605
337     252     0.605
208     100     0.605
207     98      0.605
382     273     0.604
270     203     0.604
348     310     0.604
270     263     0.604
314     268     0.603
282     273     0.603
310     97      0.603
473     335     0.603
337     273     0.603
209     97      0.602
339     273     0.602
487     264     0.602
488     332     0.601
341     203     0.601
311     33      0.601
310     267     0.601
312     97      0.600
310     35      0.600
416     100     0.600
479     258     0.600
312     36      0.599
271     231     0.599
311     252     0.599
102     39      0.599
415     89      0.599
310     273     0.599
345     322     0.598
354     209     0.598
102     40      0.598
415     40      0.597
334     259     0.597
415     99      0.597
340     310     0.596
282     264     0.596
99      40      0.596
414     37      0.596
416     313     0.596
314     98      0.596
208     34      0.595
416     104     0.595
268     180     0.595
40      33      0.594
416     98      0.594
203     39      0.594
310     202     0.594
313     267     0.593
284     259     0.593
204     38      0.593
206     38      0.593
485     88      0.592
311     259     0.592
345     259     0.591
105     98      0.591
100     35      0.590
418     106     0.590
414     314     0.589
341     209     0.589
308     274     0.589
103     39      0.589
413     37      0.589
101     40      0.589
417     34      0.589
312     206     0.588
360     282     0.588
308     252     0.588
267     73      0.588
337     209     0.588
314     267     0.587
104     33      0.587
414     89      0.587
208     33      0.587
333     181     0.586
313     102     0.586
418     145     0.585
314     206     0.585
315     202     0.585
267     231     0.585
282     181     0.584
415     267     0.584
340     311     0.584
308     264     0.584
330     282     0.584
313     284     0.584
415     207     0.584
414     208     0.583
414     40      0.583
311     269     0.583
334     270     0.583
314     273     0.582
416     31      0.582
417     98      0.582
322     181     0.582
312     100     0.582
335     252     0.582
310     204     0.581
413     314     0.581
339     88      0.581
413     209     0.581
205     38      0.581
470     270     0.580
264     255     0.580
312     270     0.580
267     209     0.579
418     98      0.579
414     98      0.579
315     203     0.579
354     335     0.579
337     297     0.579
314     101     0.579
339     259     0.578
337     259     0.578
334     252     0.577
310     36      0.577
270     209     0.577
104     34      0.577
101     88      0.576
313     98      0.576
360     330     0.576
418     104     0.576
413     88      0.576
472     334     0.575
311     282     0.575
461     282     0.575
337     314     0.575
203     180     0.574
413     204     0.574
415     88      0.574
488     267     0.574
314     97      0.574
209     101     0.574
206     35      0.574
335     258     0.573
418     208     0.573
284     264     0.573
461     270     0.573
417     203     0.573
333     267     0.573
204     36      0.572
414     203     0.572
99      88      0.572
327     267     0.571
382     335     0.571
360     268     0.571
312     269     0.571
374     271     0.571
267     173     0.571
99      34      0.570
415     209     0.570
418     89      0.569
314     33      0.569
461     56      0.569
206     34      0.569
309     273     0.569
332     267     0.569
418     270     0.569
327     270     0.568
348     271     0.568
416     204     0.568
264     180     0.568
313     33      0.567
205     103     0.567
98      37      0.567
322     203     0.567
418     311     0.567
417     314     0.566
339     322     0.566
374     259     0.566
417     88      0.566
416     207     0.565
209     34      0.565
354     273     0.564
348     341     0.564
413     267     0.564
314     252     0.564
418     33      0.564
416     88      0.564
340     270     0.564
455     259     0.564
374     282     0.564
263     181     0.564
414     39      0.563
354     267     0.563
314     264     0.563
414     97      0.563
413     312     0.563
146     88      0.563
102     35      0.563
208     102     0.563
417     204     0.563
355     203     0.563
206     104     0.563
360     209     0.563
345     337     0.562
270     207     0.561
473     258     0.561
102     34      0.561
313     103     0.561
313     269     0.561
341     202     0.560
345     331     0.560
335     284     0.560
348     339     0.560
415     103     0.560
291     252     0.559
314     99      0.559
418     36      0.559
267     227     0.559
352     310     0.559
481     270     0.559
337     76      0.559
417     313     0.559
275     264     0.559
336     270     0.558
354     345     0.558
206     102     0.558
354     334     0.558
468     267     0.558
418     37      0.558
382     180     0.558
209     35      0.558
382     252     0.557
101     36      0.557
354     314     0.557
310     205     0.557
99      36      0.557
206     99      0.557
282     232     0.557
270     252     0.557
203     101     0.556
330     284     0.555
259     217     0.555
330     270     0.555
313     282     0.555
417     97      0.555
310     259     0.555
311     90      0.554
345     335     0.554
205     37      0.554
328     270     0.554
323     88      0.553
282     173     0.553
205     104     0.553
334     284     0.553
354     337     0.553
310     88      0.553
336     267     0.553
335     173     0.553
477     335     0.553
345     268     0.553
348     314     0.553
203     87      0.552
345     273     0.552
337     73      0.552
97      33      0.552
310     102     0.552
209     202     0.552
414     209     0.552
331     268     0.551
327     259     0.551
355     282     0.551
210     202     0.551
101     33      0.551
418     339     0.551
418     314     0.551
362     259     0.551
309     207     0.551
333     252     0.550
355     273     0.550
354     270     0.550
203     90      0.550
271     104     0.550
336     181     0.550
314     36      0.549
417     103     0.549
207     88      0.549
415     271     0.549
382     360     0.549
204     39      0.549
355     180     0.549
282     176     0.548
311     100     0.548
340     207     0.548
103     37      0.548
413     33      0.548
345     209     0.547
284     255     0.547
205     35      0.547
100     34      0.547
327     252     0.547
331     270     0.547
340     314     0.546
209     33      0.546
270     180     0.546
354     309     0.546
340     313     0.546
310     33      0.546
418     203     0.546
483     270     0.545
418     209     0.545
322     284     0.545
382     314     0.545
271     174     0.545
447     284     0.545
340     202     0.545
311     202     0.544
284     180     0.544
297     259     0.544
334     73      0.544
308     275     0.544
417     36      0.544
382     259     0.543
345     310     0.543
310     269     0.543
417     39      0.543
354     272     0.543
337     217     0.543
104     73      0.543
414     207     0.543
330     267     0.543
308     209     0.542
311     180     0.542
416     34      0.542
485     322     0.542
310     34      0.542
308     282     0.542
337     269     0.542
335     270     0.542
354     271     0.541
468     334     0.541
312     102     0.541
271     255     0.540
100     40      0.540
259     174     0.540
313     264     0.539
282     275     0.539
354     268     0.539
284     267     0.539
204     40      0.539
206     40      0.539
209     98      0.539
487     284     0.539
322     310     0.538
338     271     0.538
337     181     0.538
309     88      0.538
206     97      0.538
145     88      0.538
417     309     0.538
330     264     0.538
308     203     0.538
314     284     0.537
311     272     0.537
339     104     0.537
284     268     0.537
322     265     0.537
414     104     0.537
355     335     0.537
414     312     0.537
354     322     0.536
486     272     0.536
417     32      0.536
330     252     0.535
205     101     0.535
384     282     0.535
209     90      0.535
259     232     0.535
268     259     0.535
311     98      0.535
354     264     0.535
267     207     0.535
252     180     0.535
314     202     0.535
417     101     0.535
315     272     0.534
360     180     0.534
416     203     0.534
455     267     0.534
339     208     0.534
98      35      0.534
205     100     0.534
339     73      0.533
334     209     0.533
322     252     0.533
341     273     0.533
267     258     0.533
417     311     0.533
341     310     0.533
414     101     0.533
282     74      0.533
282     269     0.532
333     209     0.532
354     180     0.532
415     102     0.532
322     180     0.532
259     181     0.532
349     88      0.532
337     262     0.532
339     313     0.532
345     282     0.531
314     275     0.531
339     330     0.531
284     173     0.531
354     203     0.531
374     264     0.531
314     103     0.530
311     284     0.530
314     100     0.530
414     32      0.530
209     99      0.529
259     209     0.529
413     203     0.529
273     88      0.529
360     273     0.529
419     146     0.529
103     35      0.528
335     221     0.528
310     98      0.528
345     264     0.528
271     207     0.528
97      31      0.528
310     282     0.528
339     181     0.527
314     34      0.527
104     97      0.527
461     88      0.526
488     181     0.526
204     105     0.526
332     266     0.526
355     209     0.525
204     34      0.525
308     284     0.525
309     269     0.525
416     209     0.525
412     310     0.525
322     294     0.525
354     202     0.525
418     309     0.525
334     268     0.525
202     96      0.524
479     270     0.524
313     202     0.524
339     37      0.524
415     322     0.524
339     207     0.524
277     270     0.524
350     310     0.524
327     314     0.524
350     209     0.524
461     333     0.523
312     267     0.523
355     267     0.523
205     98      0.523
418     146     0.523
349     309     0.522
204     102     0.522
271     248     0.522
374     252     0.522
333     259     0.522
209     36      0.521
414     340     0.521
297     282     0.521
341     270     0.521
327     282     0.521
337     322     0.520
382     271     0.520
204     101     0.520
205     99      0.520
313     73      0.520
338     270     0.520
354     339     0.520
415     204     0.520
479     335     0.520
309     203     0.520
330     271     0.519
205     97      0.519
203     100     0.519
413     38      0.519
282     168     0.519
341     314     0.519
419     40      0.519
335     180     0.518
348     270     0.518
315     32      0.518
259     203     0.518
418     41      0.518
312     88      0.517
330     322     0.517
322     287     0.517
297     267     0.517
349     203     0.517
88      74      0.517
314     272     0.517
308     273     0.517
315     208     0.517
417     322     0.516
270     88      0.516
488     259     0.516
333     284     0.516
323     267     0.516
337     258     0.516
360     314     0.516
334     76      0.516
284     227     0.516
282     174     0.516
352     331     0.515
417     209     0.515
97      87      0.515
327     264     0.515
330     314     0.515
414     36      0.515
104     90      0.515
334     310     0.515
472     335     0.515
337     182     0.515
271     40      0.514
209     145     0.514
206     33      0.514
348     337     0.514
97      73      0.514
337     268     0.514
415     106     0.514
101     34      0.513
330     273     0.513
282     73      0.513
339     312     0.513
374     284     0.513
417     96      0.513
354     308     0.513
469     258     0.513
350     314     0.513
331     284     0.513
203     102     0.512
339     265     0.512
268     88      0.512
488     334     0.512
205     102     0.512
271     182     0.512
348     267     0.512
330     268     0.512
418     39      0.512
313     252     0.512
282     77      0.511
362     282     0.511
322     77      0.511
418     268     0.511
313     36      0.511
206     101     0.511
384     337     0.510
416     36      0.510
341     311     0.510
354     340     0.510
461     173     0.510
354     282     0.510
105     32      0.510
354     284     0.510
340     272     0.510
204     37      0.509
209     73      0.509
330     180     0.509
274     181     0.509
413     102     0.509
416     270     0.509
334     314     0.509
341     90      0.508
382     337     0.508
267     37      0.508
337     203     0.508
315     204     0.508
202     105     0.508
97      90      0.508
312     268     0.508
334     181     0.508
333     322     0.508
102     33      0.507
339     252     0.507
487     322     0.507
345     77      0.507
360     322     0.507
348     268     0.507
282     5       0.507
339     87      0.507
461     334     0.507
282     258     0.507
98      89      0.507
314     77      0.506
413     271     0.506
264     173     0.506
418     144     0.506
416     271     0.506
203     98      0.505
204     99      0.505
282     227     0.505
40      31      0.505
308     145     0.505
281     267     0.505
203     33      0.505
349     209     0.505
340     39      0.505
317     270     0.505
348     309     0.505
382     294     0.504
339     264     0.504
315     39      0.504
335     328     0.504
259     248     0.504
271     232     0.504
104     36      0.504
334     180     0.504
334     322     0.504
340     38      0.504
413     268     0.504
314     180     0.504
98      40      0.504
259     221     0.503
341     312     0.503
414     88      0.503
374     180     0.503
315     209     0.503
415     339     0.503
414     34      0.503
374     267     0.503
208     36      0.503
339     38      0.502
322     279     0.502
275     267     0.502
355     271     0.502
469     267     0.502
267     181     0.502
308     88      0.501
415     268     0.501
384     264     0.501