Prediction Made with CORNET:
a Neural Network based method trained using Correlated Mutations,
Sequence Conservation, Predicted Secondary structure of Proteins and
Evolutionary Information.
Authors Fariselli Piero, Olmea Osvaldo, Valencia Alfonso, Rita Casadio.
This method is an extension of the two following methods

Olmea O. and Valencia A. (1997) Fold. Des. 2: S25-32.

Fariselli P and Casadio R. (1999) Prot. Engng 12:15-21

#================================================================#

PREDICTION

Couple          Reliability
i       j
375     226     0.857
272     89      0.852
378     212     0.840
216     105     0.838
105     93      0.837
372     226     0.835
378     215     0.832
226     193     0.832
296     275     0.831
375     212     0.831
93      40      0.827
372     217     0.816
276     217     0.816
217     106     0.815
217     6       0.814
93      38      0.813
93      6       0.812
106     6       0.811
40      6       0.809
296     89      0.808
217     93      0.806
108     93      0.804
373     3       0.803
372     215     0.802
106     93      0.802
216     93      0.798
216     12      0.798
106     12      0.798
296     272     0.798
216     106     0.797
226     53      0.797
217     12      0.795
378     234     0.795
372     139     0.794
108     100     0.792
211     93      0.792
373     226     0.791
372     3       0.790
320     226     0.789
375     220     0.788
375     276     0.788
375     3       0.787
93      12      0.787
106     3       0.787
376     226     0.787
217     108     0.786
105     40      0.786
216     38      0.785
226     89      0.785
38      6       0.785
216     40      0.784
377     215     0.782
217     40      0.781
108     91      0.781
216     6       0.781
108     40      0.779
373     106     0.779
217     94      0.778
296     276     0.776
276     6       0.776
91      38      0.776
373     216     0.775
105     12      0.774
296     228     0.774
378     272     0.772
216     91      0.771
377     234     0.771
108     38      0.770
39      12      0.770
217     3       0.770
215     92      0.770
276     226     0.769
373     2       0.769
217     38      0.768
373     12      0.768
378     296     0.767
376     93      0.767
215     6       0.767
105     94      0.766
377     212     0.766
373     217     0.765
215     90      0.764
215     104     0.764
215     93      0.764
105     3       0.762
372     108     0.762
106     13      0.762
216     3       0.761
276     38      0.760
105     38      0.760
226     183     0.760
375     94      0.758
106     40      0.757
276     220     0.757
223     150     0.757
106     91      0.757
12      3       0.757
216     108     0.756
372     276     0.755
375     5       0.755
372     12      0.755
372     106     0.755
215     38      0.755
372     272     0.754
296     273     0.752
106     38      0.752
378     88      0.752
376     276     0.751
372     212     0.751
215     94      0.751
215     5       0.750
376     53      0.749
108     3       0.748
216     100     0.747
39      6       0.747
222     212     0.747
272     213     0.747
276     93      0.747
375     6       0.747
226     139     0.746
39      2       0.746
40      12      0.745
276     216     0.744
372     105     0.744
216     90      0.744
38      12      0.743
375     214     0.743
212     104     0.742
217     13      0.742
373     220     0.741
105     6       0.741
217     105     0.740
378     310     0.740
211     105     0.740
378     214     0.739
212     93      0.739
372     220     0.739
215     88      0.739
38      3       0.738
375     106     0.738
216     5       0.738
107     39      0.737
376     40      0.737
373     108     0.737
215     89      0.737
215     39      0.736
93      13      0.736
375     215     0.736
214     90      0.736
276     142     0.735
373     212     0.735
105     91      0.735
217     92      0.735
216     39      0.735
375     216     0.735
100     40      0.734
39      13      0.733
276     13      0.733
376     38      0.733
107     2       0.733
378     226     0.733
373     39      0.732
371     212     0.732
215     13      0.732
218     2       0.732
40      3       0.731
376     212     0.731
217     5       0.730
215     12      0.730
377     105     0.729
106     94      0.729
296     223     0.729
92      13      0.728
132     53      0.728
216     2       0.728
223     193     0.728
373     215     0.728
105     90      0.727
215     37      0.727
276     40      0.727
217     39      0.727
211     91      0.727
216     13      0.726
372     53      0.726
100     89      0.726
374     212     0.726
272     142     0.726
217     89      0.726
373     13      0.726
276     213     0.725
215     11      0.725
276     232     0.725
211     106     0.724
91      40      0.724
213     93      0.724
296     232     0.723
375     105     0.723
223     140     0.722
272     234     0.722
39      3       0.722
378     276     0.722
110     90      0.721
91      12      0.721
297     139     0.721
373     105     0.720
92      2       0.720
108     6       0.720
220     105     0.720
376     106     0.719
372     93      0.719
216     92      0.719
375     211     0.718
100     91      0.718
372     132     0.718
296     220     0.718
213     105     0.717
238     229     0.717
212     90      0.716
92      12      0.716
372     211     0.716
94      13      0.716
272     212     0.716
212     94      0.716
375     40      0.716
214     88      0.715
373     93      0.715
12      5       0.715
276     193     0.714
40      5       0.714
212     14      0.713
215     40      0.712
296     88      0.712
374     4       0.712
93      39      0.711
94      40      0.711
226     192     0.711
91      6       0.711
111     100     0.711
372     214     0.711
226     142     0.711
109     2       0.710
218     90      0.710
223     142     0.710
211     38      0.709
212     89      0.709
212     107     0.708
94      38      0.708
13      6       0.708
215     105     0.708
218     39      0.708
276     12      0.708
378     17      0.708
212     39      0.708
320     139     0.707
279     100     0.707
375     93      0.706
372     216     0.706
106     89      0.706
40      13      0.706
373     214     0.705
373     40      0.705
378     275     0.705
220     89      0.705
276     212     0.705
279     213     0.705
211     12      0.704
277     89      0.704
276     89      0.703
39      5       0.703
94      12      0.703
106     4       0.702
213     106     0.702
215     7       0.702
372     71      0.701
372     232     0.701
213     91      0.701
106     5       0.700
378     90      0.700
38      13      0.700
106     39      0.699
107     7       0.699
279     89      0.699
226     132     0.698
272     226     0.698
108     94      0.698
278     212     0.697
213     40      0.697
100     38      0.697
375     90      0.697
217     4       0.697
279     220     0.696
217     91      0.696
373     192     0.696
223     162     0.696
13      5       0.695
218     107     0.695
375     141     0.695
215     41      0.695
39      4       0.695
374     215     0.695
372     40      0.695
276     94      0.694
276     218     0.694
215     107     0.693
215     106     0.693
93      3       0.693
226     93      0.693
276     192     0.692
376     211     0.692
346     46      0.692
105     92      0.692
105     13      0.692
39      7       0.692
373     91      0.691
219     89      0.691
272     219     0.691
275     212     0.690
272     139     0.690
229     142     0.690
226     106     0.690
198     93      0.690
375     139     0.690
139     53      0.690
108     12      0.690
373     38      0.690
372     6       0.690
378     280     0.689
374     2       0.689
320     53      0.689
217     100     0.689
217     11      0.689
220     212     0.689
12      2       0.689
377     272     0.689
213     12      0.689
375     91      0.688
273     89      0.688
273     220     0.688
92      38      0.688
211     108     0.687
218     41      0.687
232     193     0.687
346     226     0.687
279     226     0.687
216     94      0.687
215     14      0.687
108     13      0.687
275     220     0.687
215     91      0.687
107     4       0.686
281     89      0.686
212     92      0.686
273     213     0.686
216     7       0.686
107     92      0.686
276     211     0.685
375     234     0.685
373     276     0.684
38      4       0.684
226     194     0.684
238     89      0.684
272     228     0.683
226     86      0.682
275     89      0.682
370     272     0.682
320     220     0.682
211     13      0.682
372     38      0.682
276     106     0.682
232     89      0.681
39      11      0.681
378     141     0.681
373     6       0.681
377     276     0.681
214     94      0.681
296     279     0.681
213     38      0.681
211     100     0.681
216     11      0.679
272     211     0.679
281     229     0.679
375     12      0.679
212     168     0.679
212     6       0.679
276     219     0.679
214     9       0.678
38      5       0.677
372     91      0.677
372     13      0.677
372     46      0.676
215     109     0.676
238     86      0.676
212     38      0.676
217     193     0.676
276     105     0.676
376     105     0.675
217     109     0.675
212     40      0.674
215     194     0.674
272     220     0.674
373     211     0.674
272     232     0.674
215     101     0.674
14      6       0.673
211     90      0.673
213     13      0.673
373     139     0.673
273     212     0.673
375     217     0.673
229     217     0.672
296     229     0.672
91      39      0.672
105     89      0.671
226     105     0.671
215     3       0.671
212     108     0.670
223     86      0.670
90      13      0.670
226     213     0.669
104     90      0.669
226     40      0.669
211     89      0.668
218     94      0.668
100     93      0.668
232     139     0.668
226     217     0.668
276     214     0.668
211     139     0.668
91      13      0.668
93      7       0.667
100     86      0.667
409     139     0.666
218     109     0.666
105     53      0.666
142     46      0.666
290     226     0.665
219     104     0.665
220     93      0.665
314     53      0.665
226     173     0.665
375     39      0.664
115     89      0.663
13      3       0.663
93      5       0.663
92      5       0.663
272     144     0.663
273     217     0.663
214     100     0.663
376     296     0.663
94      5       0.663
275     105     0.662
212     91      0.662
109     39      0.662
375     233     0.661
211     40      0.661
229     139     0.661
11      2       0.660
376     71      0.660
94      14      0.660
272     105     0.660
276     90      0.659
378     105     0.659
218     92      0.659
94      37      0.659
374     234     0.659
14      2       0.659
218     93      0.659
12      4       0.658
220     108     0.658
215     2       0.658
223     194     0.658
219     211     0.657
212     13      0.657
376     3       0.657
273     232     0.657
192     53      0.656
226     46      0.656
273     100     0.656
212     105     0.656
377     141     0.656
109     3       0.656
107     3       0.655
276     108     0.655
273     142     0.655
101     90      0.655
213     100     0.655
215     4       0.654
107     12      0.654
275     219     0.654
232     224     0.654
218     12      0.653
272     210     0.653
296     213     0.653
114     100     0.653
108     39      0.653
335     53      0.653
281     86      0.653
212     106     0.653
219     40      0.653
86      46      0.653
296     246     0.652
373     37      0.652
105     39      0.652
232     211     0.652
220     40      0.652
276     215     0.652
105     5       0.652
92      37      0.652
216     4       0.651
94      6       0.651
89      40      0.651
94      39      0.651
372     213     0.650
212     12      0.649
372     39      0.649
229     89      0.649
380     212     0.649
95      24      0.648
212     88      0.648
214     13      0.648
220     213     0.648
107     94      0.648
373     141     0.647
314     272     0.647
215     166     0.647
215     108     0.647
223     100     0.647
212     197     0.647
375     14      0.647
92      39      0.647
281     226     0.646
106     92      0.646
276     88      0.645
320     142     0.645
212     110     0.645
372     142     0.645
275     215     0.645
373     14      0.645
217     142     0.645
220     211     0.645
216     165     0.644
376     108     0.644
275     213     0.644
377     226     0.644
272     223     0.644
212     37      0.643
216     111     0.643
377     275     0.643
218     11      0.643
11      3       0.642
212     11      0.642
276     227     0.642
346     296     0.642
276     224     0.642
93      71      0.642
229     193     0.641
215     56      0.641
90      38      0.641
218     37      0.641
372     100     0.640
314     139     0.640
226     30      0.640
276     91      0.640
291     222     0.640
229     86      0.639
107     5       0.639
346     287     0.639
335     226     0.639
216     173     0.639
277     211     0.639
373     11      0.639
218     106     0.638
213     108     0.638
275     218     0.638
373     94      0.638
276     183     0.638
296     271     0.638
376     214     0.638
92      40      0.638
218     5       0.637
215     8       0.637
214     89      0.637
94      3       0.637
371     215     0.636
273     214     0.636
217     7       0.636
232     86      0.636
232     53      0.635
376     89      0.635
91      5       0.635
218     6       0.635
376     220     0.635
226     137     0.634
214     41      0.634
106     11      0.634
39      14      0.634
215     193     0.634
277     6       0.634
37      11      0.633
219     100     0.633
219     93      0.633
105     4       0.633
279     229     0.633
378     271     0.633
372     89      0.633
272     229     0.632
281     272     0.632
189     139     0.632
217     90      0.632
375     2       0.631
111     93      0.631
376     100     0.631
108     5       0.631
215     110     0.631
273     224     0.631
276     139     0.631
296     287     0.631
219     38      0.630
296     278     0.630
214     93      0.630
272     100     0.630
217     14      0.630
218     104     0.630
229     213     0.630
91      3       0.629
276     100     0.629
317     272     0.629
378     56      0.629
132     30      0.629
229     100     0.629
276     248     0.629
377     3       0.629
218     105     0.629
213     89      0.629
272     236     0.629
272     227     0.629
132     89      0.629
238     100     0.629
219     94      0.629
102     89      0.629
377     280     0.628
290     139     0.628
94      2       0.628
226     100     0.628
238     183     0.628
100     12      0.628
223     53      0.628
279     211     0.627
40      14      0.627
376     88      0.627
106     95      0.627
103     89      0.627
377     90      0.627
210     89      0.627
276     210     0.627
277     216     0.627
220     100     0.627
223     192     0.627
296     226     0.626
372     330     0.626
214     12      0.626
346     88      0.626
276     3       0.626
276     92      0.626
234     24      0.625
93      14      0.625
213     94      0.625
223     180     0.625
370     222     0.625
378     104     0.625
238     137     0.625
106     7       0.625
379     214     0.625
375     310     0.625
210     12      0.624
40      4       0.624
373     272     0.624
92      3       0.624
214     105     0.624
346     139     0.624
226     140     0.623
111     89      0.623
276     7       0.623
279     57      0.623
375     218     0.623
142     89      0.623
378     92      0.623
223     93      0.623
218     7       0.623
223     89      0.623
215     168     0.622
37      14      0.622
226     199     0.622
280     88      0.622
13      2       0.622
272     193     0.622
229     183     0.621
217     107     0.621
378     38      0.621
375     13      0.621
286     272     0.621
216     88      0.621
276     111     0.621
226     196     0.621
38      14      0.620
376     217     0.620
93      86      0.620
376     12      0.620
226     54      0.620
216     192     0.620
372     275     0.620
377     38      0.620
375     192     0.620
218     13      0.620
373     275     0.619
378     222     0.619
234     218     0.619
219     168     0.619
110     7       0.619
108     89      0.619
214     38      0.619
223     143     0.619
226     216     0.618
320     71      0.618
376     6       0.618
226     164     0.618
371     2       0.618
216     142     0.617
100     25      0.617
375     296     0.617
372     150     0.617
381     212     0.617
372     75      0.617
376     277     0.617
272     88      0.616
372     277     0.616
210     38      0.616
377     88      0.616
372     229     0.616
376     223     0.616
274     219     0.616
226     215     0.616
219     12      0.616
376     215     0.616
105     14      0.615
346     272     0.615
218     14      0.615
91      11      0.615
226     211     0.614
223     183     0.614
375     11      0.614
273     40      0.614
214     92      0.614
375     164     0.614
108     90      0.613
367     272     0.613
377     2       0.613
297     71      0.613
101     37      0.613
100     46      0.613
279     86      0.613
90      2       0.613
372     311     0.613
373     100     0.612
279     142     0.612
277     213     0.612
189     142     0.612
276     229     0.612
223     189     0.612
104     88      0.611
279     217     0.611
238     226     0.611
216     107     0.611
292     266     0.611
272     12      0.610
93      53      0.610
53      38      0.610
372     346     0.610
100     13      0.610
377     214     0.609
277     93      0.609
375     132     0.609
375     7       0.609
377     56      0.609
271     140     0.609
219     6       0.609
41      2       0.609
211     6       0.609
297     226     0.609
215     99      0.609
375     229     0.609
110     37      0.609
372     14      0.608
90      37      0.608
215     10      0.608
276     14      0.608
296     286     0.608
93      41      0.608
274     211     0.608
232     93      0.608
273     90      0.607
229     220     0.607
377     107     0.607
375     100     0.607
144     89      0.607
371     88      0.607
218     88      0.607
281     223     0.606
374     106     0.606
287     272     0.606
281     232     0.606
91      14      0.606
375     107     0.606
378     13      0.606
375     71      0.606
373     234     0.606
226     71      0.606
216     37      0.606
215     100     0.606
320     132     0.605
236     89      0.605
13      4       0.605
92      4       0.605
373     107     0.605
40      7       0.605
212     24      0.605
281     46      0.605
109     92      0.605
92      11      0.604
273     211     0.604
14      3       0.604
378     223     0.604
110     2       0.604
105     7       0.604
276     5       0.603
211     192     0.603