Prediction Made with CORNET:
a Neural Network based method trained using Correlated Mutations,
Sequence Conservation, Predicted Secondary structure of Proteins and
Evolutionary Information.
Authors Fariselli Piero, Olmea Osvaldo, Valencia Alfonso, Rita Casadio.
This method is an extension of the two following methods

Olmea O. and Valencia A. (1997) Fold. Des. 2: S25-32.

Fariselli P and Casadio R. (1999) Prot. Engng 12:15-21

#================================================================#

PREDICTION

Couple          Reliability
i       j
433     380     0.923
277     228     0.907
431     228     0.900
433     233     0.899
433     107     0.896
433     327     0.893
433     228     0.891
411     233     0.889
429     383     0.879
433     252     0.879
277     190     0.875
429     228     0.874
433     87      0.869
432     46      0.866
411     228     0.864
433     384     0.864
428     277     0.860
428     88      0.860
383     40      0.858
431     45      0.855
106     90      0.854
433     47      0.854
383     228     0.853
383     88      0.850
233     45      0.850
433     277     0.847
383     299     0.844
432     383     0.842
428     330     0.841
440     380     0.841
428     48      0.841
428     228     0.840
433     235     0.838
432     353     0.838
430     46      0.838
88      48      0.837
383     277     0.837
411     277     0.837
265     233     0.836
327     233     0.835
411     265     0.833
431     287     0.831
298     233     0.830
383     233     0.827
228     45      0.826
87      47      0.825
411     252     0.824
109     89      0.824
228     190     0.824
277     265     0.823
269     228     0.823
433     340     0.822
298     228     0.822
383     48      0.821
383     231     0.820
88      45      0.820
262     233     0.819
446     173     0.818
228     48      0.818
436     327     0.817
433     201     0.817
428     168     0.816
411     327     0.815
429     277     0.815
433     48      0.814
411     380     0.814
428     89      0.813
233     47      0.813
432     307     0.813
298     47      0.810
87      46      0.810
269     88      0.809
433     88      0.809
428     160     0.808
277     231     0.808
298     277     0.806
440     330     0.806
390     277     0.805
277     261     0.805
443     233     0.805
390     233     0.804
433     316     0.803
432     193     0.802
87      45      0.802
443     277     0.801
87      48      0.801
383     173     0.799
423     233     0.799
429     47      0.799
299     88      0.799
173     56      0.798
231     82      0.798
431     330     0.797
353     46      0.796
428     235     0.795
228     82      0.795
88      46      0.794
397     228     0.794
428     233     0.794
433     265     0.793
411     235     0.792
383     126     0.791
428     107     0.791
277     233     0.790
433     45      0.789
444     339     0.789
89      9       0.789
429     353     0.788
430     353     0.788
383     129     0.788
383     330     0.787
433     383     0.787
429     193     0.786
228     47      0.785
88      43      0.785
383     298     0.784
327     277     0.783
56      40      0.783
106     88      0.783
268     233     0.783
404     56      0.783
298     88      0.782
383     340     0.782
231     90      0.781
277     48      0.781
228     110     0.780
428     384     0.779
436     228     0.779
231     8       0.779
383     265     0.779
428     380     0.778
109     88      0.778
383     269     0.778
383     46      0.778
440     190     0.777
298     265     0.777
383     97      0.776
265     48      0.776
436     233     0.776
383     190     0.775
429     233     0.775
277     227     0.775
428     193     0.775
277     110     0.775
428     173     0.775
412     265     0.774
431     231     0.774
397     173     0.774
90      47      0.774
444     101     0.773
383     87      0.773
435     48      0.773
296     233     0.773
193     88      0.773
440     284     0.771
106     87      0.771
390     298     0.771
269     233     0.771
431     47      0.771
235     101     0.771
411     345     0.770
411     397     0.770
403     190     0.769
383     62      0.769
430     89      0.769
173     58      0.769
277     72      0.769
397     233     0.768
357     88      0.768
432     88      0.768
268     48      0.768
435     228     0.767
265     228     0.767
411     231     0.767
269     48      0.766
265     235     0.766
444     249     0.766
357     87      0.766
433     287     0.765
228     183     0.765
428     97      0.765
440     233     0.764
428     284     0.764
435     88      0.764
433     357     0.764
86      9       0.764
363     56      0.764
365     269     0.763
409     265     0.763
427     198     0.763
56      42      0.763
351     46      0.762
397     284     0.762
228     201     0.762
158     56      0.761
428     102     0.760
383     268     0.760
351     228     0.760
423     383     0.759
327     228     0.759
265     89      0.758
443     190     0.758
353     88      0.758
277     87      0.758
411     338     0.757
88      47      0.757
444     233     0.757
432     198     0.757
440     265     0.756
435     277     0.756
117     7       0.756
269     47      0.756
265     231     0.755
101     73      0.755
431     48      0.755
352     88      0.755
432     44      0.755
428     383     0.754
357     233     0.754
383     130     0.754
435     235     0.754
443     265     0.754
268     46      0.753
431     88      0.753
427     231     0.753
428     345     0.752
90      45      0.751
443     327     0.751
262     228     0.750
201     88      0.750
201     45      0.750
233     101     0.750
427     87      0.750
363     7       0.750
190     49      0.750
200     87      0.750
228     101     0.750
428     87      0.749
107     48      0.748
428     299     0.748
431     265     0.748
383     284     0.748
433     269     0.748
430     44      0.747
428     327     0.746
380     228     0.746
433     423     0.746
431     249     0.746
345     233     0.745
443     228     0.745
228     72      0.745
277     43      0.744
48      21      0.744
278     228     0.744
431     277     0.743
443     284     0.743
443     298     0.743
423     284     0.743
431     107     0.742
284     228     0.742
429     45      0.742
384     265     0.742
440     235     0.742
430     383     0.742
432     87      0.741
428     129     0.741
357     228     0.741
345     101     0.741
363     107     0.741
423     380     0.741
231     87      0.741
383     327     0.740
235     193     0.740
436     277     0.740
429     107     0.740
440     397     0.740
322     298     0.739
428     287     0.739
380     277     0.739
428     86      0.739
228     128     0.738
354     45      0.738
228     173     0.738
277     86      0.738
411     87      0.737
326     228     0.737
201     48      0.736
428     298     0.736
440     327     0.736
383     42      0.736
277     47      0.735
429     330     0.735
390     265     0.734
390     228     0.733
404     21      0.733
390     284     0.733
101     84      0.733
444     235     0.733
431     233     0.732
338     228     0.732
428     47      0.731
433     190     0.731
428     59      0.731
428     261     0.730
233     173     0.730
265     86      0.729
228     13      0.729
383     249     0.729
106     86      0.729
411     84      0.728
431     190     0.728
427     23      0.728
430     193     0.727
350     265     0.727
444     284     0.727
433     249     0.726
58      42      0.726
351     87      0.725
436     380     0.725
353     193     0.725
433     284     0.724
299     228     0.724
405     228     0.724
350     228     0.724
277     9       0.724
433     267     0.724
235     86      0.723
429     380     0.723
231     190     0.723
307     231     0.722
345     269     0.722
432     277     0.721
354     47      0.721
190     107     0.721
397     190     0.721
428     343     0.721
427     357     0.720
277     107     0.720
351     88      0.720
107     45      0.720
433     46      0.720
431     168     0.720
322     235     0.719
228     21      0.719
263     87      0.719
434     87      0.719
436     423     0.719
277     88      0.718
352     87      0.718
383     235     0.718
259     173     0.718
269     235     0.717
433     89      0.717
228     73      0.716
42      7       0.716
89      46      0.716
384     277     0.716
231     46      0.716
397     249     0.716
417     233     0.716
397     21      0.715
404     235     0.715
89      44      0.715
412     303     0.715
275     87      0.715
433     330     0.715
277     269     0.714
430     198     0.714
428     338     0.714
322     233     0.714
444     228     0.714
268     44      0.714
277     90      0.713
351     298     0.713
429     299     0.713
433     397     0.713
411     298     0.713
423     228     0.713
380     345     0.713
351     277     0.713
428     9       0.713
436     284     0.712
444     423     0.712
436     249     0.712
106     47      0.712
268     228     0.711
423     397     0.711
383     271     0.711
235     168     0.711
431     343     0.711
363     269     0.710
430     307     0.710
235     228     0.710
228     193     0.710
433     15      0.710
428     265     0.710
380     265     0.709
429     265     0.709
233     110     0.709
427     190     0.708
404     269     0.708
444     299     0.708
444     343     0.708
298     269     0.708
434     303     0.708
433     298     0.708
433     345     0.708
383     160     0.707
327     299     0.707
298     200     0.707
446     423     0.707
383     193     0.707
397     9       0.707
117     24      0.707
330     233     0.707
428     46      0.707
427     268     0.707
435     265     0.707
268     87      0.706
433     338     0.706
277     160     0.706
444     345     0.706
427     24      0.705
357     277     0.705
110     87      0.704
235     194     0.704
428     201     0.704
277     252     0.704
71      40      0.703
298     268     0.703
428     252     0.703
228     204     0.703
411     322     0.703
380     284     0.703
429     48      0.703
433     231     0.702
397     330     0.702
424     8       0.702
233     86      0.702
193     173     0.702
265     9       0.702
87      10      0.702
298     45      0.702
397     265     0.701
132     101     0.701
405     265     0.701
428     21      0.700
269     46      0.700
47      10      0.700
231     47      0.700
380     173     0.700
423     88      0.700
397     366     0.700
322     228     0.699
87      43      0.698
351     200     0.698
360     265     0.698
345     78      0.698
429     173     0.698
284     235     0.697
87      44      0.697
384     228     0.697
228     194     0.697
366     233     0.697
357     46      0.697
58      40      0.697
363     200     0.697
423     90      0.697
227     49      0.697
357     49      0.696
444     277     0.696
428     106     0.696
115     101     0.696
267     45      0.696
394     88      0.696
443     322     0.695
438     380     0.695
262     44      0.695
306     47      0.695
400     298     0.695
446     249     0.695
432     89      0.695
436     252     0.695
277     73      0.695
190     87      0.695
383     43      0.695
277     193     0.694
228     50      0.694
430     355     0.694
127     58      0.694
428     227     0.694
350     233     0.693
443     338     0.693
117     56      0.693
397     86      0.693
383     102     0.693
353     107     0.693
299     193     0.693
380     298     0.693
433     86      0.693
173     101     0.692
327     110     0.692
432     231     0.692
277     101     0.692
443     84      0.692
397     269     0.692
431     340     0.692
428     190     0.692
424     307     0.692
322     84      0.691
275     201     0.691
201     106     0.691
429     190     0.691
296     277     0.691
352     46      0.691
109     46      0.691
204     107     0.691
284     265     0.691
228     56      0.690
228     88      0.690
267     87      0.690
432     227     0.690
228     123     0.690
257     101     0.690
434     231     0.690
383     128     0.690
423     343     0.690
326     265     0.690
278     265     0.689
433     343     0.689
429     384     0.689
228     42      0.689
233     190     0.689
351     269     0.688
405     231     0.688
436     383     0.688
233     10      0.688
428     366     0.688
404     380     0.688
423     262     0.688
444     327     0.688
438     233     0.688
417     298     0.687
436     87      0.687
277     106     0.687
327     193     0.687
298     48      0.687
383     201     0.687
423     400     0.687
106     9       0.687
390     296     0.686
269     201     0.686
277     10      0.686
277     115     0.686
277     259     0.686
429     352     0.685
233     13      0.685
428     268     0.685
345     284     0.685
433     352     0.685
443     235     0.685
428     44      0.685
338     277     0.685
231     45      0.685
352     45      0.684
423     86      0.684
269     87      0.684
277     7       0.684
404     173     0.684
431     380     0.684
338     233     0.684
390     87      0.684
432     299     0.683
413     261     0.683
423     405     0.683
436     107     0.683
380     235     0.683
428     43      0.683
357     268     0.682
436     343     0.682
228     107     0.682
442     235     0.682
228     125     0.682
231     124     0.682
383     44      0.682
446     271     0.682
233     72      0.682
440     228     0.681
298     284     0.681
428     340     0.681
43      7       0.681
436     298     0.681
383     366     0.681
90      21      0.681
444     127     0.681
380     190     0.681
435     327     0.680
284     173     0.680
201     47      0.680
265     88      0.680
383     86      0.680
383     82      0.680
390     327     0.680
330     127     0.680
386     48      0.680
49      23      0.680
435     86      0.680
423     183     0.680
106     10      0.679
429     284     0.679
423     327     0.679
431     423     0.679
299     277     0.679
325     233     0.679
436     339     0.679
42      21      0.679
351     106     0.679
228     39      0.679
433     90      0.679
200     88      0.678
330     58      0.678
435     107     0.678
427     265     0.678
110     44      0.678
363     277     0.678
417     277     0.678
201     110     0.677
434     90      0.677
45      21      0.677
366     228     0.676
431     354     0.676
231     48      0.676
432     107     0.676
444     322     0.675
357     44      0.675
365     228     0.675
268     45      0.675
397     194     0.674
434     383     0.674
436     101     0.674
386     46      0.674
271     228     0.674
446     265     0.674
397     231     0.674
431     384     0.674
431     9       0.674
446     345     0.673
353     48      0.673
299     269     0.673
404     345     0.673
230     45      0.672
351     48      0.672
433     386     0.672
44      9       0.672
87      9       0.672
233     106     0.672
443     101     0.672
200     46      0.671
201     10      0.671
111     89      0.671
427     16      0.671
433     296     0.671
433     23      0.671
436     56      0.671
434     88      0.670
383     218     0.670
428     269     0.670
404     277     0.670
204     45      0.670
433     322     0.669
429     88      0.669
434     265     0.669
298     235     0.669
115     40      0.669
423     23      0.669
383     23      0.668
86      48      0.668
192     90      0.668
427     102     0.668
277     123     0.668
417     400     0.668
402     23      0.667
296     228     0.667
327     284     0.667
277     46      0.667
423     194     0.666
431     201     0.666
262     87      0.666
235     111     0.666
350     87      0.666
262     86      0.666
446     343     0.666
433     21      0.666
390     235     0.666
439     190     0.666
275     235     0.666
427     227     0.665
433     168     0.665
200     48      0.665
383     73      0.665
383     59      0.665
47      40      0.665
107     88      0.665
307     88      0.664
233     48      0.664
425     231     0.664
397     204     0.664
443     345     0.664
423     190     0.664
262     106     0.664
444     340     0.664
262     47      0.664
390     201     0.664
277     268     0.664
428     267     0.664
231     86      0.664
433     354     0.663
262     235     0.663
435     284     0.663
429     354     0.663
411     168     0.663
437     327     0.663
233     58      0.663
278     110     0.663
192     88      0.663
109     44      0.662
345     81      0.662
397     45      0.662
350     277     0.662
345     73      0.662
403     265     0.662
435     397     0.662
345     287     0.662
431     284     0.662
432     190     0.662
296     107     0.662
299     48      0.662
436     265     0.662
231     15      0.661
427     383     0.661
261     228     0.661
433     106     0.661
411     357     0.661
446     330     0.661
397     384     0.661
433     7       0.661
427     298     0.660
428     109     0.660
228     86      0.660
440     84      0.660
417     194     0.660
327     10      0.660
403     383     0.660
351     201     0.660
397     277     0.660
440     322     0.660
299     90      0.660
363     24      0.660
261     233     0.659
417     397     0.659
267     46      0.659
277     235     0.659
372     277     0.659
400     277     0.659
443     433     0.659
277     250     0.659
350     267     0.659
89      45      0.659
383     127     0.659
327     235     0.658
423     322     0.658
345     322     0.658
432     351     0.658
428     404     0.658
384     298     0.658
397     287     0.658
228     142     0.658
46      9       0.658
443     72      0.658
345     299     0.658
446     115     0.658
397     383     0.657
231     49      0.657
365     277     0.657
397     261     0.657
383     296     0.657
410     261     0.657
441     331     0.657
428     73      0.657
190     39      0.657
357     42      0.657
173     127     0.657
126     58      0.656
365     24      0.656
277     267     0.656
423     298     0.656
190     56      0.656
330     284     0.656
443     380     0.656
441     231     0.656
300     86      0.656
435     299     0.656
428     176     0.655
265     201     0.655
340     56      0.655
440     252     0.655
444     190     0.655
322     101     0.655
433     299     0.655
89      49      0.655
231     107     0.655
428     198     0.654
397     198     0.654
397     48      0.654
388     360     0.654
202     45      0.654
47      9       0.654
435     404     0.654
446     277     0.654
231     204     0.654
350     235     0.654
306     269     0.654
228     15      0.654
228     43      0.654
322     168     0.654
423     265     0.654
435     101     0.653
231     110     0.653
403     228     0.653
190     102     0.653
269     43      0.653
277     125     0.653
412     87      0.653
440     173     0.653
353     47      0.652
228     26      0.652
235     97      0.652
354     107     0.652
390     380     0.652
363     23      0.652
431     271     0.652
46      21      0.652
277     81      0.651
443     168     0.651
86      15      0.651
275     228     0.651
357     48      0.651
326     277     0.651
322     284     0.651
446     251     0.651
109     48      0.651
390     366     0.651
173     125     0.651
227     24      0.651
50      8       0.651
298     90      0.651
19      7       0.651
233     50      0.651
265     173     0.651
90      49      0.650
427     277     0.650
423     277     0.650
423     287     0.650
352     48      0.650
338     72      0.650
446     62      0.650
201     50      0.650
431     193     0.650
444     380     0.650
228     90      0.650
357     190     0.650
431     89      0.650
262     110     0.650
360     303     0.650
278     269     0.650
383     267     0.649
423     357     0.649
428     405     0.649
87      23      0.649
262     45      0.649
228     218     0.649
233     193     0.649
299     87      0.649
277     173     0.649
432     48      0.649
366     284     0.648
411     7       0.648
87      49      0.648
423     193     0.648
302     228     0.648
390     269     0.648
298     87      0.648
298     190     0.648
112     86      0.648
423     101     0.648
112     44      0.648
228     160     0.648
411     47      0.648
88      10      0.647
298     249     0.647